0.35028708720107415
0.9327945843101176
1.333868933920434
1.6588248665206882
1.6900823664876599
1.8724471454629534
2.4241409329595625
2.964247443285891
3.3578313657639427
3.760974154550974
4.2416250762548735
4.298967586584306
4.370729350968227
4.502608970573375
5.400961500406932
5.5567386366916605
5.791280657960101
6.077463143862654
6.56426299388604
6.56426299388604
7.346020300317375
7.954521038008492
8.18105083224608
8.298719291420458
8.542558340392482
8.542558340392482
8.542558340392482
9.101819933919595
9.823882184434813
10.087259000832692
10.498499393106057
10.918727551512664
11.119106323679857
11.559464183335189
12.225398604564685
12.799676696452863
12.904170529839512
13.275154298417748
13.693895758905109
14.237984006910423
14.990499274891398
15.612833122767446
15.99217834761414
16.629869327992214
16.716832652405373
17.432233562002764
17.432233562002764
17.45734157860084
17.840102625348592
18.224315325409947
18.866098755394564
19.037634519302724
19.35251933314334
20.100321771856215
20.100321771856215
20.545605705944176
21.256389653492015
21.465333299514157
22.10096114660736
22.576367894764218
23.131521936527044
23.576152963499172
23.769952137885443
23.970405654644534
24.361975094113447
24.692445143542916
24.692445143542916
25.311141130830617
25.707986489611898
26.257628006517223
26.36873905006975
26.800389648084174
27.32214125572139
27.92019930063632
28.200327639045376
28.403569123264322
29.34448159087966
29.520695895070155
30.0800367795402
30.124966685104443
30.124966685104443
30.55819195206004
30.744847355608652
31.162528771139733
31.162528771139733
31.434816413016474
31.434816413016474
31.5176015155121
31.69484072529391
31.93040859753482
31.968660762393686
32.33509762847785
32.82900484696193
33.229954113241575
33.62948711011657
33.82938824545353
34.37840400892337
34.46700106663916
34.89692333372265
35.355664634759805
35.61815157179088
36.136870428408415
36.470124319890665
37.04453423593587
37.26533563848863
37.730350275779
38.24876527206889
38.957223242713034
39.48513296920907
40.55237040892889
41.12576459692634
41.201406968858485
41.97111932258044
42.45937726293418
42.47733201892633
42.75457248177994
42.81164140255236
43.190434498190136
43.78334077524343
44.32420277296389
44.61597003502673
45.25644134626055
45.634387916180394
45.993635198013344
46.05090991977555
46.23076716551243
46.582033508537364
46.90713307790531
46.90713307790531
47.521924211010116
47.68174668294714
47.76021201039649
47.88762250170268
48.41934765795396
48.75056731201551
48.87071195610018
49.08231303628398
49.233077919039935
49.50138221091113
50.16642849468728
50.59805069834917
51.03379365102072
51.79098440304889
51.79098440304889
52.302244720626405
52.652358200808365
52.85461935537076
53.42711721450416
54.05417328225195
54.269039866095646
54.57577136852497
55.0961858584851
55.44092823730402
56.00576881352779
56.00576881352779
56.49106173371492
57.29565031835463
57.52797374433328
58.00965752535139
58.67202920797651
58.95992880930583
59.22272907626275
59.63136954724758
59.63136954724758
60.14769455295625
60.59726005756225
61.30957222997158
61.832580362722986
61.832580362722986
61.96284275139539
62.147908094022355
62.220895217012355
62.424293111158875
62.823879179107614
62.823879179107614
62.823879179107614
63.433633328938264
63.836714826599746
63.836714826599746
64.1472733282573
64.47363778047178
64.88099815833561
65.12339180831673
65.52526102709636
65.91395687144795
66.33613443831905
66.33613443831905
66.65363756627525
67.07344421857955
67.51572061369184
67.84070017831196
67.90770008983363
67.90770008983363
67.92143604135755
68.44386414876396
68.63296301607004
68.99247872292275
69.08488273444921
69.16272128592176
69.1651295908747
69.1651295908747
69.1651295908747
69.33443089445701
69.33443089445701
69.66351768023758
69.84488469363316
70.05249229030375
70.05249229030375
70.58394252517871
70.58394252517871
70.90901709312564
70.90901709312564
71.00973489255203
71.07577727887737
71.38108734908788
71.52836226781051
72.03994587246356
72.03994587246356
72.1739135031657
72.46574536776062
72.48964620690512
73.21178390674025
73.6106168447202
73.97536729976265
74.38078579026023
74.82803974116156
74.82803974116156
74.82803974116156
75.22764481748686
75.49794693407384
75.67652355395428
76.04272455814902
76.04272455814902
76.04272455814902
76.25623386620101
76.69203716094692
77.07999387183818
77.67226929747865
77.76394869247164
77.88894623669063
78.07533745261068
78.41319125595788
78.77468988729885
79.17122348683117
79.17122348683117
79.54265904779177
79.81284212194231
80.09833654598589
80.09833654598589
80.09833654598589
80.09833654598589
80.47034342222335
80.47034342222335
80.47034342222335
80.47034342222335
80.78510365526034
80.91881495736375
81.14222359269893
81.14222359269893
81.34237633339893
81.57154514259429
81.57154514259429
81.57154514259429
81.89450656860647
82.13749488608642
82.39504621265125
82.60794988341752
82.60794988341752
83.07493856602783
83.18773225700934
83.35905118573626
83.35905118573626
83.59226271551977
83.63129724533941
83.94295296570832
83.94295296570832
84.39099735828513
84.39099735828513
84.76496789443863
84.93021513470877
85.01623899327464
85.4655143396086
85.4655143396086
85.78420593810893
85.78420593810893
86.07531669295871
86.4187092741532
86.4187092741532
86.56582042689436
86.8566673088152
86.8566673088152
86.86455109479246
87.0455695622161
87.44245502449981
87.82338763067841
87.82338763067841
88.22678891320402
88.8462989482067
89.18574279671522
89.26920240849125
89.37522155278906
89.48523834950542
89.82058930934453
89.88783570696775
89.88783570696775
89.98176415882361
90.35885790016309
90.35885790016309
90.58287173151864
90.86400616778887
91.30159164972419
91.30159164972419
91.64975215223858
91.80460184032277
91.80460184032277
91.80460184032277
91.83694840901848
91.96776755285731
92.26281350026252
92.26281350026252
92.26281350026252
92.39775889057466
92.50776452033988
92.50776452033988
92.69926486960497
92.87112149738216
93.02098106623578
93.02098106623578
93.09593142313271
93.09593142313271
93.09593142313271
93.09593142313271
93.35122517886273
93.48952916962338
93.56606417291451
93.71518646493016
93.71518646493016
93.71518646493016
94.17446080720462
94.30083562971691
94.30083562971691
94.30083562971691
94.35872664783551
94.83854885284494
94.93099776750108
95.13440783790237
95.32861610084943
95.53716776212053
95.53716776212053
95.53716776212053
95.53716776212053
95.53716776212053
95.53716776212053
95.7750699321592
95.95681967709622
95.97697891959675
95.97697891959675
95.97697891959675
95.97697891959675
95.97697891959675
96.24539434052957
96.39926777703275
96.62754874546219
96.77673172773895
96.78513927155626
96.9949823460265
96.9949823460265
97.17626877967051
97.27946908651057
97.27946908651057
97.32796604664401
97.32796604664401
97.32796604664401
97.64759686588879
97.70922000583309
97.7397814324567
97.7397814324567
97.7397814324567
97.7397814324567
97.7397814324567
98.05583487486622
98.05583487486622
98.16333333543015
98.25951337781153
98.52002332354947
98.52002332354947
98.80417864595609
98.9938100065561
98.9938100065561
99.31616069301022
99.31616069301022
99.37900087093396
99.45349898811118
99.45349898811118
99.83278345874194
99.83278345874194
99.83278345874194
100.020488737798
100.020488737798
100.06111841888082
100.34581710387613
100.34581710387613
100.60669487257796
100.86481135574061
101.1046387919608
101.13292652064898
101.15451834083034
101.15451834083034
101.21811127996946
101.21811127996946
101.26823132941958
101.88509635190621
102.41412491223052
102.41412491223052
102.94362279735743
103.1440478084313
103.1440478084313
103.54426867734068
103.68391109537392
103.71191359991776
103.92318135447722
103.92318135447722
103.96012489808739
103.96012489808739
104.06120717883655
104.07693709078342
104.07693709078342
104.07693709078342
104.07693709078342
104.19931983209162
104.21845350011185
104.3328374027251
104.3328374027251
104.75478158618913
104.89426306890186
105.0768676307366
105.54642322858797
105.7194038828157
106.17149006900209
106.27367171929443
106.27367171929443
106.35536369054276
106.35536369054276
106.49044083363798
106.56902981964134
106.70876839069376
107.05763404246237
107.05763404246237
107.43617776371569
107.43617776371569
107.83856044391058
107.8649241725843
107.8649241725843
107.94458442829674
108.09899503541716
108.25867464193394
108.28078031821363
108.58428980316155
108.68093658068562
108.68093658068562
108.99038894232719
108.99038894232719
109.18902644974028
109.2058530006904
109.42116945705659
109.53492142787972
109.75142392669959
109.78126137256186
109.78126137256186
110.2046296284534
110.2046296284534
110.2046296284534
110.2046296284534
110.75284372603035
111.20942618190055
111.20942618190055
111.93002403664333
111.93002403664333
111.93002403664333
111.93002403664333
111.94252939092723
111.94252939092723
111.94252939092723
112.06640844165683
112.13380382687217
112.15253928566105
112.48625329961494
112.48625329961494
112.61550107070651
112.61550107070651
112.94656630863147
113.18618913786916
113.30297398591179
113.36431221340783
113.72173648205752
113.72173648205752
113.72173648205752
113.72173648205752
113.72173648205752
113.72173648205752
113.72173648205752
114.12123736860472
114.14401366431206
114.27919844141985
114.27919844141985
114.50295046320674
114.7958408025282
114.83594516202731
115.11031812466766
115.20049306522807
115.57787389197661
115.57787389197661
115.57787389197661
115.82850704664534
115.82850704664534
115.86117867172479
115.90910120551507
115.97297812566583
115.97297812566583
115.97297812566583
116.21324659964282
116.21324659964282
116.21324659964282
116.21324659964282
116.4959394986843
116.4959394986843
116.74375498825968
116.74375498825968
117.1095644015136
117.2574203109112
117.4348304009638
117.44506865670718
117.59250951436884
117.80834894026277
118.05303938513407
118.28953197718458
118.28953197718458
118.36721554509798
118.55924935399501
118.62300541536887
118.95913283394914
119.0987933958622
119.0987933958622
119.24947977927145
119.24947977927145
119.24947977927145
119.24947977927145
119.24947977927145
119.57910994569099
119.67062550014845
119.67062550014845
119.69364940121724
119.85316005891994
119.85316005891994
119.85316005891994
119.85316005891994
119.97450869885428
120.04383717834246
120.20701213234463
120.20701213234463
120.20701213234463
120.20701213234463
120.3637505104792
120.3637505104792
120.38638347010105
120.38761115886004
120.4160782442788
120.52793942907923
120.58640387328312
120.69539189409114
120.89369063915406
121.20925515508733
121.20925515508733
121.20925515508733
121.36031703033288
121.36031703033288
121.36031703033288
121.60390957785151
121.80653082102063
121.89726852938423
122.1254232886336
122.26624867664997
122.37965712558909
122.44781872525536
122.44781872525536
122.44781872525536
122.44781872525536
122.52101935643375
122.52101935643375
122.52101935643375
122.58134177195635
122.58134177195635
122.58134177195635
122.83898381708387
122.96047461226613
123.13946444751154
123.30192811567389
123.3471002217543
123.3471002217543
123.3471002217543
123.467447439578
123.47104157010335
123.51551908894307
123.60428694740452
123.83606508772476
124.18031036569685
124.19312395309659
124.19312395309659
124.19312395309659
124.33866133009984
124.33866133009984
124.33866133009984
124.45949407133067
124.45949407133067
124.4596625026784
124.4596625026784
124.4596625026784
124.4596625026784
124.4596625026784
124.4596625026784
124.47772344493862
124.47772344493862
124.47772344493862
124.47772344493862
124.47772344493862
124.4827022845245
124.4827022845245
124.4827022845245
124.62939070814309
124.89379465610901
125.01245721868702
125.0566046828008
125.27686474869404
125.27686474869404
125.34099524599864
125.40503797718677
125.60154739943677
125.60154739943677
125.85865477980303
126.09979236619398
126.19597188133541
126.29809560152687
126.29809560152687
126.38655937134244
126.53821520242901
126.53821520242901
126.53821520242901
126.6838011465055
126.79611153561555
127.35602222485706
127.44648783598389
127.45718120069616
127.57993307715024
127.6216829247636
127.85649512213966
127.87014566447685
127.96565618920347
127.96565618920347
128.21345075834253
128.21345075834253
128.21345075834253
128.21345075834253
128.21345075834253
128.3858838094493
128.3858838094493
128.3858838094493
128.4977107789604
128.66968906279095
128.70824440989904
129.14045359385983
129.14045359385983
129.14045359385983
129.14045359385983
129.14045359385983
129.14045359385983
129.14045359385983
129.14045359385983
129.14045359385983
129.14045359385983
129.26132910580498
129.26132910580498
129.41835965893245
129.47048686764282
129.71673857519187
129.7327175369748
129.7327175369748
129.7327175369748
129.7540590662874
129.7540590662874
129.8084383588309
129.8084383588309
129.8084383588309
129.8084383588309
129.8084383588309
129.8623395783824
129.8623395783824
129.97812517909176
130.31364540615277
130.31364540615277
130.34689838392305
130.51745924241635
130.9231285176145
131.14167943014056
131.14167943014056
131.14167943014056
131.14167943014056
131.14801755729192
131.2669100963405
131.28421833530078
131.5634141367216
131.8531259029105
131.8531259029105
132.07699830746176
132.3339162489114
132.4283001168073
132.63080969272886
132.6659301475178
132.74616556154268
132.8942352598232
132.90712790212697
133.0145224049418
133.44490706894402
133.57544064449877
133.57544064449877
133.57544064449877
133.69252023978856
133.69252023978856
133.69252023978856
133.69252023978856
133.96020446026083
133.96020446026083
134.09790392316032
134.30333138641376
134.33500549814923
134.41629171053017
134.41629171053017
134.4303029044856
134.59541226040346
134.74159641246638
134.74159641246638
134.8033007763585
134.8033007763585
134.8033007763585
134.9789938062651
134.9811212432886
134.9811212432886
134.9811212432886
134.9811212432886
135.14033881602364
135.14033881602364
135.14033881602364
135.33202979817753
135.33202979817753
135.3444412267173
135.3444412267173
135.59830418371408
135.59830418371408
135.61674200426853
135.65838503016883
135.74153084566538
135.85477711779794
136.19783862242838
136.2188393634243
136.2188393634243
136.34091401121393
136.34091401121393
136.34091401121393
136.34091401121393
136.46968280691675
136.67068652732843
136.67068652732843
136.67068652732843
136.71349923646443
136.71349923646443
136.71349923646443
136.7697511780635
136.95119832342772
136.95119832342772
136.95119832342772
136.95119832342772
137.16135278849788
137.16135278849788
137.260123294638
137.44840872345955
137.63135040733948
137.63135040733948
137.63135040733948
137.64901594800202
137.64901594800202
137.64901594800202
137.64901594800202
137.76929774630622
137.76929774630622
137.8172200344945
137.8172200344945
137.9354186132028
137.9354186132028
137.9354186132028
138.0594254469328
138.0594254469328
138.0594254469328
138.0594254469328
138.0594254469328
138.0594254469328
138.0594254469328
138.0594254469328
138.0594254469328
138.0594254469328
138.06332847361404
138.06332847361404
138.06332847361404
138.27530648378658
138.27530648378658
138.27530648378658
138.4281961719505
138.4281961719505
138.4281961719505
138.4281961719505
138.66046996373544
138.8516687248601
138.8516687248601
138.8516687248601
138.8516687248601
138.8516687248601
138.8516687248601
138.8516687248601
138.93276833543058
138.93276833543058
139.13148952954907
139.13148952954907
139.21085865210156
139.21085865210156
139.23472588259548
139.26949049742808
139.26949049742808
139.26949049742808
139.29133336328644
139.29133336328644
139.49570941168597
139.49570941168597
139.66311231509002
139.92663360710935
139.92663360710935
139.92663360710935
139.92663360710935
139.92663360710935
139.92663360710935
140.37904938232276
140.37904938232276
140.37904938232276
140.48257276556686
140.48257276556686
140.48257276556686
140.48257276556686
140.55366456657453
140.55366456657453
140.67910854827306
140.67910854827306
140.67910854827306
140.77193469228132
140.77193469228132
140.77193469228132
140.77193469228132
140.9583633816434
140.96221162314927
140.96221162314927
141.0090293508761
141.0090293508761
141.05187365225808
141.23310979820508
141.23310979820508
141.23310979820508
141.23310979820508
141.23310979820508
141.27820136869028
141.27820136869028
141.27820136869028
141.27820136869028
141.3929204287119
141.3929204287119
141.57776785910718
141.57776785910718
141.57776785910718
141.5960526912705
141.71965559301026
141.7201138292393
141.81631431020097
141.99056399407368
141.99056399407368
142.05756413893002
142.05756413893002
142.05756413893002
142.05756413893002
142.14128882678767
142.31657495301687
142.37251607575308
142.37251607575308
142.55783096419708
142.55783096419708
142.6531752569906
142.65943023506904
142.65943023506904
142.72305214388254
142.72305214388254
142.72305214388254
142.90563000270885
142.90563000270885
143.0775728517783
143.1100900033357
143.2049347260615
143.2049347260615
143.2605169684
143.2868656705342
143.2868656705342
143.2868656705342
143.5988577595727
143.71793347992846
143.7415154834867
143.7415154834867
143.7415154834867
143.9167585108885
143.92923410566485
144.31446471526596
144.31446471526596
144.50097844567475
144.50097844567475
144.72376632974945
144.72376632974945
144.7694035473484
144.9707877112902
145.1944341749525
145.20304465005415
145.21581721745758
145.32206492470385
145.32206492470385
145.32206492470385
145.37318784512436
145.42764882093874
145.42764882093874
145.74091362706082
145.8254972882868
145.9721421322057
146.07846625690837
146.07846625690837
146.07846625690837
146.3678718038218
146.3678718038218
146.43379425161962
146.43379425161962
146.43379425161962
146.43379425161962
146.7014699928506
146.7014699928506
146.7014699928506
146.7014699928506
146.7014699928506
146.7014699928506
146.7014699928506
146.7014699928506
146.71243126497544
147.0076518305168
147.0076518305168
147.0076518305168
147.10178980185734
147.10178980185734
147.10178980185734
147.10178980185734
147.18970898293202
147.18970898293202
147.40721273169723
147.48158260026537
147.48158260026537
147.48158260026537
147.4934720964751
147.66612750197916
147.66612750197916
147.66612750197916
147.83617844533015
147.83617844533015
148.03798408984076
148.29983748705922
148.29983748705922
148.29983748705922
148.31380823027058
148.45901800552198
148.55535345198084
148.55535345198084
148.55535345198084
148.6906722384505
148.6906722384505
148.80456996592463
148.97776946825624
148.97776946825624
149.13617176619465
149.13617176619465
149.13617176619465
149.16140296922268
149.40361534627868
149.53305513314723
149.6403476961243
