0.11290378183092065
0.7717184542186168
1.3608572507136096
1.3608572507136096
1.7072496113373348
1.864319738329663
2.4138830335588004
3.047950546065736
3.181833831529569
3.396761458143909
3.8523582692739473
3.901805958440602
3.901805958440602
3.901805958440602
4.4738240454026625
4.96998558644912
5.426726549904855
5.820911153990538
6.466055547650129
7.160310560987506
7.738884871651451
8.15667265471973
8.563749941302705
8.563749941302705
8.563749941302705
9.228193055772422
9.344794638215852
9.537680322967528
9.86548113127561
10.234623496438171
10.921019841220007
11.589234715979488
11.767022838524333
12.066533279689201
12.37637328637619
13.419771154302493
14.160092337558106
14.903861844011706
15.42906776302479
15.804686056683376
16.523374172462656
17.13054032798832
17.246879033750872
17.69330522761682
18.260826895787794
19.067002327230032
19.474515064969722
20.09457728943095
20.792206721187878
20.792206721187878
21.44016498986731
21.740619352489258
22.27363380755243
22.445689488575145
22.892669635916064
23.293719450196516
23.42331754479077
24.016978224972203
24.276941988546927
24.828814840682664
25.04061846033731
25.56988071847928
25.858363697579524
25.96293609101869
26.660010255279506
27.352055166939515
27.8965956618312
28.236551727410067
28.74873947201547
29.414946056629304
29.71800528657297
30.156476037039415
30.58494528620529
31.049343934058744
31.367228947453135
32.1924947563407
32.634554916077796
33.175811077852
33.3493745984363
33.59476418687373
34.2492780588223
35.0051827311134
35.10614291678227
35.840944674233775
36.677142202875785
37.36217327576905
37.64168902210037
38.09741531650222
38.64280452963996
39.05548300125312
39.26080716982051
39.26080716982051
39.45077624859358
39.562212454128634
39.73360438437329
40.03286629726671
40.03286629726671
40.78971025098329
41.01783025808606
41.2333266684609
41.2333266684609
41.59599030216041
42.043606832491164
42.55177040543437
42.95804826391567
43.97863918755788
44.31995501763301
44.67758985503625
44.67758985503625
44.788930262316505
45.45860534030654
45.87865176375557
46.83733319712335
47.40035329095634
47.7644290488054
48.21434421104144
48.440819454869846
49.001557024474664
49.24492426076919
49.378751644548295
49.378751644548295
49.5506471158456
49.85558735560192
50.018167215818714
50.39551880138642
50.47889853708895
51.01650220189536
51.17524836917484
51.377293520497155
51.744768340863914
52.368551817155506
52.368551817155506
52.752662220510345
52.7637583428452
52.93459268399783
52.971377091679024
53.58743696845891
53.9119871463237
54.06698415882588
54.06698415882588
54.09655399147273
54.483755839693245
54.61715344693772
55.23447615523206
55.618492165814246
55.900274775619174
56.16588815994113
56.31385327608417
56.58320853016531
56.844511110515775
56.844511110515775
57.3076981780216
57.61268681471239
57.82118554697783
57.82118554697783
58.167434495896885
58.45383404421893
58.64341828997256
58.997716024996414
59.14277592419465
59.2597910847999
59.2597910847999
59.42000918390118
59.42000918390118
59.94052738336279
60.46337503600734
60.46337503600734
61.13594076890059
61.13594076890059
61.13594076890059
61.18242780526333
61.18242780526333
61.72512669569398
61.89677498458952
62.06997804898901
62.246848628146516
62.89751215885636
63.03025884894776
63.458573816376514
63.947384593098434
64.50479492502286
64.58692729394043
64.71173300570264
64.97850904592991
65.03630494210474
65.21104386828286
65.44565302556146
65.67913497490741
66.36751027856839
66.7322848445921
67.19738126597647
67.36016080457388
67.36016080457388
67.54423049564359
68.11775528540953
68.11775528540953
68.78050421885727
69.06000437499719
69.16602161638009
69.18282665769267
69.52018192772168
69.79450594594826
69.79450594594826
70.51991725865732
71.20798781262395
71.26219777165586
71.26219777165586
71.53001100794988
71.82705024354503
72.02815740059275
72.24816924932283
72.66203175674501
72.66203175674501
72.66203175674501
72.66203175674501
73.16096583853238
73.32675412905432
73.70349284867659
73.70349284867659
73.70349284867659
73.85336378313886
74.05657748132178
74.05657748132178
74.39785737756031
74.39785737756031
74.92241908745717
75.18612131202569
75.18612131202569
75.93378940524579
76.0981665929262
76.36287800310143
76.4856041905619
76.80261016612647
77.09114736891993
77.37937669537374
78.01646731127664
78.33732681469648
78.68099425864153
79.07371094024464
79.25146020987356
79.56966558662914
79.98030266445461
79.98030266445461
80.20548282306558
80.72020434018309
80.77578442423766
81.30428671472372
81.30428671472372
81.30428671472372
81.49591932006193
81.49591932006193
82.18570434284497
82.50165214913018
82.50165214913018
82.75591739757358
83.46398123855897
83.78248526262003
84.02941666004544
84.21027658353054
84.55925534152007
84.94568308601933
85.43975421535893
85.66374152406055
85.84374813848387
85.84374813848387
86.14474954547426
86.40559961620961
86.53379101503944
86.53379101503944
86.72783783886238
86.76724318933512
87.18325671970493
87.49329130902908
87.72274756350335
88.04294685215892
88.04294685215892
88.0915694575411
88.28596855009128
88.28596855009128
88.69754564847034
88.69754564847034
88.69754564847034
88.79437455511719
89.14696958427399
89.40182186443019
89.40182186443019
89.66503479736768
89.88486783558935
90.24836994091638
90.24836994091638
90.51224134780541
90.82531137220896
91.13740495354227
91.36001191130516
91.50988820249036
91.59617441668289
91.85217054262004
92.46476513524819
92.46476513524819
92.95860238524972
93.0566721460866
93.0566721460866
93.25564181104825
93.42878764069837
93.42878764069837
93.60360879143742
93.94464629039092
94.56313427322064
95.10315241972133
95.45786417097881
95.94350253129454
96.22817960802047
96.44506627025869
96.66174068009849
96.9396942477373
97.09195012840458
97.6172629144411
97.92892189545537
97.93698732770319
98.26884236503827
98.75663872475452
99.12789666816215
99.47366938631369
99.47366938631369
99.4749895090009
99.9859870019181
99.9859870019181
100.25963214497703
100.43574630315594
100.75635681668028
101.14600999444815
101.24809457598755
101.3799238789696
101.83275429680563
102.49539749659925
102.60476239848505
103.16768251726303
103.16768251726303
103.16768251726303
103.3006066760877
103.5256374496482
103.70090876169688
103.89792197203462
104.19925153702813
104.54320119546136
104.86549958297678
105.23499055386372
105.25972889960626
105.63476557404199
105.79326163868977
105.79326163868977
106.3652605178298
106.77765832497981
106.83237591425781
107.10240437747895
107.10240437747895
107.10240437747895
107.40312259025578
107.48174572975577
107.59860056314712
107.59860056314712
107.7324693461628
107.88404112662619
107.88404112662619
108.14560953469787
108.14560953469787
108.14560953469787
108.69246384309072
108.82389755076817
108.99924642636115
109.55156991165784
109.91925369044739
110.11028630997825
110.30928069270952
110.52360484702572
111.08176151712875
111.22103069339826
111.41025994585357
111.72522191313392
111.91991537635293
111.91991537635293
112.3189990965184
112.40158245261293
112.63701303101305
112.99216803894707
113.09156927036375
113.17628907906689
113.17628907906689
113.47810128781626
114.07206930076121
114.2907096377675
114.71756571283393
114.71756571283393
115.04075477394282
115.47812943410493
115.67932899023033
115.81539489535231
115.81539489535231
116.09894919537255
116.1982693196859
116.1982693196859
116.1982693196859
116.37213109312502
116.58548772754963
116.63499998852842
117.09410558835513
117.25484306340577
117.65966796301585
117.81407365734967
117.81407365734967
118.14230199668033
118.18396570776768
118.18396570776768
118.67932046354643
118.7883113367436
119.3245989875357
119.3245989875357
119.43952464643357
119.72604216458252
119.72604216458252
120.1781542604578
120.1781542604578
120.24988873048378
120.698733729505
121.35552798469007
121.65901936832682
122.15268438202683
122.56174344182105
122.92569788103974
123.45010103016956
124.00339064706091
124.00339064706091
124.45884783137885
124.6158438168781
124.85400623958112
124.85400623958112
125.05539357233195
125.06064667240932
125.2127405270275
125.34467168543601
125.68012093762398
125.79424908637897
126.09068909396501
126.5886945074129
126.80999281414336
127.18020890764954
127.66539851753181
127.88156936855228
128.50771416596783
129.00898569867454
129.19583476997053
129.30396471699243
129.688148833697
129.84786231876024
129.84786231876024
129.87790428994694
129.87790428994694
129.87919775612346
129.8865509341348
130.02216648769067
130.08633359059215
130.33827524408775
130.99096225511204
131.02341297255663
131.35877056812723
131.5613429819361
132.0558076922134
132.1249703799496
132.4021674489964
132.41665966532605
132.82825508118316
133.10341355684616
133.40525641078065
133.78391928732532
133.78391928732532
134.13128994034636
134.73767804690652
134.73767804690652
134.95644151688444
135.3221899666194
135.52087152521494
135.5499259608415
136.1751086788998
136.30396556186002
136.36752001951095
136.41753852656188
136.717409344509
136.90354436488235
136.90354436488235
137.0507374163896
137.25579386233102
137.49801752538198
138.06637620293853
138.50713068098258
138.7333524723031
139.25367862364453
139.47983085520357
139.81065828342403
140.2074679009784
140.4169995155093
141.0732726665973
141.0732726665973
141.1451876046922
141.24788576559217
141.4114138901472
141.4114138901472
141.4114138901472
141.8423729868673
142.23047124025152
142.33711843681505
142.4511244139567
142.66848787610925
142.72424312973686
142.72424312973686
142.8169069838273
142.9772974931009
143.62093921335628
143.62093921335628
144.1076014733606
144.1302770430441
144.19561454456743
144.39907676687238
144.94140544204137
144.94140544204137
145.10528946522322
145.10528946522322
145.28835029781118
145.75476337367988
145.9042160133562
145.9042160133562
146.34403215179802
146.34403215179802
146.34403215179802
146.70601026979648
147.00404877285928
147.1594759161376
147.1594759161376
147.65267523573485
147.65267523573485
147.86884191476173
148.28842434469283
148.47606712985575
148.65118060620566
148.87390569536674
148.87390569536674
149.18437694231017
149.30936315556974
149.88991409921698
150.192220383947
150.51646945303162
151.03039575654543
151.33948150452204
151.33948150452204
151.72037891700904
151.85568679545932
152.09561476781448
152.09561476781448
152.09561476781448
152.09561476781448
152.09561476781448
152.17554277490228
152.21779943498476
152.4766436487995
152.74062093861892
153.03559064560878
153.32784931485185
153.40457069408495
153.78040000985158
153.78040000985158
154.11973091493033
154.47365754974413
154.47365754974413
154.47365754974413
154.93709611987984
155.05427918848304
155.05427918848304
155.17779914683973
155.24192132321326
155.33254571835909
155.33254571835909
155.33645198783586
155.52031702589207
155.52031702589207
155.52031702589207
155.52031702589207
155.55197453481304
155.55197453481304
155.55197453481304
155.5591094083878
155.5591094083878
155.5591094083878
155.5591094083878
155.5987095669252
155.77217670477296
155.77217670477296
155.77217670477296
155.99605202337196
155.99605202337196
155.99605202337196
156.21019890016606
156.26223938869558
156.4159134518938
156.5258002738154
156.5258002738154
156.62904589228052
156.62904589228052
156.6431822458448
156.6431822458448
156.6431822458448
156.6431822458448
156.6431822458448
156.7147721154582
156.92950481654682
156.92950481654682
157.00381348669313
157.00381348669313
157.00381348669313
157.00381348669313
157.15909627546768
157.15909627546768
157.43590217282423
157.43590217282423
157.43590217282423
157.69422646982352
157.85214172286769
157.91969007764644
157.91969007764644
158.05900617622476
158.05900617622476
158.05900617622476
158.14208663206182
158.14208663206182
158.52329234018615
158.52329234018615
158.52329234018615
158.8761828826737
159.2146611683163
159.27826064748402
159.3936272940696
159.3936272940696
159.60561135137442
159.8022659921922
159.80262688916042
159.96172430785344
159.98558288443627
160.225260891266
160.29214255580195
160.5625644961886
160.5833577872314
160.5833577872314
160.5833577872314
160.87561772280654
161.02932908007926
161.02932908007926
161.02932908007926
161.21123782809966
161.44308695113168
161.6403571110268
161.7192150085926
161.888095923892
161.888095923892
162.00734508654577
162.00734508654577
162.00734508654577
162.32536749299194
162.32536749299194
162.51361595445437
162.6182321919774
162.6182321919774
162.6182321919774
162.6182321919774
163.10854832259275
163.3746734763543
163.3746734763543
163.3746734763543
163.3746734763543
163.4548695959848
163.46890334421505
163.53694717495893
163.53694717495893
163.6224089859992
163.6971413802188
163.6971413802188
163.7903402717149
163.7903402717149
163.7903402717149
163.97004123611376
163.97004123611376
163.97004123611376
164.05755248838858
164.27500340919792
164.46502305100796
164.46502305100796
164.5224379189571
164.5224379189571
164.5224379189571
164.5224379189571
164.78433134946974
164.86571365797133
165.09008829055463
165.3707954297246
165.3707954297246
165.3707954297246
165.56569377527074
165.56569377527074
165.5786098896367
165.6709825039598
165.74774085694293
165.94233488998947
166.04173680253646
166.04173680253646
166.04173680253646
166.26891731577192
166.26891731577192
166.32666945911666
166.32666945911666
166.62399712634652
166.62399712634652
166.9883103167826
166.9883103167826
166.9883103167826
166.9883103167826
166.9883103167826
167.30726947569778
167.35818149180074
167.35818149180074
167.52621767124484
167.64793556528474
167.6492283517955
167.75160572535665
167.75160572535665
167.75160572535665
167.95883146143902
168.00259421827056
168.12244772435596
168.39225171045035
168.45655256150198
168.5090016404681
168.5090016404681
168.58648966770372
168.58648966770372
168.58648966770372
168.58648966770372
168.58648966770372
168.9604210279462
169.27348647983396
169.27348647983396
169.27348647983396
169.37166880123223
169.70067783075135
170.13588127204562
170.13588127204562
170.13588127204562
170.51070300356173
170.58834649343507
170.72621216783858
170.88383111588288
170.88383111588288
170.88383111588288
170.88383111588288
170.88383111588288
171.0882684222716
171.0882684222716
171.32836339727757
171.51527003870586
171.64928735264132
171.72471162402573
171.74228367449928
171.95781959452972
172.36257000729452
172.6737851278109
172.6737851278109
172.96314040326627
173.2165957666846
173.53014801752371
173.53014801752371
173.59577360313307
173.7040456258234
173.7040456258234
173.7040456258234
173.7040456258234
174.15121992532175
174.22210067789132
174.26924467984963
174.58714215829497
175.19152579794786
175.19152579794786
175.19152579794786
175.32185309084096
175.32185309084096
175.32185309084096
175.3961617927909
175.75621000312807
175.75621000312807
176.14403838255228
176.68480575902353
176.86405650148907
176.86405650148907
176.86405650148907
176.86405650148907
176.99606991046775
177.18150717242236
177.57366315291142
177.75664192442568
177.75664192442568
177.98812033030475
178.05340227499067
178.05340227499067
178.32795488694018
178.39472982919983
178.4679994712815
178.48135250307197
178.87829676586233
178.87829676586233
179.07193626423012
179.3058352357018
179.5958321710012
179.80697493628531
179.80697493628531
179.80697493628531
180.0400074633955
180.1831145338253
180.1831145338253
180.5600090312642
180.59646143441836
181.09388718431904
181.1249508729948
181.28734195381725
181.34931002713037
181.34931002713037
181.37474816768056
181.37474816768056
181.37474816768056
181.68508859577435
181.83804168186035
182.075498089292
182.075498089292
182.11067845814952
182.14631189022214
182.14631189022214
182.5275455368099
182.5559383305809
182.5559383305809
182.69259417454316
182.7809830840027
183.0185647841401
183.0185647841401
183.27992587208954
183.2808807711135
183.2808807711135
183.4315683166931
183.61600322153424
183.67535224417907
183.84678793526024
184.20365591521403
184.2787167530215
184.2787167530215
184.2787167530215
184.3743903310487
184.6063066849256
184.7862028835531
184.7862028835531
184.82640806912488
184.9960841449509
184.9960841449509
184.9960841449509
185.1894548528033
185.1894548528033
185.20094204065506
185.20094204065506
185.3555715693259
185.3555715693259
185.3970312199396
185.56894898506218
185.56894898506218
185.56894898506218
185.56894898506218
185.56894898506218
185.56894898506218
185.56894898506218
185.56894898506218
185.9001752028406
186.10323376915102
186.10323376915102
186.10323376915102
186.11367430751758
186.20147397484195
186.50615698923653
186.50615698923653
186.50615698923653
186.50615698923653
186.57704928280538
186.7291491878805
186.7291491878805
186.7291491878805
186.7291491878805
186.85650435492082
186.85650435492082
187.11121594301994
187.11121594301994
187.11121594301994
187.11121594301994
187.11121594301994
187.11121594301994
187.11121594301994
187.11121594301994
187.11121594301994
187.22634086887373
187.24982274841216
187.24982274841216
187.24982274841216
187.2748405877052
187.3217023717852
187.3217023717852
187.3217023717852
187.4256471189004
187.426008366893
187.49250686135514
187.49250686135514
187.58041781129094
187.58041781129094
187.58041781129094
187.60001338272704
187.60001338272704
187.60001338272704
187.60001338272704
187.60001338272704
187.79947688998175
187.79947688998175
187.9106766597764
187.962667805894
188.0410405655537
188.0410405655537
188.3593604509295
188.3593604509295
188.43860651313636
188.58961695465894
188.58961695465894
188.58961695465894
188.58961695465894
188.77519242164416
188.91532930722946
188.9689395048752
188.9689395048752
188.9689395048752
189.1441331978829
189.1441331978829
189.1441331978829
189.1441331978829
189.1441331978829
189.1441331978829
189.32676060340563
189.32676060340563
189.32676060340563
189.32676060340563
189.39194820222443
189.39194820222443
189.39194820222443
189.39194820222443
189.39194820222443
189.39194820222443
189.39194820222443
189.39194820222443
189.64042303034896
189.64042303034896
189.72278293779215
189.99530759869734
189.99530759869734
189.99530759869734
189.99530759869734
189.99530759869734
190.0385574953562
190.0385574953562
190.06380050064794
190.06380050064794
190.33362788827384
190.54432355658747
190.5701658656597
190.5701658656597
190.5701658656597
190.7752943496062
190.7752943496062
190.7752943496062
190.7752943496062
190.87120091818088
190.87120091818088
190.87120091818088
190.87618927349325
190.87618927349325
190.87769085969438
191.10892337806257
191.3176407846801
191.63316108336585
191.73879969958543
191.8810435830779
191.8810435830779
191.8810435830779
191.8810435830779
191.9893417013546
191.9893417013546
