0.7091336946100383
1.3420456797272138
1.6191682985009959
2.5094778483957896
3.0453953887641285
3.7230168176717173
4.503929818317168
4.876105300305505
5.61019297722739
6.518383883914014
6.616116119899543
7.097266177464802
7.684106595465942
8.188126858314384
8.577699945654954
9.281579068459154
10.160382648689446
11.002170202589584
11.403787801401583
11.593414144720674
12.050558951557626
12.418443044710724
12.90429531035285
13.358402312245603
14.075985660533973
14.84543173120304
14.84543173120304
15.420797977597354
15.782923961644336
16.120486271869346
16.563944816819742
16.84818134250534
17.389643012949506
17.495396365153347
17.638113176463072
18.21476411238487
18.590777604831317
19.272539916302343
19.631105876397825
19.631105876397825
20.315451394116124
20.563241423316057
21.100223542341578
21.147004971441053
21.290843117259318
21.533463603248364
22.17046193531683
22.870282158614344
22.870282158614344
23.09024795005483
23.225151775853615
23.750379489507743
23.93841721711186
24.598515930585496
24.598515930585496
24.95810879260639
24.95810879260639
26.066590659994212
26.28886796782443
26.592169505399784
27.34162941693402
27.804482081583473
27.804482081583473
28.119283962237464
28.685064938815092
29.155206155898526
29.600975780198546
29.634440184879754
29.903832672741782
29.903832672741782
30.333841139653504
30.82827124993391
31.34073567632256
32.087850137415195
32.59829029384186
33.22285747320362
33.405282800481075
33.69124707907263
34.246526153369516
34.64793608278974
35.454510463131065
35.80123792554657
36.1123978528805
37.06316609859753
37.21415179935275
37.77066859537368
38.10402794127621
38.399766633962365
38.69426322367119
38.74473849122277
39.55726299123721
39.85354617428258
40.5927567991355
41.557230639415025
41.65367886336364
41.818836141118226
42.38985678623393
42.38985678623393
42.54840146611245
43.088593390075935
43.597095841085135
43.597095841085135
44.093600185327965
44.41981698069163
44.89034424444
45.35938764790395
45.64244820443916
46.167540166116595
46.77514682896008
47.43582934642846
48.19091262638783
48.86171591369953
49.313345612524934
50.077831792042325
50.29250772232794
50.36005097316321
50.65492136264844
51.103869512192595
51.39404435345553
51.485619162676976
51.485619162676976
51.67546049672651
52.21937211336095
52.41443111039586
52.7386366513449
53.29552482953003
53.53204177285409
53.88193397667053
54.182614922332014
54.565478521171904
55.249657543905414
55.370107683249245
55.492880051492456
55.73832034013631
56.196993313317286
56.3477852287335
56.85444998414641
57.161787549953935
57.84401138041169
58.287931293274156
58.696235322536275
59.0061525209068
59.17389712696789
59.657579526296615
60.3339052059308
60.69454813960529
61.16256105420946
61.67954683451358
62.185043552654996
63.0180459372095
63.23820404307919
63.252058364071964
63.63297525155734
63.83630897734837
63.83630897734837
64.17861643974055
64.4318399641301
64.82211776571675
65.23553417920978
65.5750659854919
66.36334828395171
66.53858501504753
66.59319914384986
66.83536404237128
66.83536404237128
67.17844064264366
67.5236206866403
67.59988490747592
67.7613746830321
68.61495324228268
68.61495324228268
68.77576659621941
69.14788709251421
70.05117992519801
70.46058350906407
70.92054837782963
71.15723130327915
71.65740092998627
72.16314073037094
72.53999389653256
72.88045811493132
73.23578510627178
73.7482715368971
73.93784531467226
74.07976286328841
74.63176241770994
75.11801970943517
75.11801970943517
75.61387063896082
75.7752190525414
76.01265466028039
76.03598334355026
76.33926198656027
76.33926198656027
76.41419700831202
76.41419700831202
76.87562624987186
77.45467363673157
77.79179236471136
77.93974030861136
78.28278893906855
78.28278893906855
78.45415590150043
78.45415590150043
78.45415590150043
78.55970765755829
78.8056098519473
78.8056098519473
78.98473352845159
79.10561262381543
79.50129313301622
79.63239334774669
79.78656089417557
80.46965818027913
80.68086547603953
80.85717678670238
81.62031042202987
82.04363593481473
82.12073146216723
82.54222609010661
82.54222609010661
83.03667502431031
83.32387088089574
83.9467394991457
84.49361785907675
84.49361785907675
84.71359015242679
84.71359015242679
84.90499508050917
84.90499508050917
84.93527047078815
85.17822332294467
85.17822332294467
85.55065422728413
85.7932603468602
86.09384864085631
86.63037929237753
86.77438895039833
86.96710760884892
86.9803363261102
86.9803363261102
86.99490589545267
86.99490589545267
87.31809442686958
87.58607899073891
87.78666666188174
87.78666666188174
88.04027343594687
88.13249303586143
88.49079426593694
88.56340098080194
88.78447264612258
89.15513452498512
89.63263875508923
89.63263875508923
89.69286825309014
89.69286825309014
90.1227008201438
90.2107457269192
90.2107457269192
90.3952624033969
90.3952624033969
90.70841266258593
90.88544787673186
91.3125372064098
91.71277577632274
92.12036065676787
92.57997764263166
93.11787417535875
93.14892012400328
93.61959723192038
93.75864720951378
93.98447192525617
94.56592096594521
94.92895761081428
94.9824808522634
95.21407322903082
95.46691903466069
95.63714919451132
95.9232353695929
96.33823123129058
96.33823123129058
96.74870128048158
97.05575949913013
97.40364542898264
97.59914237934939
97.63302508814542
97.82465603222732
97.82465603222732
98.20895292083407
98.49097028066828
98.76340579991732
99.1632658549154
99.1632658549154
99.1632658549154
99.1632658549154
99.1632658549154
99.6980755559379
99.6980755559379
99.92070198871491
100.00858650155303
100.14074956962686
100.51936760532796
100.93295007333437
101.1985022422535
101.1985022422535
101.38901425928346
101.42489959107411
101.42489959107411
101.42489959107411
101.46357660756557
101.60272792240768
101.78223967319438
101.9063454516107
101.9063454516107
101.9063454516107
102.19964117038958
102.40477092101119
102.40477092101119
102.40477092101119
102.41129009324573
102.41129009324573
102.96990800144314
103.16854943708604
103.62794136879984
103.84499853266557
103.84499853266557
103.84499853266557
104.14399990725666
104.78984131948242
105.27239671403149
105.30457588925172
105.30457588925172
105.65925705255681
105.78019132300622
106.1129140798419
106.43179897850122
106.81123502096067
107.42881658520398
107.42881658520398
107.42881658520398
107.42881658520398
107.54177578910054
107.9571069321883
108.0941365914655
108.43410016400674
108.43410016400674
108.68310747648434
108.87294152151297
109.05570332959074
109.51560399752974
109.69856508800105
109.81742982687649
110.20011148828169
110.42584206025215
110.63211046379817
110.89493931396788
111.16752506902613
111.38169534531896
111.58413505147554
111.61870501502776
111.81382252455889
112.06861674152356
112.3114575934234
112.3114575934234
112.3208786786944
112.3208786786944
112.3208786786944
112.3208786786944
112.78338940114897
112.85856436616844
113.25221346669457
113.6143331801895
113.73603439780075
113.73603439780075
113.73603439780075
114.35789009232934
114.39108687902572
114.88211668321883
114.88211668321883
114.88211668321883
114.88211668321883
114.90253483079825
114.95115113179355
114.95115113179355
115.00372720463017
115.08722879152211
115.2878367002649
115.46303298633786
115.74472868651462
116.07800328658095
116.35899893344829
116.35899893344829
116.49055242795167
116.63212213195277
116.68074824675732
116.86175184051874
117.02843820344566
117.288703366209
117.43111544444594
117.6235488519854
117.99684373790612
118.14431749493632
118.14431749493632
118.58980013540892
119.16677152259956
119.27254048176395
119.27254048176395
119.5738468276477
120.1010893897032
120.1010893897032
120.41027605517947
120.54603370465006
120.79030222180714
120.79030222180714
121.1541651186485
121.16970140341888
121.27489445702659
121.49670024056286
121.63518483931118
121.81895481513209
121.81895481513209
122.07531914087306
122.57563386155066
123.3577743226482
123.4069681710511
123.63565611784146
124.31529637253391
124.39164690819975
124.67430060969758
125.10744399202008
125.10744399202008
125.10744399202008
125.52690837386882
125.52690837386882
125.52690837386882
125.52690837386882
125.56099365206161
125.56099365206161
125.83484895904824
126.1443450387606
126.3490739024996
126.64662798538262
126.66866318393552
126.7296157870244
126.93693394570036
127.45870091778953
127.60880234962605
127.75107824220962
127.95181382333904
128.0878974261699
128.28687383868072
128.28687383868072
128.28687383868072
128.48705815828615
128.48705815828615
129.00160315388618
129.00160315388618
129.00160315388618
129.0198856431826
129.0198856431826
129.0198856431826
129.34883977960962
129.34883977960962
129.34883977960962
129.65940748563185
129.65940748563185
129.65940748563185
129.82157732718466
129.8346220078227
130.00018839957625
130.00018839957625
130.1405057028624
130.1405057028624
130.1888968790711
130.1888968790711
130.1888968790711
130.1888968790711
130.38064045095732
130.38064045095732
130.80854727905842
130.80854727905842
130.94782413788147
130.94782413788147
130.94782413788147
131.34196763840623
131.45012862418224
131.45012862418224
131.45012862418224
131.6513860261078
131.7264262516817
131.9435142557934
132.0194472592061
132.21190125761325
132.21190125761325
132.51391431098227
132.52975645512734
132.62560281013145
132.62560281013145
132.92450146252983
133.03436966032535
133.2061595913759
133.37401313214875
133.83615019351487
134.16415105180138
134.47915958647584
134.58693679429007
134.58693679429007
134.58693679429007
134.68973486348557
134.77284882678964
134.96639993082118
135.04852958863074
135.50024541546955
135.50024541546955
135.50024541546955
135.50024541546955
135.50024541546955
135.7163603913925
135.7163603913925
135.9736421240929
136.59366540935198
136.72876385396518
136.79794745703268
137.0667528073559
137.0667528073559
137.0667528073559
137.47099595550392
137.64303189052234
137.85779500992646
138.24550788741126
138.24550788741126
138.24550788741126
138.24550788741126
138.5849605814672
138.5849605814672
139.13546421875625
139.13546421875625
139.33864108953932
139.33864108953932
139.39999738715161
139.39999738715161
139.47305726290915
139.72623405361514
139.80878258495915
139.85819555567974
139.85819555567974
139.94085865979963
140.09558355735965
140.49780890316214
140.72914668299666
140.73020248766608
141.01619011734078
141.40168228374355
141.55124891238373
141.55124891238373
141.55124891238373
141.55124891238373
141.8402437395213
141.8402437395213
142.3732147650486
142.44040505625188
142.756805250936
143.0006959417363
143.06111304756845
143.18207310682382
143.40154713352047
143.40154713352047
143.55408501430136
143.81301389662943
144.18745746415934
144.44457567115626
144.75973416109915
144.75973416109915
144.75973416109915
144.91987700764207
144.91987700764207
145.2333796791598
145.54758980281605
145.7870734156734
145.7870734156734
145.7870734156734
145.99452855207474
145.99452855207474
146.12278687576733
146.17679571594584
146.2279201266234
146.2279201266234
146.40062746469405
146.4697915647957
146.6589835927462
146.6589835927462
146.8214498354948
146.8214498354948
146.82928416354233
146.82928416354233
146.82928416354233
146.82928416354233
146.82928416354233
146.82928416354233
146.9343247907631
147.08469199055713
147.08469199055713
147.08469199055713
147.1636287300804
147.26652392902548
147.5161533997924
147.85468489518394
148.1470703953558
148.33498578042978
148.33498578042978
148.56458374678417
148.97952294729447
149.17139244996875
149.220085955316
149.220085955316
149.220085955316
149.220085955316
149.3089256485757
149.44261766400024
149.65454472377752
149.65454472377752
149.69749742191198
149.69749742191198
149.9097918108301
149.9887376993543
149.9887376993543
150.20251110006458
150.20251110006458
150.20251110006458
150.5906177106636
150.88383214256206
151.1864853675739
151.3396822916141
151.3396822916141
151.3396822916141
151.3396822916141
151.3396822916141
151.3396822916141
151.7363035964529
151.7363035964529
151.7363035964529
151.96105850968922
151.9755591111667
152.05128886710037
152.15645491513249
152.28144946718805
152.43956489410138
152.48069151797858
152.48069151797858
152.48713689341864
152.6874527522202
153.0230560737964
153.0230560737964
153.19994869148076
153.4534737616513
153.68375134515594
153.70215765422464
154.03844648389912
154.18811031023228
154.18811031023228
154.26675355670042
154.71801018409653
154.77305813596357
154.77305813596357
154.82035912965063
154.82035912965063
154.82035912965063
155.04265684557592
155.11165730921095
155.38919494755052
155.75482061583207
155.79535001401425
155.79535001401425
156.13648644158312
156.26260283275576
156.71449191642566
156.8677989324263
157.26914310793546
157.26914310793546
157.26914310793546
157.4311153127133
157.6675226968909
157.6675226968909
157.82286986064491
157.93747943319724
157.93747943319724
157.93747943319724
158.45387703490053
158.45387703490053
158.4574746455433
158.4574746455433
158.91952652796135
159.37628370818294
159.37628370818294
159.6884809279784
159.99863084513098
160.2723440789966
160.7621593208383
160.7621593208383
160.79204899375534
160.8718392850667
160.97793524225634
161.201914055073
161.37296309133774
161.37296309133774
161.7329920227965
161.7329920227965
161.97705861132147
162.11538805888438
162.4512786194992
162.63594652772423
162.63594652772423
162.86155558867725
162.8945161430685
162.8945161430685
163.15007440248252
163.30236541881544
163.30236541881544
163.4688529549668
163.7265165428969
163.949330746365
164.04034027017371
164.09711912795575
164.09711912795575
164.09711912795575
164.4217837419522
164.71116247666583
164.71116247666583
165.03197053714496
165.38536707188678
165.38536707188678
165.57398057446534
165.68669263391658
165.68669263391658
165.76291763429194
166.14782626025809
166.14782626025809
166.14782626025809
166.14782626025809
166.34929407380207
166.47470692766143
166.51778961115443
166.59284358264145
166.88117188967192
166.88117188967192
167.1131557830825
167.32517125961934
167.6593000863426
167.98735330511974
168.01067287779586
168.01067287779586
168.22808418738367
168.22808418738367
168.35131036090473
168.3922322072032
168.3922322072032
168.52974523438562
168.88154999395505
168.9489137258188
169.03202356716614
169.0341988964853
169.0341988964853
169.28562672608763
169.3357012895013
169.47412625716632
169.71517694218429
169.9984847897685
170.1898432372624
170.3544287474994
170.3544287474994
170.52986741394523
170.52986741394523
170.52986741394523
170.87463424427833
171.01830955373458
171.11888036033082
171.11888036033082
171.11888036033082
171.11888036033082
171.53158513688103
171.78867388778247
172.07490500025213
172.10827134989157
172.10827134989157
172.1399533406939
172.1399533406939
172.485863361643
172.485863361643
172.56427408567495
172.56427408567495
172.8209965741829
173.25308876282241
173.41629859727135
173.8498711741904
173.98443104345802
173.98443104345802
173.98443104345802
174.00263818078915
174.11110392914
174.3616806580791
174.3616806580791
174.73769688309122
174.73769688309122
175.02723064846356
175.21309015476962
175.49837199858015
175.75281276575913
176.22977972425673
176.22977972425673
176.22977972425673
176.55663115292225
176.55663115292225
176.96931587429202
177.03778913324044
177.0469010162139
177.0469010162139
177.0469010162139
177.0469010162139
177.28882951865913
177.28882951865913
177.36131144694744
177.36131144694744
177.67335905383354
177.67335905383354
177.67335905383354
177.67335905383354
177.80523438015695
177.80523438015695
177.80523438015695
177.90635544207956
177.97325201815667
177.97325201815667
178.11262146179536
178.3950807185876
178.60964411794367
178.60964411794367
178.60964411794367
178.60964411794367
178.7688416126634
178.82048026882285
178.82048026882285
179.04559235658812
179.54528946976836
179.6170462543773
179.83290045418687
180.0448375549994
180.31211746577736
180.59399922909108
180.83122725456508
181.47540683849022
181.47540683849022
181.47540683849022
181.66004892780083
181.66004892780083
181.66004892780083
181.80354438848963
181.80354438848963
181.80354438848963
182.10694191160331
182.10694191160331
182.22300913335826
182.36766646878203
182.36766646878203
182.5207338718145
182.5207338718145
182.5207338718145
182.5207338718145
182.7426717232237
182.7426717232237
182.7426717232237
182.7426717232237
183.0397198215236
183.0397198215236
183.28321495021842
183.40786446689827
183.67673719860102
184.02109552056868
184.02109552056868
184.31366552628947
184.61202464937315
184.85196304004137
184.85196304004137
185.17870446982568
185.17870446982568
185.44833720249503
186.30379025045266
186.52701316071253
186.84462780768334
186.84462780768334
186.9889071792367
187.1712811950002
187.42056123279804
187.42056123279804
187.42056123279804
187.42056123279804
187.57323464734614
187.85035994412527
187.8588717312307
187.8588717312307
188.11156159859314
188.2829814024084
188.2829814024084
188.31029716313333
188.52003119710602
188.5818639874403
188.6678314459185
188.6678314459185
188.6678314459185
188.8138273127126
189.00460747394845
189.1525955868101
189.5416278524111
189.5416278524111
189.9867099725523
189.9867099725523
190.0546795077635
190.0546795077635
190.4879790344144
190.4879790344144
190.4879790344144
190.4879790344144
191.04714449766433
191.5746378956911
191.83848091832684
192.2402339626273
192.2402339626273
192.36410398000663
192.36410398000663
192.66587991000998
192.66587991000998
192.68555476582637
192.68555476582637
192.72658276589527
192.9629890339476
193.0637400546256
193.3508995947487
193.3508995947487
193.3508995947487
193.3508995947487
193.49055605872363
193.63799708381876
193.98157684619608
194.12256926027783
194.33219388412869
194.49594831342813
194.90862057896555
195.1173736068172
195.6476667558536
195.9723312527726
196.04178303370142
196.0492147366911
196.0553446144382
196.15379707204553
196.27293655817823
196.6249906386194
196.95986961390665
197.2125919874833
197.56342628488218
197.6074084287597
197.8468680600782
197.8468680600782
197.8520565511621
197.8520565511621
197.8520565511621
197.8520565511621
198.33458540651188
198.69827075298116
198.8980328196336
199.01638049081762
199.42283760173225
199.42283760173225
199.4233557310625
199.6998740792631
199.77189169224604
199.77189169224604
199.77189169224604
199.77189169224604
200.0066027091687
200.0631908320128
200.0631908320128
200.13264527549728
200.27289057809503
200.27289057809503
200.54259701369435
200.54259701369435
200.74351433484887
200.74351433484887
200.82891886014758
200.96916503274258
200.96916503274258
200.96916503274258
200.96916503274258
201.12131204154738
201.32597337101967
201.33291550952276
201.33291550952276
201.7098866572361
201.7098866572361
201.85386609477192
