0.47891944495178007
0.47891944495178007
0.47891944495178007
0.9266238576029636
1.6547323212271157
2.277148588478277
3.0814364869831907
3.677032798330208
4.244082671658585
4.244082671658585
4.559828815556471
5.254459811600984
5.9084592660091895
6.061233919665009
6.722668649324162
7.289877104232678
7.4843042996360465
7.539283562342366
7.8925069788766145
8.724327080850589
8.970856325426245
9.471471318309694
10.138891924946886
10.425000143788756
10.647966316196484
10.898885369493813
11.390003833552568
11.40970023691991
11.444409261057922
11.970116866659115
11.970116866659115
12.029954700121937
12.684554827215115
12.886035164687186
13.166351788785944
13.643618283017746
13.871590589531683
13.871590589531683
14.384581029469786
14.996630543459604
15.033903462308702
15.118111218186916
15.90000725536449
16.09784642158649
16.09784642158649
16.54387630539216
16.705459106708005
17.08049286111143
17.647356321801542
18.079950330741003
18.64888849355758
18.944768790721245
19.628903173405444
20.201422163413042
20.664093845716913
21.50601167829518
21.801352158067054
22.50755305573691
22.5549052719406
23.04184931444373
23.08008223558312
23.286096984325077
23.57702278205179
23.897132702636192
24.40902871281748
24.77298622907044
24.85682705635076
24.85682705635076
25.232852451045233
25.416662992367954
25.840247430874722
25.95833901791641
26.866940195131185
27.49019483239203
27.663385690974653
27.81934722785079
27.928747886465906
28.540586358418402
28.894446338510964
29.075568859176546
29.79193967504168
29.9005384953145
30.422036299355867
30.822297719944192
31.1844891210968
31.516861419238275
31.723677249209278
32.358580002107246
32.70299702387797
33.3117073647858
33.34155059833621
33.90391704028896
33.90391704028896
34.33508793177576
34.54495732138054
34.90257816426077
35.47666873992697
35.694197324355045
36.25321007149375
36.49186629380316
36.682269907995476
37.29464565778602
37.575231055245844
37.575231055245844
37.575231055245844
38.14355181301869
38.78349093751403
39.250655505335736
39.61742261744216
40.25914301831517
41.0583780220363
41.59107129328821
41.767611866390844
42.34634226528207
42.77042595631389
43.04169261163825
43.04169261163825
43.523660231514086
43.523660231514086
43.855672373982095
44.42309339111818
45.014505495698664
45.365883635424694
45.56267263755095
46.291659562168924
46.85804350934654
47.15263449728677
47.15263449728677
47.916713153686096
48.151845597724886
48.82093113524708
49.12260071192186
49.49482021310896
50.25444636285734
50.58489984552951
50.607559541231545
50.840792075704364
51.31486812821803
51.700227633391485
52.00893676794677
52.57492631609763
52.90545081965878
52.90545081965878
53.23157646254149
53.44374704746252
53.76424441378529
54.33818459695799
54.35648646130579
54.48247877375008
55.02387026254901
55.02387026254901
55.07106561467867
55.61766251570708
56.08170155988448
56.53009277052821
57.05299855092214
57.449758698165695
57.747641570644824
58.28126022329126
58.30381938550927
58.5500034630501
59.092355759234636
59.34646763252818
59.46173842789236
59.87161253726226
60.23030378345812
60.23030378345812
60.62586591025689
60.72402637747346
61.44003410091984
61.44003410091984
61.917988923648444
62.1752585336
62.1752585336
62.56382708632701
62.95959297030454
63.19734033297887
63.52313474592195
64.05277844206489
64.05277844206489
64.10082867083858
64.45302742970583
64.70755232017561
64.88868707456476
64.94392312152561
65.20691830951355
65.52659813145236
65.6540533047567
66.03161244514138
66.52049348412763
66.52049348412763
67.01966592976234
67.18073955038398
67.78394755073495
68.21151859317949
68.75904428448219
69.52360435373414
69.85934450061423
70.27609855073878
70.58534910000408
70.81235236738652
71.00911354582325
71.37268154722763
71.95063915736898
72.03733941155792
72.07188102723828
72.17632476023469
72.79786152512571
73.45499705968086
73.978945294652
74.14194873012926
74.14688612771506
74.66517086054755
74.66517086054755
74.90955431985775
74.93459146563762
75.11294395673421
75.26310991844834
75.4604118602623
75.91410888773804
75.97490421317917
76.27485851361634
76.72986190565172
76.72986190565172
77.49582858275208
78.2015305009596
78.4328140871371
78.4328140871371
78.98159913725803
79.30550178551968
79.39256012691762
79.6792827293701
79.96569049103555
80.52905933422414
80.86945959368019
80.86945959368019
81.42925787866227
81.74296125603797
81.98127560221664
81.98127560221664
82.31216185881323
82.6470162083329
82.6470162083329
83.210516061378
83.6880115081183
84.08720614951584
84.91394716976247
85.4733379799717
85.4733379799717
85.47468698471826
86.04954730679682
86.34946408893016
86.89507809147558
87.33561666197036
87.6137081946839
87.979671570843
88.22924191443164
88.94377074306482
89.16228914605934
89.47645848953658
89.47645848953658
89.47645848953658
89.83177996170316
90.31951836717329
90.31951836717329
90.35623638407839
90.74243553520559
90.74243553520559
90.96299047873322
91.17298317882339
91.37147104394714
91.78260668897417
92.02877659902593
92.52755039298401
92.52755039298401
92.68448427211551
93.33504757104076
93.33504757104076
93.90403645750027
93.90403645750027
94.53246138550503
95.06897260334787
95.06897260334787
95.41027832777517
95.93592949736507
95.93592949736507
95.99843058863468
96.03995519735457
96.22767844965847
96.23229659698492
96.23229659698492
96.63114882848596
96.63114882848596
96.73045860097052
96.73045860097052
97.10594733297685
97.29283924487582
97.93216371733254
97.93216371733254
98.21009590725382
98.46568381953911
98.61744237937738
98.91815980710123
99.01404003665047
99.18476200881162
99.4637897112231
99.7334011710477
99.7334011710477
100.07200962932197
100.54131358577071
100.54131358577071
100.54131358577071
100.54131358577071
101.19033539818787
101.4064685195828
101.46162129502534
101.98949480678502
102.11108349667086
102.49579519073332
102.49579519073332
102.90520072201929
103.23873148203332
103.541705068694
103.59822519884946
103.91568099540659
103.91568099540659
104.31068694206301
104.47708432743408
104.95371816005408
105.19320179740353
105.45927294694518
105.6049828245011
105.6049828245011
105.70471725126569
106.11370507085421
106.11370507085421
106.20430154840422
106.42668476689121
106.81341642716775
107.03073682655427
107.21831450374445
107.39794162467584
107.39794162467584
108.08089616409276
108.15266795276683
108.57438839180593
108.63695443737987
108.66069522487822
108.81699722907281
109.25155873157865
109.46824655184783
109.85083489116766
110.21385936888441
110.5236359979699
111.11515255315854
111.35930528722623
111.5870566049225
111.61506091925001
111.61506091925001
111.71124288985636
111.83401961349382
111.97304365534262
112.29171584681607
112.29171584681607
112.29171584681607
112.31797858244829
112.41000733167162
112.59790218500511
113.11342823366986
113.32320631726168
113.50073850413783
113.50073850413783
113.5652333359919
113.74697050478234
113.86159759640265
113.86159759640265
113.86159759640265
113.9293873640873
114.40450770012619
114.73871393479826
114.73871393479826
114.73871393479826
114.73871393479826
115.07953652605411
115.07953652605411
115.47110317004153
115.47110317004153
115.50660273426124
115.50660273426124
115.76433469902115
115.76433469902115
116.13442866946053
116.13442866946053
116.24267832458916
116.4092864630143
116.4092864630143
116.4092864630143
116.54099228033293
116.69228271823246
117.33268261891902
117.33268261891902
117.33268261891902
117.341015242399
117.56422174072748
117.71922776793939
117.8780249311519
117.98160458719157
117.98160458719157
117.98160458719157
117.98160458719157
118.01313769680125
118.29937248055117
118.29937248055117
118.29937248055117
118.51724427617073
118.51724427617073
118.69983543601832
118.69983543601832
118.9093510806186
118.94334375915861
119.0047253607578
119.05629268826084
119.16276153319221
119.16276153319221
119.16276153319221
119.48038979115455
119.7730049820796
119.7730049820796
119.79230440376547
119.79230440376547
119.86686462379403
120.11121048254248
120.1436692719008
120.2397359771846
120.44462169104271
120.44462169104271
120.65011806854905
120.65011806854905
121.02265801780695
121.23730759150081
121.43792415636867
121.6349594354533
121.84477335419564
122.02887477177215
122.37691024872014
122.74915813026595
122.74915813026595
122.82706337584722
123.001111973127
123.25514652881898
123.27620716376161
123.27620716376161
123.50947028241637
123.7442465334585
123.7442465334585
124.03780026778439
124.03780026778439
124.46794317152286
124.47090789106393
124.47090789106393
124.47090789106393
124.54297970077566
124.54297970077566
124.54297970077566
124.71517109869981
124.71517109869981
125.08938961316031
125.42577759069167
125.43896734943326
125.49732529039217
125.6521290143463
125.6521290143463
125.83529439593529
125.93228152359286
125.98498472261579
125.98498472261579
125.98498472261579
125.98498472261579
125.98498472261579
126.07414497069004
126.30385534062219
126.60778280782631
126.60778280782631
126.68394408592789
126.85317791679722
126.85317791679722
126.9215937434364
126.9215937434364
127.12485198745591
127.31618448722637
127.35043538443792
127.35043538443792
127.39802838996006
127.64632707505754
128.07451547368075
128.07451547368075
128.36819712256425
128.36819712256425
128.47085659093364
128.68606948098952
128.68606948098952
128.68606948098952
128.74302398142112
128.90440368547968
129.0543064970676
129.0543064970676
129.0543064970676
129.127456355035
129.127456355035
129.20218653265982
129.42830326064234
129.52966504712006
129.66144931823302
129.74672301825598
129.74672301825598
129.74672301825598
129.74672301825598
130.21265318153675
130.42266188664857
130.42266188664857
130.52656375495954
130.52656375495954
130.52656375495954
130.52656375495954
130.8935885379172
130.8935885379172
130.90280658156442
131.03895569132712
131.03895569132712
131.03895569132712
131.3521440308705
131.38866026234047
131.58186431495886
131.58186431495886
131.6909144535339
131.7983948333267
131.88764163013073
131.97898028772863
131.97898028772863
132.09270480998828
132.3135125705829
132.40236769614785
132.4774052947177
132.69886352798687
132.77550685142236
132.77550685142236
132.8907464295113
132.8907464295113
132.89716532953622
132.96829309544705
133.28825021635214
133.41303285620072
133.41303285620072
133.41303285620072
133.8508614663981
134.1104850681938
134.2014023125559
134.2014023125559
134.42386278266173
134.42386278266173
134.5970683100064
134.87181762000407
134.87181762000407
134.96320978453406
134.96320978453406
135.40600904649284
135.49699061226377
135.6319661729802
135.68233368245444
135.68233368245444
135.69955200306393
136.13087396452613
136.270535249928
136.270535249928
136.3781425616046
136.5631287990432
136.61656674019096
136.74168708498368
136.88163142552284
137.15551408597264
137.46211601403144
137.82911859620293
138.2550142499156
138.49728586777653
138.49728586777653
138.61990596804426
138.61990596804426
138.61990596804426
138.61990596804426
138.72773104631838
138.87435755526806
139.05673988326902
139.05673988326902
139.46301500456482
139.71829171629824
140.02914552523262
140.02914552523262
140.29533862860956
140.29533862860956
140.4799186476369
140.5120438378282
140.59072391653706
140.61528658095565
140.61528658095565
140.97302676380576
141.23791391855661
141.23791391855661
141.31316382209505
141.41970221458456
141.41970221458456
141.70655448329214
141.90733458946312
141.9392680191213
141.94844225702104
142.18190807807463
142.25089908329022
142.25089908329022
142.25089908329022
142.54779417733334
142.66201535957802
142.66201535957802
142.74628046977972
142.74628046977972
142.83432522909217
142.83432522909217
143.02653097893207
143.02653097893207
143.06209020231077
143.46096423840459
143.8489844361787
144.06856862400397
144.3580542411815
144.3580542411815
144.3580542411815
144.35866403618928
144.38238114219516
144.4089610507995
144.4089610507995
144.64859444782644
144.64859444782644
144.6698962319201
145.18889862660006
145.26673003071076
145.40698980725293
145.72168931181
145.72168931181
145.72168931181
145.72168931181
145.72168931181
145.9540132782389
145.9540132782389
145.9540132782389
145.9540132782389
146.15242670593804
146.3517046796794
146.43300376471663
146.43300376471663
146.62568358668526
146.62568358668526
146.9613715122578
146.9613715122578
146.9613715122578
146.9613715122578
146.9613715122578
147.4133486355094
147.50802719159753
147.5087671616087
147.5087671616087
147.5087671616087
147.84781802344733
147.9801858903983
148.39709273232268
148.60453610209586
148.91649840242565
148.91649840242565
148.91649840242565
148.91649840242565
148.91649840242565
148.91649840242565
149.06411450573103
149.06411450573103
149.37746560568863
149.37746560568863
149.37746560568863
149.43630256293315
149.43630256293315
149.59180010752698
149.97889871774936
149.97889871774936
150.3638186601104
150.41804241301304
150.41804241301304
150.41804241301304
150.45298291531947
150.45375007045388
150.45375007045388
150.58054237068043
151.11030200954073
151.35785086907157
151.74995272690558
151.8129482049453
151.9796023252813
152.06795889799537
152.2217645998492
152.37821202437564
152.8111163122732
152.98589439372978
152.98589439372978
153.17222532930208
153.36106213902673
153.48941132329148
153.48941132329148
153.62618230955724
153.97430147214155
153.97430147214155
154.14476926172847
154.4776550053105
154.6292042277244
154.6292042277244
154.95756599276703
155.0292693010016
155.0292693010016
155.16525918640392
155.2760787815695
155.2760787815695
155.83729958288316
155.83729958288316
156.12425566086637
156.21189723173092
156.24476081720698
156.26339304654695
156.49595430161128
156.67016316200548
156.85141860572443
156.97633820192846
157.2070049987901
157.2070049987901
157.32945538498035
157.62138244880344
157.6577687652943
157.83161930045372
157.937705924555
158.10254440599957
158.38587206796942
158.38587206796942
158.7651015322526
158.9550414002545
158.9550414002545
159.12799190847477
159.23166843376552
159.42154398784768
159.42154398784768
159.62900277181848
159.94002204721468
160.30320155972538
160.44443570272398
160.44443570272398
160.44443570272398
160.44443570272398
160.44443570272398
160.60174372357517
160.7174980981613
160.84565587551603
161.1433130102661
161.25724710990576
161.45549005066513
161.5265651820224
161.56523308485035
161.59697354650487
161.73365341153598
161.87770361972403
161.87770361972403
162.1306122582481
162.4798523458783
162.53610833146632
162.6937118003552
162.9245418346022
163.07640142423372
163.16044740646632
163.53355194528953
163.53355194528953
164.0723811854107
164.10518323897753
164.10518323897753
164.1393874699629
164.1393874699629
164.1393874699629
164.43012301943068
164.43012301943068
164.53899399271694
164.53899399271694
164.82475302846512
165.04197632795243
165.04197632795243
165.37878007149078
165.37878007149078
165.37878007149078
165.37878007149078
165.37878007149078
165.37878007149078
165.63665092737992
165.6914416694649
165.6914416694649
165.94329490741808
166.16036510560934
166.43923042277456
166.43923042277456
166.6505112391305
166.8429902513996
167.04809553060136
167.04809553060136
167.1375956920876
167.2601984994584
167.5962904347233
167.5962904347233
167.5962904347233
167.94393645878117
167.94393645878117
168.15748048497852
168.15748048497852
168.15748048497852
168.15748048497852
168.4464197945698
168.57344080779825
168.57344080779825
168.81905188210501
168.81905188210501
168.83141474777113
168.83141474777113
168.83141474777113
168.90724428208395
168.96897036964714
169.19992868715119
169.19992868715119
169.38592405740386
169.43386071908202
169.69852728390183
170.2472726950874
170.27302240036911
170.41922451002503
170.46845898249111
170.46845898249111
170.9537745529831
170.96600934676934
170.96600934676934
170.96600934676934
170.98574303946052
170.98574303946052
171.19328313557995
171.2992957314587
171.2992957314587
171.56336545330257
171.70921707784632
171.70921707784632
171.70921707784632
171.70921707784632
171.70921707784632
171.86164035128914
171.86164035128914
171.86164035128914
171.86164035128914
171.86164035128914
171.86164035128914
171.97066340640288
171.97066340640288
171.97066340640288
172.1536252474605
172.4598958532203
172.70784971481228
172.84231789051145
173.06744268320384
173.21053627782032
173.62191479310155
173.62191479310155
174.13576124173923
174.13576124173923
174.13576124173923
174.13576124173923
174.13576124173923
174.13576124173923
174.13576124173923
174.28340853104118
174.2904002761517
174.43309505278663
174.4741805683223
174.75543395823536
175.0101922324624
175.0354024563655
175.23173619017928
175.3612974824932
175.39971146451927
175.5410223697684
175.6785364490909
175.6785364490909
175.75876390586333
175.75876390586333
175.93515670108684
175.93515670108684
176.17020625404786
176.2140222730837
176.58158511392955
176.70637432413938
176.81377264654762
176.950345472002
176.950345472002
176.950345472002
177.18893642088094
177.4992331191347
177.62745812175015
177.99371748948957
178.20673953752765
178.20673953752765
178.2857287554333
178.40585144519596
178.6426059721867
178.71853119306346
178.90285586993897
179.04563363857744
179.04563363857744
179.04563363857744
179.27631260068762
179.3333155612673
179.3333155612673
179.39865038876593
179.39865038876593
179.67751749245403
179.72129659618986
180.12829493081978
180.6224403402612
180.6224403402612
180.6224403402612
180.83923187139894
180.95384065428235
181.06808788497946
181.17140797466226
181.32696007276212
181.41634818638803
181.7922513445813
182.0097116902661
182.25613291553182
182.25613291553182
182.81137249295904
183.11879090850002
183.52221928226646
183.52221928226646
183.52221928226646
183.55144922597424
183.72715881540472
183.9518976890425
184.0809526848542
184.0809526848542
184.09619045840734
184.1032094494894
184.1032094494894
184.1032094494894
184.1032094494894
184.1032094494894
184.385084244618
184.60016808336
184.73833942761237
184.975493015671
185.24761507063758
185.60358170971452
186.1334672688792
186.23704126655244
186.31013387691524
186.31013387691524
186.31013387691524
186.6666588753672
186.9744607678948
187.12836422792242
187.12836422792242
187.12836422792242
187.2740375127022
187.57615296915276
187.57615296915276
187.73793574570828
187.73793574570828
187.73793574570828
188.229743377652
188.23479232598712
188.4972420914983
188.55634128729335
188.58935485851853
188.87200699549052
189.20911364217082
189.4571159386954
189.6088814453329
189.70183439990433
189.8311301727855
189.8311301727855
190.33181459273445
190.54934051143437
190.54934051143437
190.54934051143437
190.67567704888182
190.91000999962566
190.91000999962566
191.022072344554
191.07836939872251
