0.47985079762902305
0.830958864298475
1.201522474994821
1.6817633284833602
2.225354422752438
2.2527767338586733
2.400627254840592
2.969697471231786
3.24735308744443
3.487941731990574
3.578684879042725
4.114279951728676
4.497901445788758
4.570518135647259
5.00480117075147
5.229385977988814
5.38835756729351
5.765374923882379
6.249160763829815
6.607261011909894
7.1277936654284515
7.460911632414918
7.656563857189355
7.656563857189355
7.656563857189355
8.080308246438653
8.69213130802063
9.305185263435828
9.714071688614446
10.15117237301114
10.517079582350851
10.829707048471338
11.476977573846364
11.907277645861347
12.651018317667225
13.263396518822123
13.786129248668114
14.436921447263812
14.80386180891884
15.555798609045606
15.919188917502998
15.942383165064554
16.060168136171086
16.812567274086284
17.45453770546801
18.00112598297777
18.00112598297777
18.681416054507388
19.30446664222598
19.604725920955687
19.8415377407065
20.657807956634393
20.826912711868665
20.826912711868665
21.48361843095052
21.752234911814686
22.033050175919467
22.550152016878307
23.285857702457253
23.566905260349234
24.216583032728707
24.641802823717498
25.024690625592314
25.49073157155093
26.284320901073173
26.642297900428936
26.642297900428936
27.141527606402203
27.66677660061619
27.726993477138464
28.439523393778146
28.988958772592632
29.703417891597944
29.994301431118284
30.338364089512687
30.821351683625362
31.15144412131729
31.353184960873595
31.353184960873595
31.437705427023513
31.437705427023513
31.65459953778134
32.018320949470464
32.632190213946615
33.29824607027824
33.54447807408114
33.79107341330874
34.08685705443146
34.31453858763488
35.04436228770557
35.657624415637336
36.59192328183446
37.04168262233877
37.309410066511724
38.108348199920634
38.434994950955605
38.745338329203925
38.933007820146614
39.283940039537214
39.36841008460152
39.72438088617135
39.752221168600045
40.32435081042267
40.32435081042267
40.52552792886166
40.88825247526839
41.13018283134727
41.443304165602584
41.90746212780311
42.4059856340782
42.937145724849586
43.17940129593363
43.17940129593363
43.75447469957596
44.17063269819537
44.17063269819537
44.3075589125701
44.417377164358015
44.94016845313898
45.57811692160654
45.57811692160654
45.91349632929731
46.612690360082084
47.117257334616
47.85995229959333
48.04993350292004
48.67507248564044
49.03179079523669
49.21762482769111
49.53312501581872
50.24142491481864
50.24142491481864
50.68179096387069
50.68179096387069
50.68179096387069
50.92259377578184
51.25932002457467
51.63066820483561
51.832349532843374
52.16256362871528
52.341904574112306
52.685215611387534
53.12102697816912
53.12102697816912
53.220649424938834
53.65974144744436
54.300072808501234
54.823076304586536
55.16734888235562
55.31665656705278
55.33864625780833
56.015508210158636
56.64246742591153
57.03071029662719
57.345877138527676
57.838486742688914
58.191993081131564
58.82898255392712
59.339631705347806
59.42784421071869
59.46538372273351
59.75586708354609
60.130841191421176
60.58333572371364
60.73618962247523
60.74374002448419
60.935417808029065
61.44419681753735
61.69748984237277
62.31328848211447
63.07363202412167
63.14982263735263
63.404609893206455
63.431550470849366
63.57772518160575
64.08570448091113
64.85012535260479
65.16444911481365
65.16444911481365
65.48465187488047
65.7637509370054
66.19051024324621
66.19051024324621
66.19051024324621
66.2350463075186
66.2350463075186
66.59675230730757
66.9670476509636
66.9670476509636
67.02860720968307
67.42620616997048
68.15671643236176
68.34641004275139
68.61751580093905
68.71737974905996
68.74143326676624
69.21834561870959
69.22800205269246
69.27957247713097
69.27957247713097
69.62565650406977
70.12388922464629
70.12388922464629
70.43124874385484
71.03157566385843
71.03157566385843
71.18918025742484
71.18918025742484
71.18918025742484
71.3602020883091
71.59264886288412
71.59264886288412
71.68682340497934
71.68682340497934
71.8894968566599
71.8894968566599
71.8894968566599
71.8894968566599
72.13219856544102
72.31978815853776
72.36104965614946
72.75122148918133
72.87731023313778
73.28865228070102
73.55309137464117
73.55309137464117
73.55309137464117
73.85170372188114
74.01880181684075
74.30425924400639
74.30425924400639
74.30425924400639
74.30425924400639
74.55589334367953
74.55589334367953
74.59412654095054
74.59412654095054
74.95877156053172
74.99598465397135
75.0255698090974
75.29080156017376
75.77615882354705
75.77615882354705
75.91795929652999
75.920077899111
76.18201237888456
76.18201237888456
76.79710150589348
77.06536248527503
77.21371421236375
77.66751280008769
77.66751280008769
77.66751280008769
77.66751280008769
77.82687211410258
77.82687211410258
78.00488478845215
78.30573972684431
78.42210365219279
78.42862740248981
78.42862740248981
78.56913594626565
78.78786556616205
78.89492287997099
79.08996534623174
79.08996534623174
79.37984580883457
79.82952443045205
79.82952443045205
80.07087029060702
80.07087029060702
80.12016751672351
80.26430241412218
80.46643287850432
80.69114670778289
80.69114670778289
80.89711752894384
81.20649484215198
81.20649484215198
81.57403177973318
81.57403177973318
81.87541679982644
81.90304274539719
81.90304274539719
82.27361675355394
82.27361675355394
82.27361675355394
82.5872299863073
82.5872299863073
82.5872299863073
82.5872299863073
82.5872299863073
82.92912385077169
83.18887275289677
83.24982645207669
83.28318204351538
83.76252138477155
83.83243493044247
83.83243493044247
83.86177801286117
84.3481737313003
84.95492081755147
85.12493132232086
85.19209805663579
85.6403723093447
85.6403723093447
85.6403723093447
86.08014364510134
86.0919246008585
86.45128716379406
87.01014260345309
87.144079059154
87.23190343417009
87.38284097022341
87.38284097022341
87.59735255009022
87.59735255009022
87.60647208505789
87.76899983943294
88.21834848154178
88.44834440865637
88.51333838011426
88.69271770655408
88.87405601187879
88.87405601187879
89.14087656953734
89.14087656953734
89.64486924118879
89.84849648303401
90.24824663522006
90.2962707434689
90.32949133735764
90.65034733959163
90.7963509288226
90.81593218139751
91.0531698872368
91.37718866918927
91.61603417081209
91.63352157382829
91.65228835904357
91.73208555163072
91.78692893402585
91.99377886545902
92.34982526225808
92.34982526225808
92.50756495657325
92.50756495657325
92.50756495657325
92.64863204334239
92.65416670597124
92.65416670597124
93.21824081403844
93.21824081403844
93.51498895767197
93.82235515324382
93.9285146116842
94.0821143607257
94.0821143607257
94.0821143607257
94.19771964637462
94.53353475692283
94.61063694340412
94.71656868966954
95.01871159987832
95.51734681064625
95.51734681064625
95.51734681064625
95.86314609288613
95.92164514063074
95.92164514063074
96.29962469028271
96.5411146995842
96.63175138684173
96.88939544290325
97.20019604559619
97.4201970240527
97.51267422284693
97.90423995978307
98.50081074488818
98.7416733129652
98.93666052074815
98.93666052074815
99.19067975019126
99.56616081556581
99.86083404085434
100.21482969020987
100.21482969020987
100.4326733474373
100.55991237319637
101.04881411228901
101.04881411228901
101.18078354024637
101.43447829858714
101.73198017669537
102.12334902839552
102.34429444322306
102.34429444322306
102.63687098217123
102.67694354989456
102.67694354989456
103.06323307437297
103.14716443672553
103.31044233662077
103.68230786518944
103.78720929890923
104.09332101140429
104.10616204477469
104.10616204477469
104.56376921700588
104.92542772545075
105.73560172380232
106.08665110539795
106.24559756147742
106.26027973227258
107.01514785111056
107.34410197996596
107.70013813862718
107.86220433796547
108.14159907393932
108.29994866815356
108.29994866815356
108.29994866815356
108.54806756146108
108.54806756146108
108.71977099464637
108.74633190835773
109.09754070180759
109.15448543050948
109.15448543050948
109.15448543050948
109.15448543050948
109.15448543050948
109.38104108206768
109.89710234931123
109.89710234931123
109.89710234931123
109.89710234931123
110.3340138455793
110.47681431187225
110.47681431187225
110.86268791331774
111.03607443214108
111.16954327146372
111.54300779118023
111.72624660147004
112.30730827663277
112.52391420093578
112.74861879113956
112.74861879113956
113.0004856943034
113.0790820814842
113.10542301017935
113.10542301017935
113.10611458957499
113.12588502758123
113.13552336443372
113.21870270458336
113.21870270458336
113.63983377236217
113.7332732668053
113.7332732668053
114.17648799957917
114.17648799957917
114.17648799957917
114.17648799957917
114.60395041775463
114.60395041775463
115.03386855157531
115.35677501086354
115.35677501086354
115.38118976388586
115.8601680786617
115.99855915677331
115.99855915677331
116.22152087167579
116.66945703334734
117.10862656688145
117.22934598152284
117.41848344925455
117.57462711121529
117.63367716669936
117.90907353463078
117.90907353463078
117.95293527495522
118.12496562426618
118.20285036949099
118.20285036949099
118.28037031079461
118.67329471308786
119.01482500199937
119.25752704275024
119.35120996124706
119.81320929751648
119.81320929751648
120.18221222480594
120.18221222480594
120.18221222480594
120.4917889749746
120.85163130604717
121.07191409475466
121.18568816140326
121.18568816140326
121.18568816140326
121.30713693849292
121.49924006032487
121.81176677640777
121.96799909771269
121.96799909771269
122.1176759658225
122.1176759658225
122.41482688164
122.53903251853947
122.6673766437995
122.6673766437995
122.72610893109295
122.98066605328339
123.18084297420525
123.26965717887589
123.26965717887589
123.26965717887589
123.63129573512815
123.91916126797553
124.00877768654216
124.00877768654216
124.31811351533219
124.40689840529731
124.5973666015337
124.5973666015337
124.88688270468454
124.88688270468454
124.88688270468454
124.88688270468454
124.91792861327345
124.91792861327345
124.91792861327345
124.91792861327345
124.91792861327345
124.91792861327345
124.91792861327345
125.15546190666217
125.15546190666217
125.30556585318698
125.30556585318698
125.30556585318698
125.3681707061845
125.3681707061845
125.3681707061845
125.3681707061845
125.53310440497958
126.04175105290366
126.04175105290366
126.35231455674999
126.35231455674999
126.57457500056617
126.94976690971792
126.94976690971792
127.38069758188506
127.38069758188506
127.48382019597585
127.82395810809331
127.92979600105014
127.92979600105014
127.92979600105014
128.31066540685032
128.42099102747778
128.42099102747778
128.42099102747778
128.42099102747778
128.42099102747778
129.016736078405
129.03616064192215
129.151649940072
129.27858688515028
129.36974911862848
129.49862145148992
129.49862145148992
129.49862145148992
129.54781192151674
129.54781192151674
129.54781192151674
129.58819984848273
129.69423065074236
129.69423065074236
129.79842014951458
129.79842014951458
129.89654583261031
129.9922950849011
130.06560073893183
130.47011285220796
130.71546510477432
130.962120873461
131.12184174167396
131.28231925724793
131.28231925724793
131.62429157286812
131.62429157286812
131.83136029241825
131.83136029241825
132.0642672250078
132.0642672250078
132.0642672250078
132.0642672250078
132.63484347934738
132.66624122827815
132.7099061367361
132.7099061367361
132.99435068953895
132.99435068953895
132.99435068953895
132.99435068953895
133.09564734142026
133.3374561997085
133.60638024557298
133.9912602867142
134.37043615541896
134.7332262674269
135.06750618917775
135.1453842468834
135.1453842468834
135.24315079532144
135.24315079532144
135.3828120685208
135.66861383392705
135.66861383392705
135.66861383392705
136.04836279613673
136.04836279613673
136.2356986202809
136.42037470704454
136.6586929053138
136.86762204328076
136.90714626966172
136.90714626966172
136.90714626966172
137.21494417976893
137.21494417976893
137.30210120141803
137.42143268122192
137.77622662664047
137.80060705880402
137.80060705880402
137.80060705880402
137.80060705880402
137.94242407387148
138.11474277096107
138.26804747271504
138.46295337649087
138.50985907781896
138.50985907781896
138.50985907781896
138.68134932017054
138.69789459109393
138.96490884541893
139.24939389096218
139.24939389096218
139.33928887458097
139.7980896897149
140.44916336051423
140.46065186639598
140.46065186639598
140.77727715406266
140.77727715406266
140.99048769115495
141.12647231866524
141.61146262859242
141.61146262859242
141.81230591882627
141.96625005160715
141.96625005160715
142.1949841196766
142.1949841196766
142.2619886351865
142.2619886351865
142.55020893733857
142.55020893733857
142.55020893733857
142.55020893733857
142.55020893733857
142.94672146916974
143.2045563137071
143.4456511919375
143.4456511919375
143.58048533542288
143.58048533542288
143.99181938151483
144.34493989403936
144.34493989403936
144.34493989403936
144.36747667686356
144.4769447453795
144.599414237782
144.75967322213748
144.75967322213748
144.9053628300287
144.9053628300287
144.9053628300287
144.9053628300287
144.905541891649
145.29222509200218
145.29222509200218
145.44650667541453
145.53215282979414
145.73440380318192
145.79314375085661
146.0486369489285
146.15793602327784
146.1847370113445
146.22774880301682
146.49202946821867
146.66198295195096
146.66198295195096
146.90229695434465
146.90229695434465
147.0720026447218
147.0720026447218
147.0930922219536
147.39363840015562
147.39363840015562
147.41280331243368
147.4820323233588
147.5342514107515
147.5342514107515
147.81765986319266
147.81765986319266
147.81765986319266
147.9457656266594
147.9457656266594
147.9532708462331
147.9532708462331
147.9964009389557
147.9964009389557
147.9964009389557
148.09198482563104
148.29971401596512
148.29971401596512
148.29971401596512
148.29971401596512
148.29971401596512
148.29971401596512
148.29971401596512
148.56356103804146
148.72037169203364
148.72037169203364
148.9237249732265
148.9237249732265
148.9237249732265
148.93358789126873
148.98144620091105
148.98144620091105
149.1346445867464
149.1346445867464
149.1346445867464
149.34311977308047
149.34311977308047
149.34311977308047
149.34311977308047
149.34311977308047
149.34311977308047
149.35006452151666
149.38503225823357
149.38503225823357
149.65348486728973
149.65348486728973
149.75005439962933
149.75005439962933
149.75005439962933
149.78233490104896
149.9199742063359
149.9199742063359
149.9199742063359
149.9733303489456
149.9733303489456
149.9733303489456
149.976321089068
149.976321089068
149.976321089068
149.976321089068
149.99659991222154
149.99659991222154
149.99659991222154
149.99659991222154
149.99659991222154
149.99659991222154
149.99659991222154
150.2173951326692
150.2173951326692
150.38061426549802
150.53784446951934
151.18742389219767
151.269406442795
151.4402247947231
151.4402247947231
151.4402247947231
151.4402247947231
151.53157803781127
151.80962520020023
151.95248837129787
151.96249488682807
151.96249488682807
151.96249488682807
152.11494611397964
152.43117082756916
152.43117082756916
152.6488421053364
152.6488421053364
153.15659198792306
153.37568226812584
153.37568226812584
153.37568226812584
153.43441215348287
153.58706769168955
153.68449677849165
153.86470416103074
153.86700110997106
153.86700110997106
153.86700110997106
153.86700110997106
154.07125078967775
154.23075387695764
154.23075387695764
154.23075387695764
154.23075387695764
154.23075387695764
154.4651938123512
154.6299815832817
154.6299815832817
154.6299815832817
154.6299815832817
154.6299815832817
154.6299815832817
154.6299815832817
154.66546491536192
154.76299974436415
154.76299974436415
154.76299974436415
154.76299974436415
154.76299974436415
154.76299974436415
154.822231431209
154.822231431209
154.90334027995684
155.34220457794657
155.9959499002402
155.9959499002402
156.16240242526993
156.66412727626292
157.02359112584543
157.0986560953371
157.3246046313943
157.3246046313943
157.3246046313943
157.3246046313943
157.3246046313943
157.39316629830236
157.39316629830236
157.39316629830236
157.64302125643124
157.71337663798172
157.92481076899506
157.92481076899506
157.9863418208782
158.16698703979026
158.31763785014135
158.31763785014135
158.50593952985372
158.50593952985372
158.50593952985372
158.56407511016732
158.69628216796278
158.69628216796278
158.69996428804558
158.7066931436867
159.04756883650037
159.04756883650037
159.28739591199707
159.45605152718966
159.5387213500537
159.54392630569868
159.73314677318794
159.73314677318794
159.97856232938713
159.97856232938713
160.03770712528853
160.03770712528853
160.03770712528853
160.0456680507611
160.0456680507611
160.200765110478
160.200765110478
160.200765110478
160.200765110478
160.29245364271742
160.6746800234609
160.91406452274677
161.24079358340384
161.36846638803974
161.36846638803974
161.36846638803974
161.79183692950787
162.1129483336004
162.1129483336004
162.60975784844513
162.60975784844513
162.65023904334618
162.65023904334618
162.65023904334618
162.65023904334618
162.65023904334618
162.8471748050293
163.1160252656222
163.1482513160144
163.1482513160144
163.35910363124
163.4263198273611
163.49830673647844
163.49830673647844
163.59852339739734
163.59852339739734
163.89734394647928
163.89734394647928
164.22879211110993
164.44962506325496
164.44962506325496
164.63326187718414
164.63326187718414
164.63326187718414
164.63326187718414
164.63326187718414
164.63326187718414
164.69447556982934
164.8222575796902
164.97733819085823
165.17378709991527
165.242065478215
165.26048297918467
165.33402883545543
165.60398497629023
165.60398497629023
165.62662454821032
165.62662454821032
165.70347239092823
165.70347239092823
165.80044552521687
166.1980843066852
166.33233207231197
166.33233207231197
166.67906771547408
166.67906771547408
166.67906771547408
166.75439896904916
166.76873183681852
166.76873183681852
167.00409947291809
167.16876871811095
167.31972446044054
167.31972446044054
167.52206770148382
167.52206770148382
167.567324357506
167.567324357506
167.6204633610335
167.6204633610335
167.6204633610335
167.92658190481322
168.02139240221527
168.1081817990252
168.24729240245506
168.47293327619522
168.50530020647955
168.50530020647955
168.50530020647955
168.50530020647955
168.50530020647955
168.54234374289018
168.82115551439946
168.82115551439946
168.82115551439946
169.01557809676177
169.10217151016388
169.10217151016388
169.10217151016388
169.28262393334003
169.28262393334003
169.36986490529011
169.36986490529011
169.60946260770348
169.93235198275963
170.01069156697466
170.29612250654228
170.29612250654228
170.54680893994646
170.89820988213052
170.93494371793082
170.93494371793082
170.95499389769503
170.99573577725528
170.99573577725528
170.99573577725528
170.99573577725528
170.99573577725528
