0.176330414537051
0.5627099330562866
1.1726175184942769
1.2904465610085778
1.329485271190656
1.427279021427743
1.427279021427743
1.8772388690858959
2.44797912874756
2.7573180511467186
3.015258649440227
3.562705315633116
3.610878766707146
3.610878766707146
3.7131486029520717
3.7137133448631916
3.990687172098874
3.990687172098874
4.134648017165538
4.22797968275201
4.22797968275201
4.22797968275201
4.477535249978887
4.697036787515269
4.8324763064889265
4.920060027443736
5.335024040894374
5.3585717673972395
5.3585717673972395
5.40133695504764
5.617112234315915
5.861746671952846
5.861746671952846
5.861746671952846
5.957408451177616
5.996695469291027
6.115277083355556
6.195410117999943
6.478314535400088
6.478314535400088
6.854546786296248
6.854546786296248
6.919512787551237
6.994258265968552
6.994258265968552
7.333999078035051
7.333999078035051
7.441380395487565
7.441380395487565
7.6494306838194
7.6494306838194
7.6494306838194
7.898960520435123
8.423359444162706
8.591954431623803
8.818677068215036
8.858924722373787
8.909723418619757
8.98173855594414
9.11175188895783
9.530068196229342
9.530068196229342
9.671215941996508
9.898542839344845
10.190660335236672
10.190660335236672
10.291138053877821
10.341000952490678
10.341000952490678
10.461340849275222
10.461340849275222
10.833184297526275
10.892349815927878
11.034105883887591
11.034105883887591
11.034105883887591
11.16978695698681
11.16978695698681
11.218814910243669
11.329841109946964
11.68404804173981
11.949209229962786
11.949209229962786
12.19412030049932
12.299971702933103
12.299971702933103
12.372014878144828
12.372014878144828
12.385747429927829
12.497163858150895
12.601160385392937
12.674006576450015
12.768897857345085
13.051890360101101
13.08027588924773
13.08027588924773
13.178386334158315
13.178386334158315
13.178386334158315
13.378130798186687
13.599530381088204
13.67286870127339
13.762538994775843
13.777397116014757
14.216218351109644
14.216218351109644
14.32805575410197
14.395144385514921
14.50372518271759
14.652659805329371
15.031440770832948
15.149872373690334
15.149872373690334
15.674058050142992
15.739542397077559
15.739542397077559
15.945217161978753
15.945217161978753
16.08099729616663
16.117344292370355
16.33308852209724
16.437485715015775
16.437485715015775
16.515773447098045
16.640158712653793
16.959424167996097
17.035318534471838
17.035318534471838
17.074581716500866
17.074581716500866
17.074581716500866
17.259574978667413
17.291267831466353
17.291267831466353
17.291267831466353
17.36212345085841
17.390693417086773
17.390693417086773
17.390693417086773
17.698919842656036
17.698919842656036
17.854002307747272
17.902850239791086
17.902850239791086
18.000487940003023
18.000487940003023
18.291141753071678
18.291141753071678
18.39742395399614
18.51635220945229
18.778073611992223
18.862444540570205
18.862444540570205
18.954831854762155
19.049215813116795
19.231783802322425
19.432332754676445
19.432332754676445
19.51368577099535
19.67316545223652
19.786326440909885
19.87999897468272
19.87999897468272
19.930456084179628
19.930456084179628
20.239134751643224
20.247020191877642
20.36280805913563
20.36280805913563
20.36280805913563
20.36280805913563
20.36280805913563
20.377656315314244
20.377656315314244
20.456594634257865
20.456594634257865
20.456594634257865
20.488266923913436
20.529057946990275
20.529057946990275
20.529057946990275
20.529057946990275
20.785724355192038
21.013307623715814
21.564659264997964
21.761737462897774
21.80541838784729
21.80541838784729
21.80541838784729
21.94038756376064
21.962193752308895
21.962193752308895
22.256046241712678
22.414711806873854
22.414711806873854
22.472048685841443
22.472048685841443
22.825426255050257
22.854930013339978
23.167656692815413
23.24015951874583
23.56297304795379
23.56297304795379
23.56297304795379
23.573819839570323
23.573819839570323
23.756729483672856
23.90052051869101
23.960787247087044
24.281553969119855
24.281553969119855
24.556665832899604
24.61316425497865
24.844984783770727
24.924193310159865
25.024086218755993
25.208453267405048
25.208453267405048
25.208453267405048
25.26274808565506
25.26274808565506
25.26274808565506
25.26274808565506
25.26274808565506
25.26274808565506
25.36877239338024
25.535485065152717
25.649017377271804
25.649017377271804
25.649017377271804
25.668554448266832
26.115011468440507
26.115011468440507
26.115011468440507
26.370849708173743
26.381674123882583
26.381674123882583
26.4042170508867
26.584417104603506
26.584417104603506
26.584417104603506
26.671831848211205
26.671831848211205
26.741278562638215
26.798204722748178
26.798204722748178
27.07522314978611
27.30904789121496
27.33327989101826
27.33327989101826
27.557230289907437
27.62401306859917
27.62401306859917
27.80448241075775
27.864473163330022
28.00153622807902
28.093994411900354
28.165212993868714
28.165212993868714
28.31356525935566
28.432234803430298
28.43980314188427
28.43980314188427
28.43980314188427
28.4551146434219
28.4551146434219
28.4551146434219
28.686878786780294
28.686878786780294
28.874744950271126
29.079246193958188
29.079246193958188
29.184938936291083
29.184938936291083
29.246785188834618
29.471412689582476
29.516789582000172
29.676142635151262
29.676142635151262
29.910340897554665
29.910340897554665
30.003427609110418
30.070954479155716
30.236143454497096
30.24188929236336
30.260802053598603
30.260802053598603
30.260802053598603
30.260802053598603
30.26444175274244
30.26444175274244
30.26444175274244
30.537174309657686
30.537174309657686
30.537174309657686
30.537174309657686
30.658401672249234
30.898979581081942
31.00731090826858
31.00731090826858
31.193438194842855
31.193438194842855
31.292794568073198
31.315038237886725
31.424714902587915
31.424714902587915
31.546750880526293
31.546750880526293
31.546750880526293
31.711464827104333
31.711464827104333
31.869091868035078
31.939730062591252
31.974874782893032
31.974874782893032
31.974874782893032
32.163205775439124
32.335165680714034
32.335284848232654
32.50238077971008
32.57776931264443
32.788843453562315
32.94512884673789
32.94512884673789
32.94512884673789
33.11602030747857
33.11602030747857
33.26409595834062
33.335643247115165
33.358462991575614
33.4342098239514
33.446610839715404
33.446610839715404
33.51963592610897
33.51963592610897
33.51963592610897
33.62869907229025
33.728255172056926
33.728255172056926
34.058756405878725
34.29386344978081
34.33925221937666
34.512935887779655
34.70114939466335
34.82588590183176
35.20298002400304
35.309882078920694
35.309882078920694
35.33660179096409
35.40331495941896
35.80803795488683
36.099310778992525
36.099310778992525
36.14650868578575
36.34393403467699
36.34393403467699
36.34393403467699
36.34393403467699
36.34393403467699
36.73456245064371
36.73456245064371
36.91655589986011
37.1501685689664
37.1501685689664
37.24200090348206
37.346805543805935
37.42571169891459
37.56181111173367
37.58305155134534
37.58305155134534
37.78336771126159
37.79873436537308
37.79873436537308
37.983311967820036
38.342310490971876
38.44320086906296
38.54657671168264
38.54657671168264
38.610513592411614
38.71774269591798
38.71774269591798
38.71774269591798
38.71774269591798
38.71774269591798
38.74758021914488
38.74758021914488
38.9282238684044
39.04305666519495
39.28674450479724
39.28674450479724
39.35902697223154
39.549742599297986
39.669541619645024
39.669541619645024
39.78103259912817
39.78103259912817
40.07118744626353
40.510608180091765
40.726883644140244
40.77242250142171
40.90195123471644
40.90195123471644
40.99307802286817
41.16794729681669
41.16794729681669
41.16794729681669
41.16794729681669
41.16794729681669
41.21921043089431
41.40612779514934
41.40737019875111
41.48323342951352
41.48453870175035
41.61806636014136
41.61806636014136
41.61806636014136
41.61806636014136
41.61806636014136
41.61806636014136
41.92340306882574
41.92340306882574
41.92340306882574
41.92340306882574
42.1094511681855
42.1094511681855
42.1094511681855
42.33882971944276
42.39172097851662
42.39172097851662
42.39172097851662
42.39172097851662
42.55985367713238
42.59514988358314
42.59514988358314
42.75260940173238
42.94107158516153
42.94107158516153
42.94107158516153
42.94715190336242
42.98015033868665
43.19517445271404
43.19517445271404
43.237166622104716
43.237166622104716
43.237166622104716
43.237166622104716
43.25473175017665
43.48470586573046
43.48470586573046
43.48470586573046
43.567428150980625
43.63125975864043
43.63125975864043
43.63125975864043
43.755843161745304
43.85695749720638
44.00928742827624
44.17510525875353
44.17510525875353
44.17510525875353
44.333453759490155
44.60947524658137
44.60947524658137
44.61663193009441
44.76112723720668
44.9099933721568
45.03267139961756
45.263623476560575
45.39117594262946
45.44281852299234
45.58881361326754
45.58881361326754
45.58881361326754
45.58881361326754
45.58881361326754
45.65879545066933
45.858897232057735
45.930579398163026
46.13618309375721
46.141066668693604
46.2683621196459
46.26874853549031
46.28931539856678
46.31766257282326
46.50269360819244
46.64328125514979
46.85727989032133
47.033344641519456
47.089741576502185
47.089741576502185
47.089741576502185
47.12803399120852
47.12803399120852
47.211581650272635
47.211581650272635
47.23651046142936
47.33892687788484
47.361525669049506
47.361525669049506
47.37013020378414
47.530205652740015
47.530205652740015
47.530205652740015
47.54341899764708
47.54341899764708
47.88576053511078
47.88576053511078
48.015369910202644
48.0366110235467
48.124375785507155
48.220673260420355
48.220673260420355
48.33767378658521
48.33767378658521
48.33767378658521
48.33767378658521
48.522782966965444
48.522782966965444
48.5621466386049
48.5621466386049
48.7014738761375
48.7014738761375
48.71645343609315
48.71645343609315
48.71645343609315
49.16915170951571
49.16915170951571
49.461214695049115
49.572968687974075
49.572968687974075
49.572968687974075
49.572968687974075
49.572968687974075
49.65352908258692
49.65352908258692
49.86989434595837
50.110396829533194
50.211617741820326
50.211617741820326
50.211617741820326
50.211617741820326
50.36051577885263
50.463620145236725
50.463620145236725
50.52856963895171
50.52856963895171
50.52856963895171
50.52856963895171
50.52856963895171
50.52856963895171
50.52856963895171
50.689161093338235
50.80737350971228
50.96262151960247
50.96262151960247
51.24737378227804
51.42006317305081
51.42006317305081
51.57503082241518
51.68791000252581
51.68791000252581
51.68791000252581
52.03472917639007
52.03472917639007
52.14442379404273
52.27870098616526
52.60108503149477
52.60108503149477
52.60108503149477
52.8565284543902
52.941458606220685
52.941458606220685
52.97022774689403
52.97022774689403
53.125542513952624
53.377047267775396
53.377047267775396
53.377047267775396
53.377047267775396
53.377047267775396
53.45052319591552
53.45052319591552
53.45052319591552
53.47191806538684
53.47944357157098
53.48928160511325
53.52497366865317
53.862683259790394
53.862683259790394
53.862683259790394
53.862683259790394
54.07848777381439
54.07848777381439
54.22039339810969
54.27944628719665
54.57370844184779
54.61896740757476
54.779125709553654
55.09130029683597
55.09130029683597
55.25183695998013
55.39157366449179
55.39157366449179
55.47420760151889
55.50306305142836
55.95228289228967
55.96049043617871
56.1484624499157
56.1484624499157
56.1484624499157
56.15062738639106
56.41393662009085
56.621626968689164
56.67785662345369
56.700508395152276
56.76615799759016
56.86486742738229
56.86486742738229
56.993858397186536
57.10119375812435
57.10119375812435
57.148383078447246
57.148383078447246
57.30883180834045
57.47324045117703
57.52269866353401
57.52269866353401
57.52269866353401
57.679244622651225
57.679244622651225
57.679244622651225
57.9082699468071
57.9082699468071
57.9082699468071
57.91221666154666
57.91221666154666
57.91221666154666
58.03855321870926
58.03855321870926
58.11936072433662
58.11936072433662
58.11936072433662
58.124354110372344
58.124354110372344
58.25972360706775
58.29687518450685
58.30465939032309
58.30465939032309
58.44844119307394
58.642888947617664
58.642888947617664
58.642888947617664
58.642888947617664
58.642888947617664
58.642888947617664
58.642888947617664
58.642888947617664
58.642888947617664
58.68433985846751
58.8329840057792
58.834973928941494
58.834973928941494
58.834973928941494
58.87562587033716
58.87562587033716
58.87562587033716
58.87562587033716
58.87562587033716
58.87562587033716
58.98081209831057
58.98081209831057
59.07838505977076
59.18225198076865
59.18225198076865
59.18225198076865
59.31809578051052
59.3752941229511
59.39696699547029
59.39696699547029
59.39696699547029
59.39696699547029
59.49435641502752
59.640220350091894
59.640220350091894
59.719740044262636
59.719740044262636
59.719740044262636
59.719740044262636
59.817483268130054
59.92063880941209
59.92063880941209
60.056173398255964
60.093475399488106
60.093475399488106
60.093475399488106
60.093475399488106
60.20817291500253
60.20817291500253
60.20817291500253
60.274343989312534
60.274343989312534
60.50278737815886
60.6336739855997
60.767007833196374
60.767007833196374
60.88522058785399
60.88522058785399
60.88522058785399
61.01274023575179
61.04619876458329
61.04619876458329
61.07532493955863
61.23754573582095
61.31520705909976
61.47678004296752
61.580644642521996
61.709796329635424
61.709796329635424
61.709796329635424
61.87369879910356
61.995915844992076
61.995915844992076
61.995915844992076
62.08527157518738
62.08527157518738
62.13030800583236
62.13030800583236
62.13030800583236
62.13030800583236
62.13030800583236
62.13030800583236
62.1685043038245
62.1685043038245
62.17398949572899
62.1865961941429
62.1865961941429
62.259238224177516
62.259238224177516
62.36183471028288
62.36183471028288
62.36183471028288
62.38155823910264
62.446943323337486
62.90130219269162
62.923675316634984
62.923675316634984
62.923675316634984
63.07309785382329
63.274502200074224
63.56654620111402
63.71979200416058
63.71979200416058
63.71979200416058
63.91385266556072
63.91385266556072
63.91385266556072
64.13058925636923
64.13058925636923
64.13058925636923
64.58654613093815
64.58654613093815
64.59866635208483
64.73533297172607
64.84001713180456
64.84001713180456
64.84001713180456
64.90083743197002
64.90083743197002
64.90083743197002
65.30495166166746
65.38917003218197
65.38917003218197
65.4834124423285
65.4834124423285
65.5634372238765
65.64272861159284
65.64272861159284
65.79321304403251
65.86121035901535
65.86121035901535
65.93759766103332
65.99626208232685
65.99626208232685
65.99626208232685
65.99626208232685
65.99626208232685
65.99626208232685
65.99626208232685
65.99626208232685
65.99808930600366
66.00206438074748
66.00206438074748
66.00206438074748
66.13537010257893
66.19699222712381
66.23090928482375
66.23090928482375
66.23090928482375
66.23090928482375
66.23090928482375
66.23090928482375
66.23090928482375
66.23090928482375
66.26980095805828
66.26980095805828
66.27791637820424
66.27791637820424
66.27791637820424
66.27791637820424
66.27791637820424
66.27791637820424
66.34301993388146
66.36587828612576
66.36587828612576
66.36587828612576
66.36587828612576
66.36587828612576
66.36587828612576
66.36587828612576
66.44424848387551
66.44424848387551
66.44424848387551
66.44424848387551
66.44424848387551
66.44424848387551
66.45958170640588
66.45958170640588
66.45958170640588
66.45958170640588
66.45958170640588
66.45958170640588
66.45958170640588
66.45958170640588
66.4755842592984
66.4755842592984
66.47694304165677
66.61466397246683
66.74325905336947
66.74325905336947
66.74325905336947
66.74325905336947
66.74325905336947
66.74325905336947
66.74325905336947
66.74325905336947
66.74325905336947
66.74325905336947
66.74325905336947
66.86920745902731
66.97329797751426
67.03175660737394
67.03175660737394
67.05260866863367
67.05260866863367
67.05260866863367
67.05260866863367
67.06252111015434
67.06252111015434
67.06252111015434
67.06252111015434
67.06252111015434
67.06252111015434
67.06252111015434
67.06252111015434
67.07633163422116
67.07633163422116
67.07633163422116
67.07633163422116
67.07633163422116
67.07633163422116
67.07633163422116
67.07633163422116
67.07633163422116
67.07633163422116
67.09669128220078
67.09669128220078
67.15300673623882
67.15300673623882
67.15300673623882
67.15300673623882
67.15300673623882
67.15300673623882
67.15300673623882
67.15300673623882
67.28467126287329
67.28467126287329
67.28467126287329
67.28467126287329
67.28467126287329
67.28467126287329
67.28467126287329
67.28467126287329
67.28467126287329
67.28467126287329
67.3106048043523
67.34384800379937
67.34384800379937
67.34493007297213
67.39602147550455
67.39602147550455
67.39602147550455
67.40378240736996
67.50507411991856
67.50507411991856
67.50507411991856
67.50507411991856
67.50507411991856
67.50507411991856
67.56268644199395
67.56268644199395
67.56268644199395
67.56268644199395
67.56268644199395
67.56268644199395
67.62456242949226
67.62456242949226
67.62456242949226
67.62456242949226
67.62456242949226
67.62456242949226
67.65435533760093
67.65435533760093
67.65435533760093
67.85077390673307
67.85077390673307
67.85077390673307
67.93414100319859
67.93414100319859
67.93414100319859
67.93414100319859
67.93414100319859
67.93414100319859
67.99010349752277
68.03349543685577
68.03349543685577
68.27559711906582
68.43132996146431
68.43132996146431
68.43132996146431
68.43151795075451
68.45579783599182
68.45579783599182
68.45579783599182
68.45579783599182
68.45579783599182
68.45579783599182
68.45579783599182
68.5553603618477
68.58345555688454
68.58345555688454
68.58345555688454
68.58345555688454
68.64984734397041
68.64984734397041
68.64984734397041
68.64984734397041
68.64984734397041
68.64984734397041
68.64984734397041
68.66879425434061
68.66879425434061
68.73354631269252
68.73354631269252
68.73354631269252
68.73354631269252
68.79542184965159
68.79542184965159
68.79542184965159
68.79542184965159
68.8020693222371
68.84860965218115
68.84860965218115
68.87288063894738
68.87288063894738
68.87288063894738
68.87498025997333
68.87498025997333
68.87498025997333
68.87498025997333
68.97538771762314
68.97538771762314
68.9879794120138
68.9879794120138
68.9879794120138
68.9879794120138
68.9879794120138
68.9879794120138
69.06160305426931
69.06160305426931
69.06160305426931
69.06160305426931
69.11404270014958
69.11404270014958
69.11404270014958
69.15368566462526
69.29857036357089
69.29857036357089
69.34985920380247
69.38450021919033
69.41382352247304
