0.537034167821665
0.8859058651898477
1.2004815677810226
1.5036607092667418
1.988517423420404
2.6066232348546126
3.1115577913653905
3.4677395527557424
3.7941703111316
4.369404538682221
4.717818829945534
5.103940853517852
5.759515807115168
6.386300630200964
6.610126999542725
7.197013848890498
7.580117630812022
7.741022807050388
8.179717411236952
8.684568723961991
9.026129647196912
9.724781939850581
9.724781939850581
10.244774878862847
10.649355304993604
11.04215323750077
11.41851709835215
11.759083235714733
12.065464977037607
12.339035526319877
13.017447533731747
13.417475604540819
13.74239332722692
14.27325211400997
14.27325211400997
14.60902215280587
15.007331953610821
15.968983978113998
16.47938440115925
16.98190443189629
18.323009481969656
18.688449009870595
19.379194053328728
20.017153914489306
20.22703211519859
20.754121804600047
21.487464464021812
22.027584209629477
22.617090343315276
22.987733938829063
23.763086705257795
24.36647965766293
25.127424570669778
25.50824516603924
25.749358711287563
26.328896851631022
26.813762801124867
27.09233055983629
27.50384557516197
28.082380250206807
28.48816815655233
29.248362057132123
30.24146614927777
30.854590619489425
31.2731970484592
31.87414291399177
32.160914181897574
32.77382280944012
33.547996977051014
34.2703399386234
34.411990920748906
34.730489932103026
35.4530122224017
36.21942418887723
36.505250235020625
36.85965952617286
37.586450104410275
38.058456889429316
38.33604868912031
39.01809217266247
39.85342492554114
40.410632724095144
41.33736636856085
42.075131567704425
42.63112564448885
43.25105031223418
43.944769637990454
44.64776609598656
44.90571740991647
45.542183852517326
45.77894337552208
46.2559068766643
46.59535032149669
46.9017053066089
47.482935505733096
48.01694683442004
48.83669713872759
49.37447604479771
49.59930407474295
50.6072771318458
51.18815023525904
51.596315271372916
52.11127741613168
52.494779061768284
52.98231025069815
53.2791959308784
53.79767382253494
54.47253924523455
54.47253924523455
54.64157152191836
54.966817973614255
55.22705539974728
55.45306705358015
55.689407986828364
55.90459416194795
56.6699471708187
56.92465831077765
57.330101272347456
57.330101272347456
57.8108610413058
58.28376415959484
58.55732360537811
58.76623543468267
59.20548808536376
59.60594023650094
60.46063176313517
60.906661220212605
61.24709436725205
61.582075279096216
62.05903725208911
62.05903725208911
62.3339692244446
62.84514690854259
63.75142393744946
64.29042907290496
64.69886077332056
64.84893720951764
65.49442261514605
65.94649603753076
66.5514271544579
66.9025790599148
67.01734228742801
67.69456457844075
67.69456457844075
67.88799244717848
68.22397376551564
68.99087441943085
69.26936692738117
69.37531445792212
69.62672192094071
70.1462057159256
70.416041752169
70.69615260267143
70.92955373503663
71.18145557116486
71.8349075094748
72.04469667862152
72.11398676785933
72.51248457432675
72.9480336023538
73.54295619950717
73.5571918117234
73.5571918117234
73.81997963938765
74.51630464761207
74.88072711871585
75.4385372519093
76.12298235027326
76.18263990219916
76.6453118340844
76.87539194952082
77.32955193355232
77.52983208906613
78.19289584627131
78.67251061208314
79.19627330574532
79.35619404723644
79.43104666201805
79.87787278412848
80.52669733215372
80.58716564864012
81.27663114089631
81.56085326157661
82.17098934613595
82.42256885727474
82.88999409678755
83.50760307459146
83.83172072047137
84.42083866257303
84.62538207281492
85.46848190097778
85.96347968746393
86.60625709919417
87.01850944509567
87.70766693590117
88.40854705737289
89.01829487939555
89.58326096818192
89.71541265981966
90.41473238601098
91.15177836860491
91.78618501797327
92.48259028854034
92.69870722487387
93.09118078162942
93.78462266534937
93.78462266534937
94.04212087830146
94.66009408294416
94.90440335866295
95.32253598862106
95.82553792991757
96.1414394967355
96.61947454642706
97.03405218481436
97.69207551678738
98.50309229818355
99.22923646548456
99.62013912759586
99.8772569793438
99.8772569793438
100.54887739483581
100.54887739483581
100.86879346892964
100.86879346892964
101.23307260223827
101.59673969377526
101.7662255543331
102.52676703376272
102.73154964278882
103.3456995593041
103.63358790671609
104.24647961497021
104.78081858345871
105.18606898460578
105.69949304374668
105.85305350533984
106.54326824399106
107.33213010906803
107.46413565762866
107.90216939952147
108.73726617890865
109.28744227775846
109.7602254839466
110.56790964830341
110.81001829888372
111.09678222965063
111.62874925036056
112.09761693918503
112.57253198663976
113.06430222769717
113.67140848866828
114.14392968999948
114.30106796005492
114.72371256735003
114.97573761968096
115.22919022525502
115.40725312583756
115.81417820621625
116.01552860962403
116.43394920161036
116.8034110803598
116.8034110803598
117.57718205771421
118.08098370904595
118.69270149348526
119.27303861536421
119.35167566621638
119.45501086356707
119.91786437154228
120.06323192890095
120.1023674986545
120.71647912428375
120.96670521226645
121.49469964830078
121.94143137706308
122.38703026111055
122.83679679403608
123.24039579187458
123.8958102347798
124.4251872071113
124.73440763793809
125.18884931466135
125.56072240775475
126.0185453415475
126.38169739577313
126.80544590211215
127.21767639984718
127.50567530154201
128.07032829816254
128.5873034052264
128.58843348214708
128.58843348214708
128.92285440617425
129.22416660439941
129.3959354401754
129.3959354401754
129.67447463290014
130.3279621246071
130.5581210895661
131.166677711497
131.30175535765423
131.35085510931626
132.08329554471064
132.65023960857175
132.87368426363346
133.9609898429304
134.42615271132672
134.8379452424736
135.7941824651469
136.34826444970687
136.65656916644525
136.65656916644525
136.65656916644525
136.80258270020443
136.96036252727694
137.54841410223844
137.8155546725294
137.8155546725294
138.05770123316796
138.31874608313888
139.05593712034297
139.20097113299315
139.20097113299315
139.497031697925
140.2331338955017
140.6034000343714
140.71821739382673
140.77744861027253
140.89162437984774
141.3793875824477
141.62547516593153
142.33506614652617
142.68762092472159
143.05729590599472
143.2846178089487
143.94430283344363
144.4057584249205
144.67340900110045
144.75015922261136
144.865077893648
145.2742523334798
146.00879132146363
146.2592614508452
146.52540088072578
146.95046946860973
147.122940716637
147.58703527170303
147.85343102465617
147.85343102465617
148.30828715134894
149.06189046593522
149.70918506336008
150.08053037810103
150.23098032958342
150.94920706310188
151.0478801897652
151.87747895581683
151.87747895581683
152.28730115090465
152.41745742772517
152.8211086006497
152.92636212237193
153.13499345440852
153.5706071763949
153.5706071763949
153.90273258077738
154.1118950733001
154.22397410478294
154.409932928547
154.59438749030255
155.16859899646383
155.60699069147245
156.55692852016398
156.90179773631266
157.30143438714677
157.535183030535
158.16892167082628
158.8941191269146
159.3439306010941
159.40811702866304
159.70474106305582
160.08129124265625
160.3849866476718
160.64172162866873
160.84809403064475
160.84809403064475
161.33370585665386
161.85462416276067
162.44949345317426
162.78146820258775
163.2366607026564
163.88854661926734
163.88854661926734
163.9313937853517
164.65173887168828
164.9480099079359
165.30865082876463
165.64768773667137
166.16820520326974
166.6169613139633
166.87707984879532
167.0670236268654
167.80403958945914
167.87209288477075
168.04209153176285
168.09501076234702
168.11572246893454
168.42560846034561
168.46523515322502
168.6199574567582
168.6199574567582
168.72384368672547
168.72384368672547
169.16042840224634
169.41860641250497
169.64161941260264
170.21229218238574
170.52101265220605
170.60617812727372
171.00421067550255
171.1184966067429
171.45836533666915
171.45836533666915
171.45836533666915
171.4653024042551
171.84720834293287
172.18624791727106
172.2411605544775
172.2411605544775
172.54979493817171
172.84407393001905
173.07484341024767
173.07484341024767
173.07484341024767
173.14514024949784
173.44832515696342
173.80505520256568
174.34952808775176
174.7921104432402
174.9183105282894
175.34553209676994
175.34553209676994
175.7312328671662
176.04389433736625
176.3877686544362
176.6858733372511
176.6858733372511
176.88276427711187
177.02856080018597
177.02856080018597
177.20283735701264
177.32546805871016
177.68098915062225
177.71415715508002
177.71415715508002
178.14579093713238
178.45450181971444
178.93034064874635
179.04886844014953
179.54819958124318
179.56569667046483
179.83404037222442
180.3103705498845
180.41849376662367
180.9030230571159
181.0412106544373
181.050869931816
181.1615137654937
181.1615137654937
181.31795329467604
181.50462578945584
181.82975442777544
182.26133688506297
182.26133688506297
182.54451737205392
183.0761100140654
183.65705958977694
184.06220629783553
184.230660526613
184.52557347212812
184.7807884383168
185.02247355432104
185.70159556426194
185.70159556426194
186.0136817480592
186.32328899911624
187.05982248917715
187.24412602404138
188.15950161522167
188.55913816079044
188.69401597478296
188.85041836537636
188.94097065643888
189.2982438715697
189.3652838511039
189.66983155164243
190.0992463459457
190.5941453361469
190.90773074954325
190.90773074954325
191.27247989931476
191.36737109222753
191.7688997412742
192.10028007499042
192.49030854684014
192.49030854684014
192.64505633033122
192.64505633033122
192.64505633033122
192.67762516451467
193.04214788825794
193.4692941511562
193.8574363089496
194.68974675229447
194.90455612378824
195.06858016547065
195.29618569190143
195.81008023104232
196.45591450856273
196.45591450856273
197.00723894298787
197.11622783269354
197.44559164500188
197.44559164500188
197.68041189242885
198.0717426134083
198.3273963060283
198.33949401024117
198.60409458762587
198.86449660986582
199.51351139045013
199.67495376469722
199.86313134284813
200.1756783128108
200.1756783128108
200.42008139568884
200.72718010237156
200.88729596528663
200.88729596528663
200.89767692008934
201.10047500180957
201.10047500180957
201.1384869842687
201.65910890255998
201.65910890255998
201.81854142031224
202.24497405187873
202.33637753258074
202.64836994006063
203.03081532043188
203.205339693841
203.43750274420023
203.43750274420023
203.43750274420023
203.49351932812382
203.52840644257697
203.9022261196268
203.9022261196268
204.0272117991567
204.2016640197412
204.3406735912121
204.83783036144072
205.25679361107447
205.73936418810882
205.96558441521478
206.09473933226565
206.47719289112302
206.53387400125146
206.7701650908964
207.02352068752518
207.02352068752518
207.3767445101473
207.48034082045055
207.48034082045055
207.80076151661626
208.0771659540851
208.0771659540851
208.0771659540851
208.0771659540851
208.12714864653486
208.56956575921788
208.56956575921788
208.71072656347454
209.13306616979244
209.57259054039145
209.57259054039145
209.78314956521965
209.83301392858326
209.83301392858326
209.8386299574148
209.84687416777086
209.98633830245723
209.98633830245723
210.1544523024489
210.1544523024489
210.15963561031072
210.63204261671603
210.9818381547179
211.2930105751877
211.49282478680814
211.49282478680814
211.49282478680814
211.49282478680814
211.49282478680814
211.56017986565024
211.87137623093687
211.91881343401622
212.08306498660357
212.08306498660357
212.3882476343666
212.90321980332547
212.90321980332547
212.9328125471329
212.9328125471329
212.9328125471329
213.09237730663807
213.5575123512292
213.5575123512292
213.7529902973902
213.7529902973902
214.0882698780195
214.0882698780195
214.53857073030784
214.90051847719116
215.11837399370827
215.2965425277417
215.29952678819808
215.29952678819808
215.6572177898692
215.6572177898692
215.6572177898692
215.90768300699548
216.15200370250935
216.15200370250935
216.23355320194906
216.65345491509512
216.83681412441945
217.33820741555766
217.33820741555766
217.47821859081208
217.54445439934784
217.54445439934784
217.56382577596813
217.56382577596813
217.56382577596813
218.0192867356606
218.10610406613654
218.53786289512112
218.62620328275415
218.8863600819749
219.3837103868066
219.3837103868066
219.3837103868066
219.3837103868066
219.6750352716228
219.98459447450898
220.4990268152786
220.53956015922657
220.6740965589999
220.6740965589999
221.0402074233202
221.47958279875056
221.929680535764
222.09622118245053
222.26431613213782
222.50703429260122
222.50703429260122
222.57722525463367
222.73421425015408
222.7710673147596
222.7710673147596
223.00547897420486
223.0812927030822
223.33851332731638
223.49937193581795
223.49937193581795
223.64727721841177
223.96371244194236
224.20914453666947
224.3121907858915
224.3121907858915
224.69850091753852
224.69850091753852
224.7144614965058
224.75497935209228
225.1701966112165
225.39302988594363
225.85489934464385
225.9903327248073
225.9903327248073
226.28297128371364
226.5142695845868
226.75076105807483
226.82014134124694
226.82014134124694
226.92113742744021
226.92113742744021
226.92855633604918
227.05884568356078
227.35778302542883
227.35778302542883
227.35778302542883
227.39353295728884
227.6836034841435
227.6836034841435
227.92714377689717
228.06723511726176
228.25006110610772
228.77444895910222
229.07017886485332
229.1414182096959
229.51537336996813
229.51537336996813
229.51537336996813
229.61207935189347
229.61207935189347
229.73811497941674
229.9135305939167
230.1113966713888
230.2792532017238
230.52842704906396
230.52842704906396
230.77549843362706
230.81016520175032
230.81016520175032
230.89687643754007
230.89687643754007
231.2485955113485
231.76233572354155
231.97497061890522
231.97497061890522
231.97497061890522
232.06118863771118
232.24069470517438
232.37273552718784
232.37273552718784
232.37273552718784
232.49262111989003
232.49262111989003
232.5002985236664
232.53756425222716
232.80348509480416
232.80348509480416
232.80413457068616
232.8551182382414
233.03826935344574
233.62450031736347
233.95720426138877
234.29275798107227
234.55754880011648
234.55754880011648
235.00561967199246
235.45338915808077
235.85789011751763
235.85789011751763
235.98029530857553
236.11134425176013
236.17971267657484
236.3533712494398
236.3533712494398
236.3533712494398
236.3533712494398
236.48634572294682
236.92995915666398
237.19180580174628
237.6034184154666
237.88369944657052
237.88369944657052
238.07884834781137
238.39309790050564
238.39309790050564
238.52684417863665
238.6092746425091
238.67980241228398
238.76497890296466
239.15260272464758
239.32996534277447
239.33355970673463
239.7474407933074
239.9676592356482
240.17742936706816
240.23490735335488
240.33237621106187
240.33237621106187
240.37380631703655
240.37380631703655
240.37380631703655
240.4104224187423
240.4104224187423
240.7740866659105
240.90447498083623
240.90447498083623
240.90447498083623
241.31716772500135
241.31716772500135
241.31716772500135
241.31716772500135
241.31716772500135
241.45062085081332
241.45062085081332
241.45334949914982
241.892090560434
241.892090560434
241.99362941840624
242.1154772817712
242.1154772817712
242.3220462491181
242.42257250155325
242.63774920572118
243.03277398863122
243.1469599343442
243.44878647722857
243.56495636510272
243.56495636510272
243.56495636510272
243.76337895012745
243.76337895012745
244.01438215600655
244.19699024905185
244.19699024905185
244.374231525346
244.374231525346
244.374231525346
244.55397978333662
244.55397978333662
244.55397978333662
244.64897109296743
244.70082383973295
244.70082383973295
244.716788048321
244.716788048321
244.716788048321
244.716788048321
244.90413772373864
245.09415153289999
245.09415153289999
245.31204422719892
245.62445382097346
245.62445382097346
245.83322999952887
245.89567640069717
245.89567640069717
245.94787379825627
245.94787379825627
245.9493198394032
246.04479252165552
246.24987670130207
246.30949022821255
246.44397445662824
246.44397445662824
246.55984655929785
246.76382542345627
246.76382542345627
246.89756587071082
246.89756587071082
246.967750546703
246.9980987113558
247.2376180324363
247.2376180324363
247.2376180324363
247.26323179148633
247.39965793523433
247.39965793523433
247.4584989561158
247.8220136988363
247.85580911342896
248.0070556124198
248.29677217881357
248.48834659456506
248.48834659456506
248.49879294038726
248.49879294038726
248.54413067402027
248.6540738821618
248.6540738821618
248.73730971077933
248.73730971077933
248.75940796386425
248.75940796386425
248.97111135467196
248.97111135467196
248.97111135467196
249.03247611326316
249.13214661854423
249.43784478141868
249.66561614094434
249.76377305519898
249.76377305519898
249.82103172808786
249.82103172808786
250.03503005684377
250.03503005684377
250.3482956868518
250.45383049382968
250.51768181264777
250.67347372326287
250.8163989384397
250.88731927561346
250.99262037947273
251.13562070935993
251.15985664687727
251.15985664687727
251.15985664687727
251.28823016136624
251.36187747446198
251.36187747446198
251.68138346677947
251.9043812521612
252.01924907606266
252.2045634439025
252.2045634439025
252.2045634439025
252.3353481106686
252.4156814980642
252.4156814980642
252.59662530695653
252.60775916057918
252.72207247883253
252.84677219532372
252.84677219532372
252.84677219532372
253.1583224742718
253.1583224742718
253.1583224742718
253.5259854962309
253.5259854962309
253.81209956307254
253.81209956307254
253.90742649220107
253.90742649220107
253.90742649220107
253.90742649220107
253.90742649220107
254.0468647712722
254.0468647712722
254.0468647712722
254.11302028511565
254.11302028511565
254.18849841457654
254.18849841457654
254.296738082098
254.296738082098
254.296738082098
254.36129892258998
254.42737987666007
254.42737987666007
254.48806540428572
254.4926422175377
254.4926422175377
254.81146656715802
254.87112167472586
255.2272307116652
255.2272307116652
255.24568319188168
255.24568319188168
255.48305009862835
255.7558431032173
255.7558431032173
255.8752739329973
255.9944125503263
255.9944125503263
256.28127544126016
256.3353406755079
256.365436221797
256.365436221797
256.46386373050166
256.46386373050166
256.66917969444626
256.8168149067462
257.2813558105563
257.4804277217354
257.4804277217354
257.4804277217354
257.4951570191343
257.6893079239071
257.7544412483921
257.7544412483921
258.1033487834648
258.4901400720104
258.6796235469658
258.6796235469658
258.6796235469658
258.96444864803306
259.2973445869881
259.31397591186516
259.31397591186516
259.41920436106153
259.41920436106153
259.58904653707225
259.8139173971438
259.8139173971438
259.8139173971438
259.8877525351111
259.8877525351111
259.8877525351111
260.0050977526563
260.0050977526563
260.1954963937534
260.27593175220983
