0.3501908440274835
0.7547926170112302
1.2597795280908808
1.791618481444042
1.9786407639822046
2.0577081437577873
2.451657718907941
3.0035331108024637
3.2240200540889243
3.2240200540889243
3.753727855580788
3.753727855580788
3.912858330167043
4.007921520269216
4.151811594645045
4.151811594645045
4.151811594645045
4.18476736469813
4.5560323918167756
4.821687505575145
4.89001987403617
4.999448324597077
5.196537881248941
5.524144191635576
5.822639184701059
6.365313725919145
6.511935118648684
6.8884263456964145
7.038215157839395
7.263150453836007
7.477254868646769
7.692379620188116
7.692379620188116
7.7456483260284354
7.7456483260284354
8.1851148267493
8.32472669387184
8.518695130237445
8.811854400268523
8.986636569422945
9.1913183782774
9.762719316122377
9.762719316122377
10.13085727676576
10.70686129780347
11.035105566258663
11.485461218704481
11.664516457657554
11.939788547658482
12.140269148895715
12.320596739645
12.754576677275853
12.754576677275853
12.96899049769546
12.96899049769546
13.061272181698845
13.061272181698845
13.16730448239879
13.16730448239879
13.201162906890184
13.655709062857586
14.154103512859574
14.154103512859574
14.459810118879465
14.908901903459503
15.200807531339851
15.433210303300715
15.457985064112453
15.613704324216055
16.152900304842863
16.337017584934717
16.387698284020754
16.652164851568003
16.652164851568003
17.02161090592431
17.02161090592431
17.07227916944935
17.179698363313666
17.474462554979272
17.474462554979272
17.704813736307575
17.704813736307575
17.747888081790084
17.850013383755314
18.10268063042759
18.159807816209593
18.159807816209593
18.20320984818005
18.20320984818005
18.20320984818005
18.417065397816344
18.672446872856206
18.68188646183549
18.701679609592823
18.87212749192731
19.117303050934847
19.117303050934847
19.17898408677469
19.28787248242559
19.28787248242559
19.28787248242559
19.28787248242559
19.559383575056096
19.559383575056096
19.559383575056096
19.645466313427853
19.678585612189586
19.811793964596927
19.811793964596927
19.815684201537074
19.815684201537074
20.056089498118926
20.057050041908145
20.34086306561258
20.447768556206256
20.539490467434394
20.834008844575997
21.1830082038849
21.194669139322478
21.299816834525355
21.320490667253278
21.320490667253278
21.320490667253278
21.320490667253278
21.700771217605293
21.75338014463624
21.813860324036646
21.813860324036646
21.936001759273356
22.475180772439508
22.96010176622874
22.97761959624303
23.158096731220926
23.158096731220926
23.52753922967681
23.97507463730742
24.04220158169891
24.04220158169891
24.071232319483055
24.223975952134243
24.511074595422446
24.90087574796178
24.984225080381435
25.19168838288435
25.272880828330013
25.68085626226672
25.68085626226672
26.16729545536372
26.360276461355426
26.65024183871464
26.66778402276441
26.795804892678387
27.279989939177284
27.57862531260877
27.808189305188417
27.808189305188417
27.933330627991094
28.28466940422981
28.28466940422981
28.560840262113047
28.774016442337842
28.830298440594333
28.94666465825241
29.18234792729479
29.260883447072622
29.709307340443598
29.816967921914788
29.92203053191444
29.92203053191444
30.151514424493268
30.158202832855093
30.23061760701784
30.23061760701784
30.320297417544
30.477210966478452
30.67564816119065
30.67564816119065
30.67564816119065
30.67564816119065
30.95616131528817
30.95616131528817
31.321088629320464
31.644934298205293
31.751261163596045
31.751261163596045
31.751261163596045
31.85907562337074
31.85907562337074
31.9428546931127
32.248482179949995
32.599294093398406
32.73527846197374
32.973427013859535
32.99558351666653
33.03860243181024
33.43617835780788
33.76809580610032
33.76809580610032
33.897546418567366
33.897546418567366
34.2592561774309
34.507164185496244
34.74658009282389
34.99274227018321
34.99274227018321
35.12041545465353
35.44409850567955
35.44409850567955
35.729097605918426
35.77841959692314
36.01496084922942
36.152891059567224
36.48353837367532
36.76136669582224
37.01722547235227
37.296817840199324
37.430202779815836
37.430202779815836
37.57665012242502
37.57801023739896
37.63407033437407
37.84417444814493
37.99372303909244
38.29986260137874
38.6959259357403
38.6959259357403
38.899459367635465
39.52300969221304
39.68573770765173
39.81564045166702
40.230168518169485
40.46321836511534
40.76919714060096
41.070012617075776
41.116396513519064
41.57516173815553
42.01676959431652
42.09582552801378
42.09582552801378
42.172911505601505
42.21042853674703
42.84602278009227
43.316884671306575
43.316884671306575
43.585835888674325
43.585835888674325
43.585835888674325
43.92309694375806
43.92309694375806
44.26078723479108
44.38307134954483
44.58519927896004
44.74295875371791
45.20105684267718
45.469431394050375
45.81769159651446
45.864072721024705
45.864072721024705
45.864072721024705
46.06074849101242
46.30558986780824
46.39969320255723
46.6805573204035
47.02117166129234
47.06611731486956
47.22251860881865
47.543033056848614
47.61408162556009
48.20774499703156
48.295789191602346
48.456662533824115
48.76251619614383
49.054843287594665
49.2133433778753
49.54100808611853
49.55785818333888
49.580369373646036
49.74581680222171
50.02631087806724
50.338206555032365
50.4629940595225
50.4629940595225
50.4629940595225
50.70162683247636
50.91103659385209
51.145274334021416
51.28935622811623
51.52920742375981
51.83998459687064
51.92377582566727
52.27756904301164
52.621744724622374
52.78697566915868
53.28696511748661
53.62711636019296
53.832392810338526
54.00767363449946
54.247139012516186
54.247139012516186
54.75938381198486
54.821271982760585
54.821271982760585
55.04343356029517
55.343355770478155
55.633073370580775
56.24130655891977
56.51069411739157
56.64796918337443
56.788125960840134
57.383695484226656
57.50016401332124
57.92126799657562
58.37868091621095
58.81804187358546
58.97144177887235
59.20612627294698
59.23254737384768
59.51894132291196
59.51894132291196
60.173841605045546
60.33694318859963
60.734263009280326
61.27830489324773
61.27830489324773
61.810417803148624
61.97710041019664
62.12161500553759
62.12161500553759
62.313598091613706
62.375678138097555
62.497502014185194
62.64178191434749
63.07542748783226
63.27076346294165
63.75551582406985
64.25825450579148
64.36479190118438
64.57093351348026
64.790110349858
64.90214537441896
64.91541261654282
65.2011712554364
65.2011712554364
65.2011712554364
65.34189444757875
65.68010018071526
66.09064751322808
66.54281397115795
67.06674467842276
67.06674467842276
67.33424609233947
67.4310221007532
67.65923374502718
67.80627716590872
68.0405147497186
68.46204399633098
68.7398949891876
68.75230322898955
69.07031255223316
69.07031255223316
69.40660369744269
69.62670301754655
69.80630157102793
69.94583210281168
69.94583210281168
70.30101263393846
70.46122475062265
70.46122475062265
70.66166765780471
70.73200320752227
70.77115841939244
70.77115841939244
70.94072842496217
71.01135757944775
71.15452298105158
71.3012431572242
71.73476363076644
72.07558818421526
72.22187722126036
72.4278656264593
72.82589231274147
72.90558889820139
73.29124472403328
73.43814268282787
73.57912165815982
73.79010916165555
74.1859745565304
74.40660286431576
74.55073449944629
74.86419075833072
75.2028124825994
75.2028124825994
75.2028124825994
75.2028124825994
75.46860327711367
75.46860327711367
76.09476788205022
76.09476788205022
76.21977220578363
76.29818419867635
76.42988492947502
76.73690111010656
76.73690111010656
76.77456333054442
76.78347082701653
77.05413796429637
77.09945358782396
77.38848165328814
77.38848165328814
77.55524143682686
78.08569201158738
78.08569201158738
78.5011249834215
78.5011249834215
78.5741700431044
78.78228105529513
78.87226220808725
79.24180682125623
79.26941222042991
79.31085651013704
79.31085651013704
79.97295963414032
80.02788654096172
80.27975038321166
80.81187355582323
80.94787611610954
81.4372029635934
81.75438732792924
81.75438732792924
82.26726816604022
82.4786834453964
82.81194849643447
82.99593438016574
82.99593438016574
83.35564397454644
83.52956091379995
83.52956091379995
83.77820075729598
84.42307255253304
84.45523200216135
84.52244582908877
84.74622514946917
84.94147748430596
85.15951479019995
85.5688164849566
85.5688164849566
85.5688164849566
85.5688164849566
85.5688164849566
85.5688164849566
85.72434180688599
86.15874006663299
86.15874006663299
86.35420663466651
86.54592815429292
86.54592815429292
86.98659471560347
87.12426968896133
87.48692585147192
87.79719064777495
87.79719064777495
88.09711331217439
88.44792155535337
88.50301262739129
88.50301262739129
88.81905212530081
88.81905212530081
89.02166424479402
89.20904344753517
90.02575573721589
90.02575573721589
90.29279264783833
90.61333136788117
90.69486736731378
90.99743712413935
91.19058772783471
91.54271749464488
91.85777242210416
92.08812564065659
92.6095000711859
93.06662060567571
93.07557959600008
93.18943939567285
93.6905947586886
93.91140789132933
94.08649359494717
94.4868975205348
94.87077595712137
94.87077595712137
95.13368873373787
95.75882597208002
96.0017286203894
96.27637336726994
96.58224883063308
96.89162078042273
97.51939245958317
97.95704519528611
98.25113318377377
98.57020769558892
99.13179302801103
99.60491209613964
99.69323127651681
99.69323127651681
99.70252233389208
99.94482772397703
100.01938314002636
100.42892219523321
100.64917163022467
101.01477700715694
101.58772704481736
101.60987003477959
102.06970906749306
102.6850095666413
102.88849093603062
103.01840765104814
103.21300088812498
103.51229455431074
103.89471893092502
104.02585070814477
104.3887438590221
104.51900994441229
104.92900069814344
105.18580459851688
105.18580459851688
105.18580459851688
105.31410510800308
105.48750637387315
106.02923276918371
106.3933626151052
106.74951822680407
106.8512188618539
107.42839091391122
107.52416212072386
107.86154556636646
108.16346750084685
108.42521938921172
108.42521938921172
108.67874630867554
109.19363093139035
109.31239593228041
109.76972708750506
109.94212476181097
109.94212476181097
110.23018338959103
110.27126210090263
110.46936430288777
111.09684046231705
111.70849598301416
111.83963926820938
112.2989184730354
112.2989184730354
112.38737811858869
112.50090311166825
112.62016908647259
112.68852009306738
112.92713138836012
113.29265141072648
113.56080276716655
113.85915455356343
114.01842249819006
114.01842249819006
114.0851541070196
114.14921698336141
114.18479163652039
114.43002923532202
114.64316228938036
114.99672966520491
115.3235007662729
115.3235007662729
115.3235007662729
115.37635549797147
115.45783601619216
115.57919735703875
115.64677705117879
115.64677705117879
115.87396173523759
116.104985401994
116.4479697742614
116.73304105627581
117.10377928967692
117.10869374659164
117.37121900556606
117.82526584027082
118.23989682971414
118.57411174580395
118.7709593957778
119.09118315080593
119.20517698661796
119.20517698661796
119.76307099746168
120.01267740376984
120.01267740376984
120.21039156576262
120.7464765798928
121.18980992503708
121.2297431591373
121.56148953537559
121.71347323408432
122.02449114943279
122.34127812376974
122.47294030161629
122.78707992817489
123.11006260061625
123.27220945380552
123.47498981555778
123.6917167509368
123.88949824104513
124.03299700768088
124.28146191165368
124.47677365907258
124.61293575417395
124.96335151559906
125.16667485460232
125.27047191098153
125.61741485163704
126.11975979619648
126.21787815373094
126.4590862896198
126.4590862896198
126.56074997817367
126.69638364122746
126.88364805192391
126.99818084380247
127.3650793876346
127.6192055031292
128.05333065746882
128.16028340201655
128.16028340201655
128.69011121993552
128.91181976565818
129.12862031448788
129.57217811496326
129.65583790878452
129.80315663829427
130.02861418837088
130.02861418837088
130.42665075989342
130.4988022305287
130.64014413223177
130.64014413223177
130.89542096194654
131.27774895249678
131.45506731774935
131.48089947990775
131.5376098503709
131.54711262425488
131.8921097115936
132.14134117000475
132.33845199532178
132.51598164520587
132.51598164520587
132.8832665489885
133.42823551183778
133.42823551183778
133.88313347175696
134.0973985222293
134.3342757199402
134.62894102523026
134.75275325044828
135.0382182026812
135.42677533721582
135.67473852207843
135.67473852207843
135.72509274396512
135.82740504895312
135.82740504895312
135.91851159111837
136.40632800436617
136.61112802993958
136.61112802993958
136.61112802993958
136.8710134382791
136.99562799132337
137.07204365733665
137.18836515939043
137.40562638573343
137.46296055965254
137.60091861537694
137.60091861537694
137.86999044742714
138.00838576716336
138.36607742655747
138.36607742655747
138.66427824950716
138.68732071474707
138.91192861080523
139.04098981358064
139.04098981358064
139.3600889519858
139.3600889519858
139.3600889519858
139.67465706739068
139.94726297604188
139.95503699265342
140.27467168029287
140.55408413943286
140.72143477261255
141.35825864124726
141.59029305141883
141.59029305141883
141.88567934250815
141.88567934250815
142.20369718985827
142.58350412639004
142.78890245357846
142.84432302876033
143.0435860985028
143.46208751367436
143.70163912223722
143.77426129698148
144.08020421139483
144.16519151281523
144.24035365768506
144.41583115158258
144.41583115158258
144.60507119329594
144.8140610483689
145.18400721427219
145.18400721427219
145.33726707112052
145.49672693243622
145.49672693243622
145.9501853195135
145.9501853195135
145.9501853195135
145.99067535433107
146.02048991401222
146.38327673985225
146.38327673985225
146.466519756182
146.466519756182
146.466519756182
146.64261374179537
146.8175088245672
146.88737215149297
147.08903301175047
147.33826821486625
147.33826821486625
147.5615837056218
147.7053864511894
147.7053864511894
147.9302045014707
148.05118259327534
148.09879197138173
148.45947671261342
148.73283437367755
148.99039015743813
149.01591083938922
149.37522289032256
149.57647761084456
149.73973526239146
149.73973526239146
149.8112572704768
150.11044381837988
150.3469081914639
150.6593936555935
150.91360473076728
151.267173291849
151.267173291849
151.267173291849
151.5911361922196
151.7643241259297
151.7643241259297
151.83695936098474
151.83695936098474
151.83695936098474
152.09359259197075
152.09359259197075
152.23731671936574
152.23731671936574
152.24894565015373
152.34356177425215
152.4952764410382
152.8211229949792
152.8211229949792
153.02209982249678
153.1024562963271
153.1024562963271
153.1024562963271
153.40775965546706
153.40775965546706
153.40775965546706
153.45453292535638
153.49650263573474
153.6082401026989
153.6082401026989
153.67614004806342
154.0204179966002
154.04974056191196
154.264481765471
154.446958359378
154.6988654525206
154.6988654525206
154.6988654525206
154.8484384283545
154.8484384283545
154.8484384283545
154.8663923948323
154.90298340187726
154.90298340187726
154.90298340187726
155.10539172461142
155.25848674263705
155.29154378063942
155.29154378063942
155.60911500303004
155.60911500303004
155.64010452342262
155.64010452342262
155.64010452342262
156.11320133679854
156.33737291984784
156.42574366336873
156.43039618687357
156.63439856662814
156.63439856662814
156.7766938594471
156.8431773091138
156.8431773091138
156.8431773091138
156.85441973965246
156.95130829514318
157.35058111006472
157.4183652323157
157.43326050659945
157.64462958798973
157.69814021084352
157.69814021084352
157.93114697144128
158.09104956940297
158.27809835206986
158.48063380685218
158.86263256627922
159.37805585016778
159.64435031912
159.67500107375687
159.86024777404307
159.96874124118733
160.06705791694299
160.08523416969007
160.44153495911678
160.5175048763211
160.67876549510137
160.67876549510137
160.9989212600894
161.0521611570445
161.35051947669265
161.60002769586652
161.60002769586652
161.77823575989476
161.92882958100827
161.92882958100827
162.11250827341843
162.11250827341843
162.5459769555152
162.5459769555152
162.5919447415918
162.976114525806
163.17178208028966
163.17178208028966
163.39402000324407
163.54829336167742
164.23515065374667
164.450614456813
164.450614456813
164.58163005913465
164.77586459815225
164.77586459815225
165.09013317996462
165.29869562541563
165.3797867053345
165.63553142229975
166.1608808374436
166.60580412816168
166.7251791212418
166.87900119206844
167.04611058745311
167.33732462750567
167.84445776831515
168.1712584498126
168.3446513421884
168.7578237674582
168.89830526973864
169.08209983877438
169.20121085199779
169.6584714029819
169.79913958223534
170.1570935945364
170.40202789596714
170.81545543017685
170.87652508289037
170.9485743096286
170.9485743096286
171.4128352730107
171.58981356500155
171.8189703806337
172.0707908180756
172.0707908180756
172.0707908180756
172.13192316922243
172.33077000863375
172.35043936417972
172.3800208944933
172.40145588564815
172.48754542195908
172.48754542195908
172.54152461850825
172.54623583295952
172.5974312570033
173.02923863051336
173.28238817389843
173.57123253901193
173.82983169408504
174.03885304702814
174.03885304702814
174.37242772500173
174.37242772500173
174.37242772500173
174.41026401998738
174.5823089553741
174.8356764890247
175.1152580273315
175.30344428128015
175.3648010677212
175.45406894730831
175.5361869698132
175.810559636594
175.810559636594
176.02242330269863
176.1664137310176
176.5906549894405
176.71855291812673
177.1240833571085
177.17121162780987
177.17395439565848
177.3043268859775
177.54607189208366
177.54607189208366
177.54607189208366
177.7091630845312
177.7091630845312
177.7091630845312
177.92494809631324
178.12227736101275
178.12227736101275
178.84232878669522
179.03757517781526
179.03757517781526
179.37051346119574
179.47127515285277
179.47127515285277
179.47127515285277
179.47127515285277
179.7619575463183
179.7619575463183
179.7619575463183
179.7619575463183
179.89597436031326
180.28982016936286
180.581342734187
180.8256245286462
180.87095923240156
180.87095923240156
180.87095923240156
180.87095923240156
180.87095923240156
180.87095923240156
180.9663193929252
181.4069485243644
181.59916602726483
181.72834935190346
181.91807726560717
181.91807726560717
181.95802464064204
182.12522947403554
182.12522947403554
182.27838497036365
182.53182786841865
182.53182786841865
182.82860865931877
182.82860865931877
182.87320017519818
183.1383009681442
183.1383009681442
183.1383009681442
183.43806161338298
183.7099820953796
183.72424470328167
183.83763173995067
184.0033475969845
184.2154423668428
184.32034120555366
184.46113779468666
184.7026746979546
184.89257367181997
185.1092154922507
185.2296683655732
185.2296683655732
185.2296683655732
185.30067741754223
