0.2903057356066007
0.7465410501807259
1.101150093482504
1.6692069444592277
1.9945145756692975
2.0684971773785956
2.297904215691203
2.6904257509452796
2.8537798774066667
3.0997314486048473
3.709633810237678
3.971987733534512
4.758595702809538
4.906613605918845
5.101651605625714
5.126372528063482
5.605952944322181
5.769878335165175
6.1359722034114865
6.1359722034114865
6.636961784050532
6.999797408005326
7.102763689932056
7.102763689932056
7.3163996705736
7.8414851969814485
8.424821408798092
8.502737254698248
8.76003402241861
8.957884885636078
8.957884885636078
9.541935279688479
9.75269368798893
9.923269396429083
10.436003719885276
10.436003719885276
10.436003719885276
10.746872220716101
11.042713237489794
11.578053229176602
11.717404340948526
12.177858717672416
12.537225937439212
12.83935077964539
13.139477148061724
13.346809148178435
14.071121837790724
14.566908378946566
14.77922158070084
15.653735082757832
15.730304173793597
15.897296399745834
16.226474372010337
16.36649270959956
16.36649270959956
16.742203020527317
16.742203020527317
16.742203020527317
16.836790286406142
17.07081856196049
17.174806925190907
17.31372593120035
17.31372593120035
17.528930033759462
17.59878205724444
17.61009444925173
17.61009444925173
17.7329469210242
17.93503860259688
18.331558188795896
18.66624696036353
18.66624696036353
18.921619554378452
19.400830074679046
19.400830074679046
19.58954498671777
19.60810742674244
19.85578295941358
19.986395229291748
20.05850305731368
20.05850305731368
20.149924604778178
20.33471422081114
20.596975978717182
20.765978457561054
20.774615855633346
20.774615855633346
20.843752432863194
20.946989383484283
20.977199300277444
20.977199300277444
21.12100661708571
21.28045562637257
21.301745854760362
21.301745854760362
21.301745854760362
21.32684318889234
21.425203571967344
21.575812451130254
21.75035196843281
21.75035196843281
21.840626294880515
21.920429376877465
22.155219143218112
22.155219143218112
22.22675622480323
22.22675622480323
22.22675622480323
22.235417599403984
22.55248190166614
22.66874047725691
22.98134450134052
23.383287965799337
23.383287965799337
23.662036699139435
23.662036699139435
23.70629062302792
23.936936089287446
23.936936089287446
24.16393508921957
24.16393508921957
24.38806450796588
24.38806450796588
24.737826864176057
25.2292617226656
25.2292617226656
25.2292617226656
25.256614469266488
25.62913580635304
25.62913580635304
25.7312684336895
26.262783493201738
26.262783493201738
26.5971162652154
27.02775316078738
27.03394797061906
27.12379519207564
27.212058805980394
27.662593750393505
27.928337133802714
28.154942603217176
28.154942603217176
28.154942603217176
28.420534188954637
28.658707899651066
28.978225917792248
29.585935118859076
29.689489683950644
30.047455906937035
30.372465357916113
30.577290374260812
30.742466605692922
31.114195584003284
31.370659946201105
31.83675371799158
32.32567056616548
32.4608739770386
32.571357821544886
32.571357821544886
32.57710516443168
33.12066785421217
33.65159139166602
33.83803599053479
34.18312162001715
34.245049103067096
34.61441484234997
34.84625860607204
35.07260000351071
35.492781307550864
35.899140734132644
36.12774837687151
36.51309052055857
36.82137810648166
37.1324764490596
37.16128865075241
37.312218810333725
37.38519282062554
37.479522831127646
37.479522831127646
37.947044035542675
38.15412762185158
38.51335301359618
38.958816599450095
39.34557663783886
39.41496556661586
39.52463369784024
39.96534607938269
40.170671262251965
40.624694238602025
41.11834636525457
41.434042426624416
41.434042426624416
41.85774337769704
42.07596482179184
42.287089470074996
42.90674517559432
43.332360513776784
43.75152915621568
43.91520804732612
44.168618792634945
44.53205906413105
44.954050925610744
45.00103368749413
45.325555945810734
45.83686099231838
46.1760120012734
46.52017127488299
46.56943351898665
46.650262920008444
47.02327508331485
47.14860782927323
47.14860782927323
47.53479667141733
47.683349702840246
47.9878021676944
48.43135198770745
49.06304725361058
49.31308013723206
49.722460390518144
50.11969073432502
50.252941666506
50.83110462694716
51.370128733565736
51.74892139902448
52.474316515526475
52.95058288287799
53.2806107772329
53.73006520448603
53.73006520448603
54.04502401502511
54.26397189507804
54.60803980792366
54.96029071668034
55.290578855249336
55.65363185330725
55.99604513951306
56.32123583810324
56.8163932761964
57.06613406688383
57.59686438767015
57.68706829992282
57.89000570325875
58.226443532403785
58.226443532403785
58.91704800402476
58.97806436432535
59.13570694382917
59.399431560951044
59.399431560951044
60.11486596851983
60.88560833487941
61.157428863200636
61.61531385233445
61.80314236585748
62.12430663370194
62.305605309721855
62.45422880941776
62.92419522407636
63.099226590063154
63.61561013231136
63.728148571682645
63.936229784610575
64.11214989084975
64.48369516656365
64.48369516656365
64.63133408306462
64.69688686319871
64.89813916808784
65.5941878990818
65.82309815142843
66.24740321330587
66.47563799442659
66.70294254901457
66.70294254901457
67.00972001004659
67.16965838761774
67.28025782889931
67.44198271765772
68.08702521439078
68.29204865515159
68.31550431142962
68.95467151179389
69.52673130517307
69.6234444390746
69.89772472255818
70.18045571347807
70.556842341788
70.89447728720255
71.07557267317351
71.5081690539464
71.7733154860234
72.0573704596925
72.51291154908877
72.88012053995952
72.88451108911181
73.44463357408168
73.44463357408168
73.69904652555293
73.9427696882678
74.3376936070671
74.3376936070671
74.62943639433014
74.93542606961583
75.50471847962748
75.73747465361836
75.95206349576567
76.27035045968805
76.76279557612604
76.84293039612643
77.31260316486382
77.33690647936373
77.51613321421189
77.67035151725396
77.67035151725396
78.01130661662872
78.09940570386821
78.28933428360925
78.55811649447091
78.57386957070351
78.73224797105644
79.06644594158207
79.62169754102699
80.11595790793506
80.33408134725413
80.47703653174075
80.61145949972277
80.75208172202464
80.75208172202464
80.75208172202464
80.83961829250433
81.04401355302453
81.09431755059316
81.30845170509704
81.41517537095001
81.64604239833503
82.35264560520162
82.89544226897958
83.0753094519192
83.56662556807524
83.70968494509621
84.01726742622782
84.20088480947206
84.71220786931428
85.30809134581504
85.30809134581504
85.31769072051605
85.74148957710523
86.02139505142803
86.29282345941678
86.58096615049783
86.85955853170313
87.39636028546805
87.72140075274
87.81239454074307
88.16446467457449
88.21385173082257
88.2148209730158
88.28155936582448
88.50912382982317
88.88693900348431
89.33690552751291
89.78498150279063
90.04787477621888
90.04787477621888
90.41140881694584
90.9527930749397
91.31906443912487
91.78118506577547
91.94190000006226
92.533223977921
92.84983518946632
92.98069933576754
93.45375141777427
93.46996057167387
93.76707747832646
94.4039983051393
94.48248126461681
94.70925458406201
95.00594187839003
95.28434813080474
95.28434813080474
95.81598726751557
95.98480352919383
96.56933207516228
96.90424875945308
96.95501959120338
97.3178680244686
97.6306257482072
97.67131299880286
98.13491803721402
98.40206588415604
98.68696776665152
98.82292201650186
98.82292201650186
99.03750178524032
99.16469489557063
99.33511129764368
99.39996426711903
99.39996426711903
99.53128582482412
99.76963140836583
100.20334009431681
100.22532369436902
100.71790255533533
100.76167094065657
100.84940676043591
101.04093712981151
101.63788809620462
101.67820606620161
101.99765496402586
102.34384690583568
102.56001655559905
102.86197606171542
103.05665121208887
103.29683248762434
103.59494410224924
103.62907256898305
104.06540118364214
104.18440343933558
104.18440343933558
104.31434715475366
104.35727717196602
104.37034036503042
104.41501819977087
104.41501819977087
104.42535326769696
104.73836485199843
104.74858969088079
105.41402681199355
105.90183787541238
105.90183787541238
106.16623894766158
106.32907680560307
106.76918077462977
107.23333969854802
107.44908495195297
108.05055813511504
108.30720598436746
108.71300590950024
109.08490094400165
109.17396476896197
109.17396476896197
109.70250154554375
109.860929236112
110.000974156814
110.26960720976851
110.5689299032434
110.5689299032434
110.5689299032434
110.95100339694002
111.01070871258987
111.47399715957769
112.11541616023423
112.60945725731095
112.71919789398385
112.71919789398385
112.71919789398385
113.07834559044947
113.21348407962698
113.46323481385126
113.4802233114759
113.72990596598338
113.78846098926849
114.11763937851967
114.36296506338853
114.46275672025466
114.69933994551252
115.22779167702949
115.26720603389603
115.48201592062341
115.75999964197992
115.9708729554588
116.41011347454206
116.41011347454206
116.44011024239535
116.57531060726457
116.79135402738217
116.91744081574728
116.96501985315057
117.49523840114864
117.50385968097441
117.80413381689002
118.01207705277474
118.17299021480521
118.17299021480521
118.69604744945464
118.73285127772608
119.10475527510273
119.22682030827814
119.22682030827814
119.36449692727622
119.54404075622281
119.70193050408835
119.94437025218093
120.06642993164053
120.19016929329447
120.20479474788506
120.28771888180216
120.33969044759712
120.84504540618968
121.10347764429031
121.31080317829004
121.6369356777182
121.82190513203626
122.40669131941374
122.81193182608324
122.91464894944939
122.92621355239285
123.08750862326096
123.16668187299571
123.44873540524314
123.56363477114229
123.8021180347409
123.88397735811594
124.05811867650333
124.20249563692838
124.20249563692838
124.32317905905731
124.32317905905731
124.35672704442672
124.35672704442672
124.35672704442672
124.50917707125872
124.84777029483104
124.91132113275648
125.07687159917052
125.29195359813203
125.45840503874797
125.53465484766106
125.87274566034006
125.91002245918264
126.575212371508
126.575212371508
126.62116108558212
126.62967897457024
126.65631827107833
127.14585578852193
127.31151687488838
127.43413905393385
127.65542469651979
127.719786610349
127.87935566818324
127.87935566818324
128.3089371818591
128.4354487082267
128.4354487082267
128.4354487082267
128.4354487082267
128.4412688644139
128.5863327063465
128.5863327063465
128.75188361672576
128.96874302341055
128.97993420811542
128.97993420811542
128.97993420811542
129.41253152976108
129.55985278642814
129.7505439419702
129.7505439419702
129.85843770972642
129.9385548791533
130.1920248727058
130.1920248727058
130.51574600370648
130.991529758081
131.35813050642793
131.72743041557342
131.73519848784474
131.92815868615423
131.92815868615423
132.1988085733689
132.1988085733689
132.23488737541345
132.65613134501407
132.95472625395993
133.1622319433052
133.51975873530367
133.5750331593842
133.80117431680176
134.30248340183115
134.458670296715
134.72965057527156
134.88654835045642
134.88654835045642
135.14019114192
135.1478712884425
135.41289514661526
135.4908785743346
135.79712855266627
135.90686543641212
136.30248756846228
136.8609627288779
137.03605733800455
137.03605733800455
137.03605733800455
137.05107899519456
137.18975638970784
137.41571959812165
137.41571959812165
137.73590172528046
137.84968227686537
138.13149479847465
138.2394529111461
138.4666747088799
138.5937359222739
139.12691260756486
139.14230524635383
139.42976769794635
139.8313746038017
140.00963827604429
140.00963827604429
140.60590690529287
140.92535234674835
141.56816775881157
141.83598153529894
141.90687205348524
142.15177896208382
142.18486080055624
142.3820770170257
142.3820770170257
142.77186380658085
143.2188494864641
143.54135171016765
143.93636697187424
144.07487441833607
144.23972135014017
144.5488244285959
144.91847969297822
145.17684761082398
145.55306088893315
145.8107359813706
145.82705741648974
146.17573827734367
146.32616331041967
146.37122712169665
146.37122712169665
146.85345044123918
146.85345044123918
147.1131545111712
147.4231675868036
147.4231675868036
147.53702670310915
147.95892855429682
148.24369450820384
148.41017344333298
148.9627743618982
149.30222396691912
149.30222396691912
149.86521673395848
149.89566493143562
150.03310757149413
150.15260910559545
150.35727267196324
150.76385214259932
151.11753168396513
151.46570856296756
151.73329245930938
152.44322774675527
152.76950168747865
153.15761639507505
153.15761639507505
153.20648105010244
153.50936543154205
153.8662015476487
154.04474928032195
154.16315429797518
154.64606420695657
154.85712892696336
155.0732448331406
155.29707596769262
155.33838726166422
155.8652109315734
156.3901081770379
156.78929026743668
156.78929026743668
156.9396961730834
157.0344414225195
157.2910063883168
157.47181991917034
157.8154365323985
158.13705043677385
158.45311896796656
158.6868776297979
159.01972571572756
159.15832271536857
159.29674896218845
159.33667924370417
159.33667924370417
159.75456605210167
160.00543450818387
160.00543450818387
160.33504165489688
160.5745492316189
160.5745492316189
160.9836774762725
160.9836774762725
161.1436466904408
161.7695996330095
162.06972656674955
162.06972656674955
162.14107872488682
162.14107872488682
162.32467608825402
162.32467608825402
162.32467608825402
162.5940332328614
162.69337112557577
162.69337112557577
162.69337112557577
162.8205403954506
162.96277732953976
163.0371573206828
163.31201843443793
163.45003028310714
163.7547235075566
163.87648467281937
164.0622294589449
164.1406458710335
164.37191406126908
164.56042208615207
164.702029701579
164.89845352053354
165.04415752821603
165.20440332093142
165.20440332093142
165.29747202411514
165.6087556177428
165.68752359879366
165.82517491971672
166.26172190563358
166.3481124128022
166.49295655705467
166.49295655705467
166.56668157052334
166.84459472569492
166.8646352616653
167.16118705712177
167.42370161411
167.60223434824886
167.60223434824886
167.85496975118463
167.97569813231007
168.20862821941284
168.47470989515674
168.91624792784847
169.04112346835944
169.3857392789777
169.80691267835414
170.08375146430382
170.08375146430382
170.35325345794232
170.35325345794232
170.35325345794232
170.4072807178898
170.4072807178898
170.52013749562715
170.74725755793983
170.74725755793983
171.09290071092104
171.34754487825498
171.8565241034558
171.938325834828
172.1573613869014
172.1573613869014
172.16327532672398
172.16863363670117
172.1889705931893
172.1889705931893
172.3462043727279
172.46779721195225
172.57929693845375
172.57929693845375
172.57929693845375
172.57929693845375
172.83755019085677
173.04895735296793
173.3185418669928
173.57254405628592
173.6860408026998
173.6860408026998
173.6860408026998
173.92299255324906
173.93294869073333
174.04860099837506
174.04860099837506
174.40370770442567
174.40370770442567
174.4253440455186
174.431172599994
174.45809468719736
174.58232128409344
174.58232128409344
174.58764008328114
174.59606545184096
174.69839923642897
174.69839923642897
174.72830538001799
174.87777764005506
175.22904391712726
175.52504192666942
175.6745637178074
175.89998834874746
175.89998834874746
175.93265143952954
175.93265143952954
175.96823229822098
176.13016989083735
176.27261847774673
176.27261847774673
176.45714263690815
176.68946211642714
176.81166417045458
176.8923064534871
177.11425161195854
177.11425161195854
177.36659288526874
177.36659288526874
177.5371167921553
177.7450112956515
177.81877485911045
177.81877485911045
177.81877485911045
178.1029955474812
178.272013583525
178.4070839551587
178.4070839551587
178.4070839551587
178.43216418460742
178.43216418460742
178.6513390417207
178.6513390417207
179.1690498978354
179.35038371907459
179.35038371907459
179.5490078153581
180.02527722778933
180.1527599322585
180.1527599322585
180.4088469456586
180.51407765082905
180.51407765082905
180.60720178454525
180.71090203814225
180.98214018370905
181.2046280447736
181.33818824182077
181.33818824182077
181.62445869863652
181.89200194122128
182.15231516160415
182.22617678609168
182.28081822771807
182.4297091106614
182.4297091106614
182.6503323530236
182.6503323530236
182.87914198783707
183.15381872170397
183.2162362684977
183.2230011987303
183.55361900738
183.7122144851793
183.7122144851793
183.74226757725816
183.9175527647706
183.9175527647706
183.9175527647706
183.9175527647706
183.9175527647706
183.94757968838582
184.15527108380041
184.62003710082638
184.70123673562424
184.84605396660922
184.9227788212636
185.01036787114916
185.09508643484557
185.22352624814684
185.48816468522992
185.68551643076992
185.89581429579601
186.06512806078993
186.10385968457493
186.13480097623358
186.13480097623358
186.36335465701902
186.36335465701902
186.48180741610096
186.48180741610096
186.48180741610096
186.80596493597992
186.80596493597992
186.91348978003015
187.10198384870026
187.2659135937934
187.56632463682453
187.66091868572917
188.02990887460155
188.30190721974043
188.30190721974043
188.48930666450684
188.48930666450684
188.60871176160364
188.65286777270032
188.65286777270032
189.0869213140253
189.150489718326
189.3298005028109
189.69990027618257
189.69990027618257
189.69990027618257
189.69990027618257
189.69990027618257
189.69990027618257
190.00440411159923
190.15955515481045
190.38349612976197
190.6078585336209
190.6078585336209
190.6078585336209
190.6222437460046
191.3322045695219
191.3322045695219
191.48057817806867
191.52473308353973
191.52473308353973
191.64896148288577
191.71561814257015
191.73308485451673
191.74691518433403
192.11331719911493
192.11331719911493
192.18328153766603
192.5225421127611
192.5225421127611
192.55631247041947
192.55631247041947
192.6750129781484
193.01665694712162
193.28845998506847
193.28845998506847
193.3666241483598
193.5385360940824
193.8108671040925
193.8108671040925
193.8108671040925
193.90959036389322
193.90959036389322
194.0170775868913
194.27893311908613
194.57659717528028
194.57659717528028
194.7168263324729
195.18835685512045
195.40537996622453
195.40537996622453
195.45494818445636
195.7374635956467
195.7374635956467
195.86250596348688
195.9561187370211
195.9931303332247
196.01247442130003
196.05384456727387
196.33042635309994
196.5043580827333
196.56460029246108
196.6588213044979
196.81812262283418
196.81812262283418
196.96333797707226
197.0348142727621
197.26732927619443
197.4560775924021
197.6502189147967
197.6502189147967
198.05401532412287
198.05401532412287
198.1544650942844
198.4876056898189
198.4876056898189
198.50222330204207
198.6349504095791
198.69473877811754
198.88432143256702
199.20415478574247
199.32171522146334
199.32171522146334
199.35507132173313
199.52545312875654
199.52545312875654
199.81065184717056
199.98262679551885
200.04440110303972
200.12650761161487
200.5472933249759
200.88892435574044
200.88892435574044
201.06592757298765
