0.8450293125085662
0.9757291265008274
1.3402690085628601
1.804640103047802
2.1467715332027715
2.6069326710974376
3.110623144827823
4.1526414421491555
4.649371176349433
4.894826942972928
5.5322058001197805
6.215998529263908
6.96961259782102
7.655985456866778
8.065756523077559
8.813894862885903
9.550575389793645
10.429838003207353
10.876034157294445
11.712121185824364
12.52522257264518
13.072048812830461
13.642833128295768
14.310140085232737
15.109728670830409
15.736891871611597
16.084134286946107
16.593980967622468
16.886436268991666
17.435517906098745
17.948522862985463
18.68509009262092
19.306707102793514
19.919767004970538
20.71626289696066
21.294103873292524
21.792912560076093
21.94810460433563
22.36896888835251
22.997770487055444
23.879807925558044
24.306802165148728
25.04116994591358
25.470292438452706
26.1806301099951
26.78090317197455
27.46739120197877
27.893816424444047
28.414944974592064
29.05779460944099
29.630567716333783
29.9705293481642
30.413951467175927
30.90033930204948
31.591670752876578
31.775350362875027
32.20643136739771
32.8394454726008
33.174068428587
33.870531494137964
34.40148981567495
35.10709257853092
36.129066677457566
36.65791949690268
37.23524177147615
37.615456135298906
38.14636777444832
38.92269093650723
39.15716467770293
39.1699811649361
39.93757966499017
40.44728620220981
40.44728620220981
40.67634759144457
41.02058999177405
41.520750420957164
42.08223674433654
42.08223674433654
42.72826245194117
43.4813652187825
43.91825673177751
44.25958696441764
44.58124629259226
45.11405752259987
45.61142997804335
46.25575735174572
46.935674200928815
47.501690114410124
47.908920010828034
48.46580453128557
49.24233255175535
50.01522883815677
50.477518254469096
51.27419424283589
51.84951983085742
52.40912009843146
52.92697482847011
53.23788940350491
53.88920113882736
54.711305722030886
55.45614306027522
55.855407287702334
56.372600039271674
57.11823794072786
57.58257970639552
58.016529573973145
58.76151223409944
59.03330209944599
59.24311326780138
59.4370490107567
59.902661227782325
60.17262352646655
60.833728564017505
61.39471956463069
61.68231682333794
62.420352079035645
62.993543450223136
63.31563072453327
63.3265769985642
63.79460784614542
64.32088173927583
64.61798557562038
65.27431293627706
65.85451006719354
66.221836275768
66.65875597615273
67.0698047630044
67.74529786239452
68.03009887675243
68.39622014294305
68.8852683249558
69.25750692885696
69.88920075767811
70.45700419550981
70.82273388463469
71.31200577450117
72.04684113389054
72.57215539696283
72.68760053890553
73.1143433769501
73.621905431656
74.28935900842015
74.63126384244228
74.63126384244228
74.9653362631538
75.23508190945844
75.66635483274099
75.8408672964068
76.25438373018021
76.66935755129907
76.89583026142533
77.62048920326625
78.14933436252434
78.39901961159151
78.78031965368744
79.08158246500001
79.18909799342192
79.69273120927457
80.22153434985535
80.41248500477431
81.07390752456637
81.78002884102956
82.55418311602858
82.76487730433023
83.12966960203696
83.53126012072578
83.74871829487704
84.10039113070522
84.6283439209676
85.21354724215243
85.5870041823656
86.49871540102232
86.991099229798
87.57613305248302
88.32678652153564
88.83235820999971
89.47300810016101
89.82310229145577
90.23461202983297
90.84322159999833
91.29550341969306
91.87032070739728
92.03619338225226
92.3953537288988
92.73044637856606
93.23334001801291
93.71802709996528
93.82694709456027
94.35898932809498
94.53046094085015
95.0583224346364
95.45976922572392
96.1425713099437
97.03281525319912
97.2239165422518
97.82528177519507
98.5259638841715
98.81021900377898
99.21911594348823
99.69653220913311
100.29827791300778
100.71235842384058
101.09255765656992
101.56179617955246
102.12517052322765
102.49892660146014
102.79975495409164
103.17325801730503
103.97103209950433
104.46634728837955
104.76486218766465
105.45566033228324
105.84637488416894
106.36182988080462
106.61218683039202
106.61218683039202
106.92480050762747
106.92480050762747
107.2792865495186
107.80963139219945
108.2301931773671
108.49354958865806
109.27913896851538
109.87432631690565
110.80301379317774
112.03035746784957
112.40764014443299
112.91883973265067
113.16246941927048
113.33506961465642
113.33506961465642
113.72394703093934
114.08199997666362
114.30924421606912
114.94266047238587
115.2591899104256
115.77545066481476
116.2355999628301
116.7024698023571
117.36241417736478
117.64311292116892
118.0098887581249
118.76478211664416
119.23781283334536
119.23781283334536
119.38123751747693
119.83492057235601
119.9343103300337
120.50157729539099
120.50157729539099
120.76812760418156
120.85481782691113
121.16927412188366
121.57472045405667
121.57472045405667
121.67002233477226
121.67002233477226
121.73985410279963
121.73985410279963
121.74057396389284
121.74057396389284
121.82101500111146
121.9621322017075
122.01064943661717
122.0869014160174
122.25350188214252
122.34471675790968
122.34471675790968
122.35491134880495
122.42039036692714
122.42039036692714
122.72582461234961
123.42938851556124
123.56530214324637
124.00541663161096
124.67788423838871
125.07079321714389
125.08174779208507
125.72015776201812
125.7294655526768
125.78062675755226
126.07899353672369
126.15655684035092
126.6886035960991
126.6886035960991
127.04170260913048
127.42937777092972
127.79105816528416
127.89683407599573
127.9200103596605
128.5740127637828
129.04403293738073
129.64804950319856
130.07551414411412
130.15988251271156
130.36528711538915
130.36528711538915
130.48580262455613
130.7944497353332
130.7944497353332
131.02739862722
131.21331595321058
131.82009585319435
132.12568040667023
132.12568040667023
132.2045947186864
132.53255343684148
132.79475731912143
133.03972869632503
133.26389426846126
133.74557829849078
133.74557829849078
133.94913860683565
134.17185501773585
134.26629907429353
134.26629907429353
134.26629907429353
134.49632236423176
134.8528600430203
135.09040129901726
135.09040129901726
135.3801558128284
135.74763966606122
135.8016518257594
135.95190374446085
135.95190374446085
135.95190374446085
135.95190374446085
135.95385524588934
136.1420016267685
136.3383319096369
136.36120501103485
136.36120501103485
136.80005276463302
136.9494565467415
137.18621943130307
137.34570618460867
137.34570618460867
137.34570618460867
137.438186216892
137.54611138728475
137.65289921901405
137.65289921901405
137.65333060538808
137.91730259548493
138.00995143743745
138.2085264806512
138.43368592541086
138.67010885376502
138.92945591822564
138.93816724611148
139.09321036179333
139.4740612319574
139.60059831124667
139.60059831124667
139.60059831124667
139.99688944228518
140.30329402174664
140.34720500407363
140.8680015562361
140.8680015562361
141.3758683885263
141.63555582702344
141.83480768692718
142.25471042294683
142.25471042294683
142.45954433684025
142.45954433684025
142.90191894254522
142.90191894254522
143.12418626432114
143.32434783500815
143.55749820033432
144.02860563495355
144.45797938369174
144.77968450976687
144.77968450976687
144.77968450976687
145.1420518406942
145.4259310656652
145.4259310656652
145.58236479123542
145.8684679788461
145.96611481795384
145.96611481795384
146.377681764126
146.68225584522853
146.87049866469806
147.10086908600323
147.10086908600323
147.16507457363866
147.60409052324457
147.60409052324457
148.18932334458944
148.4847869241908
148.4847869241908
148.62257713714763
148.62257713714763
148.62257713714763
148.7657700655429
148.7657700655429
148.9319163725352
149.2184742224795
149.31882119441585
149.31882119441585
149.50874771555786
149.50874771555786
149.56859870926365
149.5718957606185
149.6051349857049
149.75291103343017
149.76321358247878
150.41248614685713
150.41248614685713
150.41248614685713
150.5855915660314
150.61789558828903
150.61789558828903
150.6525376140529
151.28548262005012
151.44838929795782
151.48025071930908
151.48025071930908
151.48025071930908
151.78268291433096
151.78268291433096
151.78268291433096
152.06654221070832
152.37946259055093
152.7308012154311
153.2318373732115
153.4123014192857
153.68669347325135
153.78306891455455
153.7857635188932
153.8647729595974
154.17552505510275
154.27296798811943
154.46728932551986
154.6233109510878
154.8212448653023
155.05436303318763
155.13634339606554
155.4074381216268
155.50072200188276
155.53202315710277
155.53202315710277
155.58347050033734
155.98893892727594
156.49618169494718
156.84499708964756
156.87964396309653
156.87964396309653
157.15134319998648
157.56257704554898
157.56723094198296
157.56723094198296
157.63517303761074
157.70050262446048
157.9711158282826
158.0707115820396
158.37921756028177
158.7031197399066
158.95692643594415
158.99823222608265
159.01629534749475
159.2200247891885
159.51041614978004
159.636239842163
159.636239842163
159.73987559911055
159.73987559911055
159.73987559911055
160.18054179267082
160.26489985633643
160.39712243913314
160.42898324397427
160.4704414138616
160.63591251763717
161.1923073110913
161.62095282009193
161.88423138965285
161.88423138965285
162.0356417398663
162.2293910289344
162.70812136634171
162.97655129666128
162.97655129666128
162.97655129666128
163.00489552994318
163.5168073321152
163.59807120046818
163.59807120046818
163.59807120046818
163.59807120046818
163.67720950352816
163.67720950352816
163.67720950352816
163.96280944304945
164.09120689761608
164.22551962498343
164.28111730039547
164.47640931587858
164.50181575940726
164.82884519871774
164.82884519871774
164.82884519871774
165.04091185859895
165.04091185859895
165.34188429482936
165.34188429482936
165.34188429482936
165.34188429482936
165.34188429482936
165.34188429482936
165.34188429482936
165.34188429482936
165.47905577304334
165.5432870009225
165.6740959836904
165.6740959836904
165.6740959836904
165.6740959836904
165.6740959836904
165.6740959836904
165.7595575240725
165.7595575240725
165.7595575240725
165.82656886246755
165.82656886246755
166.009901613458
166.1089549692336
166.1089549692336
166.34798003151667
166.82555332052885
167.10505446905748
167.2600294414842
167.2600294414842
167.34874272815946
167.34874272815946
167.6206274202849
167.6206274202849
167.6643239736886
167.6907557516896
167.74512161474732
167.74512161474732
167.8925059203359
167.9767938636167
167.9767938636167
168.24081060012463
168.28024465791023
168.28024465791023
168.54715434914831
168.54715434914831
168.6776569953645
168.6776569953645
168.68716777480077
168.87739372945222
168.96239785636627
168.96239785636627
168.9864706248385
169.11205688231223
169.2771618817867
169.2968479107267
169.42930177182728
169.42930177182728
169.42930177182728
169.6232676062645
169.87659756094192
169.87659756094192
170.28246169520494
170.44122477253333
170.54430421687826
170.71552955637787
170.83887153897118
171.25604005783387
171.30872933766426
171.30872933766426
171.48474822894437
171.48474822894437
171.6184917992613
171.6184917992613
171.64268524576445
171.64268524576445
171.82109132917248
171.82109132917248
171.82109132917248
171.92838074284722
171.93397564270293
172.05711167565062
172.05711167565062
172.05711167565062
172.05711167565062
172.10324144743922
172.17280659892091
172.32850257736106
172.35627666672193
172.35627666672193
172.35627666672193
172.5149973828909
172.51605029036395
172.61851609310187
172.75555516689224
172.75555516689224
173.03586063662783
173.36088834290527
173.9262303704796
174.19228722750262
174.42886188228607
174.5527768766649
174.5527768766649
174.67258794944627
174.67258794944627
174.8933510389571
174.8933510389571
174.8933510389571
174.8933510389571
174.95632965392073
174.95632965392073
175.3078400145389
175.6181958154882
175.6181958154882
175.91766645202782
176.15654497035348
176.17286102257165
176.17286102257165
176.30758836426514
176.6949844487269
176.8322145090693
177.15941381368737
177.51960405292925
178.12069787980752
178.12069787980752
178.43159356402413
178.544486376568
178.544486376568
178.60264172265394
178.95232835873267
178.95232835873267
179.40428477369252
179.40428477369252
179.40428477369252
180.0115552198573
180.0115552198573
180.40754464076952
180.40754464076952
180.59054043531808
180.61169998376806
181.0206656794581
181.26170419759092
181.30929817977352
181.4354106233062
181.4354106233062
181.4354106233062
181.52776170695566
181.8920964574405
182.05023249428916
182.05023249428916
182.25578140533173
182.36651803538302
182.3912131382268
182.40770451361996
182.40770451361996
182.40770451361996
182.5758399808094
182.65282462144677
182.65282462144677
182.94299625126607
182.94299625126607
182.94299625126607
182.94299625126607
183.12636600681392
183.48361428201818
183.68207771988082
183.9138732245474
184.15216234494338
184.22422313349793
184.59465754736598
184.59465754736598
184.59465754736598
184.88308813362727
185.22590913747254
185.22590913747254
185.38729814319163
185.41133965707138
185.69422586210135
185.9195047463542
185.9195047463542
185.9195047463542
185.97955393011435
186.11224864201498
186.11224864201498
186.11224864201498
186.19705225909317
186.19705225909317
186.2853335081648
186.2853335081648
186.67933086242132
186.67933086242132
186.85107083929248
186.85107083929248
186.89359925250207
187.11322350682343
187.32069946078346
187.40917453934782
187.59919430765106
187.80166113141092
187.80166113141092
187.80166113141092
187.8857562542005
187.8857562542005
188.0695575615677
188.0695575615677
188.0695575615677
188.11636156786588
188.11636156786588
188.11636156786588
188.11636156786588
188.11636156786588
188.11636156786588
188.11636156786588
188.2013219431405
188.2013219431405
188.2013219431405
188.24613520632585
188.52178672559458
188.69476265681428
188.74143757023933
188.74143757023933
188.81052123701005
188.9720608479542
189.20443992159105
189.20443992159105
189.20443992159105
189.4160958579772
189.4160958579772
189.54067263338717
189.7535876642526
189.83634445995344
189.83859512331597
189.92491512193735
190.0190135575225
190.12350565998688
190.12350565998688
190.20453267314522
190.3797298012612
190.3797298012612
190.69525864013772
190.77810261340144
190.9368563025314
191.10167656232545
191.40194936269168
191.40922103991235
191.40922103991235
191.54685290823647
191.54685290823647
191.70389477484204
191.74721001954094
191.85532479385984
191.85532479385984
192.19680082214208
192.63937264526155
192.63937264526155
192.9546850043406
193.4587596306341
193.4587596306341
193.4587596306341
193.4587596306341
193.4587596306341
193.8175359809959
193.9884576495313
194.00395621979956
194.00395621979956
194.3778610133812
194.3778610133812
194.55997658237305
194.57995031211067
194.57995031211067
194.57995031211067
194.6024406472222
194.6024406472222
194.65508578079812
194.65508578079812
194.65508578079812
195.08931775700873
195.34778999159846
195.77667487062024
196.1238790505019
196.54559171602324
196.7150331605694
196.7150331605694
196.7150331605694
196.80986992752656
196.80986992752656
196.95280137369423
196.95280137369423
197.07602017609508
197.07602017609508
197.07602017609508
197.07602017609508
197.07602017609508
197.4371221301376
197.4371221301376
197.60736982113045
197.97697310127668
198.57041624708702
198.9651608454381
198.9651608454381
199.0581237769903
199.302893845559
199.302893845559
199.56379397650448
199.5877923591154
199.86588955456088
199.86588955456088
200.0980999615084
200.0980999615084
200.36032482475514
200.87825527646473
201.28580517930948
201.60897464303528
201.99181628510502
202.3113988176941
202.66046876649102
202.66046876649102
202.78019661322975
202.78019661322975
202.78019661322975
202.78019661322975
202.78019661322975
203.10548338807135
203.4514999177521
203.7306161973442
203.87213259840826
204.25374193627653
204.53417126178317
204.87584271579857
204.96911387325886
205.37424245976104
205.5048263992265
205.61210179303748
205.99418312952218
206.27839943000515
206.325822873979
206.60625365377186
206.60625365377186
206.90713272902488
207.13194878653775
207.13194878653775
207.44386252215412
207.70371024671374
208.02571806727545
208.3145742792485
208.3145742792485
208.55631439151608
208.68484828293916
209.0367856554835
209.18813541980748
209.23748162069273
209.23748162069273
209.4963234978766
209.73564638423832
210.01971924717515
210.01971924717515
210.01971924717515
210.16967937163278
210.16967937163278
210.16967937163278
210.24551927259398
210.51149470259713
210.75910641220227
210.88918482815134
210.88918482815134
211.22103829516038
211.35422747455664
211.42007450595867
211.4516848260998
211.59626449240935
211.79198779487467
211.79198779487467
212.21987850584617
212.3550543568919
212.3550543568919
212.67502315940942
212.70615049488615
212.97758796631734
213.17172185016653
213.41454745544027
213.41454745544027
213.7166256407116
213.71810289200812
213.71810289200812
213.71810289200812
213.71810289200812
213.74315901632687
213.74315901632687
213.7811708953221
213.7811708953221
213.7811708953221
213.96656354924835
214.1125689827427
214.1125689827427
214.1125689827427
214.4151507930772
214.4761105394439
214.4761105394439
214.4761105394439
214.4761105394439
214.4761105394439
214.6031838927139
214.67632986885766
214.75289653516717
214.99726651588867
215.31348775544333
215.50576562946017
215.53838417499807
215.53838417499807
215.807196576864
215.807196576864
216.07563689024687
216.07563689024687
216.10109674146833
216.10109674146833
216.10109674146833
216.10109674146833
216.10109674146833
216.10109674146833
216.16385652630507
216.1737767219325
216.26003046425657
216.270612304136
216.270612304136
216.46578660137024
216.53620292089707
216.81850089578614
216.90116763061062
216.90694090322117
216.90694090322117
216.91240233790882
216.91240233790882
217.09129410826878
217.15999995452506
217.44507401453893
217.46999457799777
217.69486666882582
217.69486666882582
217.69486666882582
217.7695090655929
217.7695090655929
217.7695090655929
217.7695090655929
217.7695090655929
217.87571623366597
217.97545702918362
217.97545702918362
218.24267522141633
218.24267522141633
218.44789568034642
218.82492080738427
218.96493551635155
219.21046404438502
219.3739147512672
219.3739147512672
219.48387548513708
219.48387548513708
219.48387548513708
219.48387548513708
219.63067856486288
219.76081248876315
219.76081248876315
219.76081248876315
220.0721288857413
220.23800224374102
220.23800224374102
220.23800224374102
220.4925895027022
220.64977634641073
220.64977634641073
220.77729971206756
220.77729971206756
220.83102784923088
221.15475381914163
221.15475381914163
221.49866285784452
221.49866285784452
221.49866285784452
221.49866285784452
221.49866285784452
221.50463868580476
221.66562354104667
221.80781737378854
222.02754283117602
222.02754283117602
222.07066362048027
222.29306229563394
222.39388103422945
222.58111426704792
222.6622227126058
222.6622227126058
222.87012504757104
