0.5022227416186784
1.1031143204594727
1.6835581300978022
2.4537657013520153
3.1754975607322273
3.4575447717723797
4.022298262923887
4.27093158229761
4.809544058032788
5.316510899607649
5.358125296100164
5.631741485190637
6.015059575681464
6.309354364399873
6.370497805713447
6.922424126751143
7.208284354725321
8.046601789343287
8.742058393246698
9.10803376996024
9.613832013443357
9.831309958833918
9.831309958833918
10.054270014682823
10.412241568457782
11.260937208611633
11.721668010997705
11.780324409617439
12.436689642876287
13.120889529637573
13.7008784212732
13.968979047087798
14.915411913111544
15.421300542180154
15.722260698988372
16.206756485501817
16.58134163316367
17.233405773363675
17.55973348519677
18.361670042701835
18.361670042701835
18.92417965876159
19.591395278254396
20.27775225033252
20.821450199292812
21.298400266217335
21.37640672705723
22.11481070054056
22.658927013429476
23.479842552024746
24.220307957174704
24.980662869451507
25.685477991028538
26.169949757553766
26.740584802171274
27.609866336223327
28.080987076060786
28.501959206510005
29.16060779674796
29.78506323726644
30.54579382172961
31.085032327609603
31.728268042838675
32.1724040408199
32.875413756861356
33.67367413852113
34.597287306775016
35.186910649520044
35.734093452374005
36.31412911576087
36.88287787756813
37.41460563158526
38.066039087052175
38.665183709731664
39.16003436987169
40.0257914543241
40.33266778228871
40.78693196075859
41.530905117682565
41.922682962110656
43.07008920249144
43.203759603803846
43.57232005205246
44.248190207562686
44.59287176402245
45.280038619897084
45.73252963730029
46.12541631360708
46.685007399628745
47.676261916929136
48.412167957056674
48.74866294072827
49.35652127825383
49.88234182791101
50.70607517575714
50.89011262698183
51.47495633095528
52.106731673188975
52.50295339806659
52.67468071498332
53.347101460903744
53.51814218727895
53.97386098964877
54.34126149973981
54.643311734261694
54.96580922456511
55.35604727905157
55.78716755017017
56.038969619243396
57.03187352730822
57.56499577952171
57.95605473437616
58.34610462616869
58.80380008423413
59.129029749332844
59.309822217016844
59.9042586317801
60.32630737685972
60.79075723350744
61.40247408432927
61.617372895587785
61.744678042631406
62.18862400871239
62.30025089572222
62.594716457100546
63.061036001774816
63.43119123747307
63.87891712488195
63.87891712488195
64.11349992080406
64.6443649752257
64.6443649752257
64.93970868808643
65.41394465415834
65.76350093528646
65.84837097528153
66.08292920847474
66.08292920847474
66.09125957176917
66.22711460378657
66.44287943876206
66.80808909259446
67.35242465035427
67.73434674004301
68.55136125198348
69.32675603954176
69.71519891759769
69.84258913796988
70.290095765198
70.7810344641327
71.26287823204248
71.65535748865277
72.02053947240033
72.60755690560713
72.60755690560713
72.75215827386947
73.48124858080773
73.94631720862775
74.17661476002768
74.40237163258006
74.78011637024669
75.31128145331998
75.47722994978098
76.00770428572767
76.06564207684879
76.55200043321128
76.55937725683333
77.02770419540423
77.55655517491881
77.94260061003531
78.15028579393717
78.827565073987
78.87481191058583
79.46155734881378
79.88809806949443
79.99373678679336
80.43223093881517
80.83556870386823
81.32473032615586
81.76988302657406
82.07391621175196
82.28278983175254
82.52165594910011
82.6107068978548
82.61321425321633
82.61321425321633
82.61321425321633
83.24742848386249
83.70171356522822
84.36647665965681
85.1620374101291
85.7805823658865
85.7805823658865
86.31899234941285
86.34439884084219
86.60746883070357
86.87908511551629
86.87908511551629
87.14659732511758
87.7538709131718
87.7538709131718
87.78272850325055
88.01034395129498
88.52011579291886
88.74063307491176
89.45795075110553
89.45795075110553
89.58766814634596
89.93253313990526
90.44750309554375
90.65792625340195
90.65792625340195
90.74358126023844
90.78262550871875
91.30030702748118
91.84830083457528
92.58551915873258
92.86126702927731
92.86126702927731
93.18571602263249
93.39395288109478
93.54738108287364
93.89966281626923
94.30710759310422
94.92664954536419
95.19828507499474
95.21284873766395
95.39206235648918
95.87472879862457
96.00202871694925
96.44312976815225
96.94251491736064
97.22440240222159
97.42390877306413
97.42390877306413
97.72187328217049
97.72187328217049
98.44476376391378
98.44476376391378
98.45688297747098
98.89091884478289
99.15331694382508
99.15331694382508
99.38077756583955
99.89412161755887
99.89412161755887
100.04838131163935
100.40234958454329
100.7660903477841
100.9283671797283
101.56501846883027
101.60512152687474
102.05964480673983
102.27965775989796
102.62308967266452
103.1344926946562
103.65323046345188
103.65323046345188
103.8894486431106
104.50971163966457
104.66264189621457
104.83467358340215
105.10932396598562
105.45377339587833
105.49029723944201
105.70883177550448
105.95884971527522
106.1524393451919
106.1524393451919
106.18506373876471
106.83267820438043
107.34614285800919
107.52866164708439
107.95736566865874
108.15174571042618
108.15174571042618
108.51369705515523
108.51369705515523
108.85962271505998
109.06035269039481
109.24299471862965
109.24299471862965
109.59164170659193
110.2480837775485
111.01895150791019
111.3461880550845
111.82684331430323
112.25658569338914
112.2794685166299
112.39556922693949
112.56076688357746
112.75323221441758
113.5809915028209
113.8485486230304
114.30361805253584
114.59394065737325
114.59394065737325
115.15129019215335
115.31540611194448
115.55404185792395
116.00918482658723
116.00918482658723
116.00918482658723
116.36656707199379
116.72146190840132
116.86261618109289
116.92581022759252
117.52557074868511
117.7272376112412
118.05468791164729
118.0625181441462
118.09854101146648
118.4640444005046
118.85346314115934
118.85346314115934
118.85346314115934
118.85346314115934
119.18807071549107
119.54300319147006
119.67841901046289
119.97843407900939
120.30043260697867
120.65800076322834
120.98667164613614
120.98667164613614
121.53262700698295
121.53262700698295
121.81295121826503
121.87901292214015
122.06969650189494
122.20197434226186
122.20197434226186
122.20197434226186
122.20197434226186
122.20197434226186
122.55016513249743
122.67264084486007
122.67264084486007
122.99116713176979
123.47061421526848
123.47061421526848
123.53976363411687
123.53976363411687
123.63052768120113
123.97633350977507
124.08124392387533
124.10995168901097
124.10995168901097
124.25881723518425
124.42458045964716
124.6116800855668
124.84995561833051
124.95755347719032
125.19577595570263
125.44478069779461
125.44478069779461
125.44478069779461
125.55622448054683
125.75955900513166
125.94466599919033
125.94466599919033
125.94466599919033
125.94466599919033
125.94466599919033
125.94466599919033
126.17392732650487
126.17392732650487
126.17392732650487
126.17392732650487
126.17392732650487
126.24167456437185
126.32615399945514
126.66642313694615
126.92418925805211
126.92418925805211
126.9509964491893
127.43595948646802
127.88940742847298
128.20180459370027
128.20180459370027
128.20180459370027
128.4429881797251
128.7384346388019
128.7384346388019
128.92041664424582
129.04883643062934
129.42348408966114
129.52268445527395
129.52268445527395
129.7317974038728
129.9952197089066
130.09808284394464
130.1309942849108
130.1997989744117
130.55818503658247
130.56184102653157
130.92534745150007
131.28295953367208
131.65103051445135
131.96223488918366
132.32514800236896
132.33336989285502
132.43295151725067
132.58787703002855
132.58787703002855
132.58787703002855
132.79718029549022
132.95213077032273
133.0944980972676
133.49526316961897
133.78394630860512
133.78394630860512
133.7854708003015
133.7854708003015
133.93770851821057
133.93770851821057
133.93770851821057
133.93770851821057
133.98920903878485
133.98920903878485
134.15925372559505
134.15925372559505
134.31396084777333
134.64753102101247
134.93878820954006
135.15110452631447
135.41717239432631
135.41717239432631
135.41717239432631
135.5146364324923
135.5146364324923
135.84858922324852
136.26579529965656
136.60832105323556
136.60832105323556
136.60832105323556
136.60832105323556
136.9040980774801
137.09215249639928
137.1850175858453
137.28495231275042
137.28495231275042
137.33997131078212
137.5296351650119
137.68213295611
137.86815559466626
138.10474143571594
138.10474143571594
138.3446015983758
138.3854759720948
138.3854759720948
138.39958144226816
138.59379901587374
138.84957600711996
138.8562338737088
138.9268853994549
138.9268853994549
139.07192092995595
139.07192092995595
139.39079595833294
139.39079595833294
139.62490443557874
139.63125357785378
139.76133762786313
139.9397747778417
139.9397747778417
140.02646064436456
140.02646064436456
140.06177757483147
140.20932186143648
140.20932186143648
140.43699306358172
140.54293168577894
140.54293168577894
140.77915668843312
141.03421951752878
141.1694766635873
141.1694766635873
141.2737342370089
141.2737342370089
141.2737342370089
141.3698865654139
141.41349311518647
141.43269784326145
141.48600465655366
141.53100177624836
141.53100177624836
141.53100177624836
141.53100177624836
141.6195252030062
141.6195252030062
142.020625224741
142.04544741987098
142.1425661734755
142.1425661734755
142.14553914577107
142.34085267023423
142.6742775128616
142.96733113487787
142.96733113487787
143.19571655982
143.2310897779958
143.28064057106022
143.3913488855297
143.3913488855297
143.75201987569136
143.75201987569136
143.75201987569136
143.76460736304495
144.03786132894524
144.33864788755108
144.74594429679314
144.85348564727735
145.0745209710464
145.0745209710464
145.18876856455861
145.18876856455861
145.23417716507308
145.23417716507308
145.23417716507308
145.3097151775148
145.3097151775148
145.3097151775148
145.3097151775148
145.35838477410257
145.35838477410257
145.44990567077858
145.44990567077858
145.44990567077858
145.64438280124742
145.64438280124742
145.64438280124742
145.68708503601184
145.68708503601184
145.68708503601184
145.68708503601184
145.68708503601184
145.68708503601184
145.68708503601184
145.68708503601184
145.72033408039715
145.72033408039715
145.73134011979394
145.73134011979394
145.73134011979394
145.73134011979394
145.9036058801055
146.10030881283265
146.212623931591
146.25319056061878
146.25319056061878
146.35489876911572
146.35489876911572
146.35489876911572
146.35489876911572
146.35489876911572
146.38407856088264
146.38407856088264
146.38407856088264
146.52723870596458
146.63970040966544
146.63970040966544
147.1069779295177
147.1069779295177
147.1069779295177
147.1069779295177
147.42572649259597
147.48953259492262
147.5426413185932
147.6619950501637
147.76786197146265
147.77834552819124
147.77834552819124
148.0082000908969
148.0082000908969
148.06724909424238
148.0772640469416
148.32574374598175
148.32574374598175
148.4783939848486
148.4783939848486
148.4783939848486
148.4783939848486
148.51190289566853
148.51190289566853
148.77885724085434
148.77885724085434
148.86370580851303
148.86370580851303
149.08082143652405
149.08964696358018
149.08964696358018
149.13951056480323
149.13951056480323
149.4759172858299
149.83279825606513
149.83279825606513
149.83279825606513
150.08660479985008
150.08660479985008
150.08660479985008
150.08660479985008
150.26059108999482
150.67982692474484
150.67982692474484
150.876608519238
151.1784488865391
151.41606591101063
151.75227567188438
151.91590459758143
152.12798827944536
152.32031328182498
152.43901974568044
152.87190693080922
152.91462449814242
153.37221959548327
153.37221959548327
153.37221959548327
153.38292138102545
153.447434789425
153.53185900283927
153.53185900283927
153.53185900283927
153.53185900283927
153.53185900283927
153.53185900283927
153.53185900283927
154.22631020498864
154.4362290240426
154.62410826659377
154.62410826659377
154.62410826659377
154.90162439267976
154.92888862129303
155.2810854761539
155.67694687190348
155.9196558528321
156.07024962240905
156.07024962240905
156.33221435912253
156.39139716057971
156.8547735607112
156.9022346379268
157.33161649082095
157.43257771828831
157.5440836693743
157.95664736126807
157.98179120765062
158.0356450001188
158.2360527571368
158.68062911543095
158.81092705511017
158.91093665414323
159.08677130232934
159.1408725435888
159.53603553038502
159.53603553038502
159.53603553038502
159.7537465777663
159.79409427106822
159.79409427106822
159.79409427106822
159.81485707825306
159.81485707825306
160.12559174834107
160.39878418946438
160.6965211180952
160.80489551661077
160.86710554268058
161.15001235429352
161.26438173187915
161.3982425604465
161.3982425604465
161.79907748043115
161.79907748043115
162.1915977979061
162.28258715263243
162.54209302578252
162.57495578410257
162.90332691919232
163.09182328337928
163.09182328337928
163.13829527733904
163.20769000451097
163.20820601327844
163.4011500993388
163.49676107966485
163.51788635479488
164.049555679994
164.3282094020773
164.3282094020773
164.61796895127415
164.72631567654153
164.82957060049281
165.23949795854415
165.23949795854415
165.3706947908059
165.3706947908059
165.6697607882384
165.6697607882384
166.1923138039586
166.66248730866215
166.82570165883894
166.82570165883894
166.83289533157324
167.03194684504865
167.30287652653752
167.30287652653752
167.5486451665044
167.5486451665044
168.00371283392212
168.20383909407877
168.45017362756985
168.54685577361343
168.73214757634761
168.73214757634761
168.82795283422564
168.82795283422564
169.01805977645608
169.01805977645608
169.15455942152784
169.23195231756307
169.3712940629629
169.5065653704648
169.8314742498161
169.90379191212642
169.90379191212642
170.00928614617345
170.00928614617345
170.03211366483796
170.03211366483796
170.41230938932733
170.43295149216613
170.43295149216613
170.43295149216613
170.43295149216613
170.9097166005774
170.9097166005774
171.07889774689
171.62906392982728
171.90681951431642
172.11481561652369
172.11481561652369
172.1376054115306
172.45625237188275
172.45625237188275
172.50510262268676
172.81210074170534
172.8325157016636
173.20027162683178
173.3505324343815
173.4617589255867
173.70578224502876
174.03368966058656
174.15169146301955
174.2788109864787
174.4534242701868
174.4534242701868
174.64402464414056
174.64402464414056
174.64402464414056
174.64402464414056
175.0315958568281
175.15328200501287
175.4073566677841
175.4073566677841
175.4073566677841
175.4073566677841
175.4073566677841
175.46982074067168
175.46982074067168
175.46982074067168
175.618239899762
175.83090568317897
175.83832220649873
175.83832220649873
175.83832220649873
175.83832220649873
175.83832220649873
176.04644862057023
176.13370268505798
176.13370268505798
176.26085034894314
176.38701533509254
176.75601707050612
176.75601707050612
176.75601707050612
176.75601707050612
176.92386055536915
176.92386055536915
177.05411755449202
177.05411755449202
177.05411755449202
177.05411755449202
177.05411755449202
177.09246231225833
177.33522576653965
177.33522576653965
177.39043470218516
177.39043470218516
177.5269047231256
177.5269047231256
177.70181749391529
178.209048199459
178.209048199459
178.42930283933558
178.48856192220268
178.5061634214711
178.68512766589384
179.00976234377617
179.40100364615472
179.40100364615472
179.40100364615472
179.76463216541504
180.0110723455497
180.3006351144455
180.64775476595102
180.6835156722977
180.81876832884768
180.81876832884768
180.81876832884768
181.19620242820616
181.19620242820616
181.19620242820616
181.52939728931855
181.81088395572073
181.81088395572073
182.1498567321187
182.26470965904466
182.26470965904466
182.61130932329007
182.81383113544186
183.03451452317393
183.09527368313468
183.25821102993368
183.38893598780703
183.42447363861342
183.5160869240399
183.70699021755442
184.07542761016717
184.33597762327202
184.33597762327202
184.69742376757813
184.90487536932156
184.90605488785505
185.2568034491331
185.6907188834655
185.73396898084175
185.83354782925736
185.89471880281644
185.89471880281644
185.90079698180443
186.00902886570745
186.00902886570745
186.00902886570745
186.2210421994834
186.54839732166613
186.54839732166613
186.54839732166613
186.7381871234152
186.7427751840284
187.1526438347028
187.1526438347028
187.1526438347028
187.4070490434121
187.47738610407782
187.47738610407782
187.48756611866924
188.09140728449285
188.68230063103266
189.1509636191845
189.1509636191845
189.1509636191845
189.1509636191845
189.1509636191845
189.38281889135203
189.38281889135203
189.73757650043655
189.94049986336145
189.94049986336145
189.95580018346493
189.95580018346493
189.95580018346493
190.570754917271
190.570754917271
190.96137815463848
191.46366681783263
191.68965379798692
192.0078230631095
192.0078230631095
192.04028333391562
192.4327707593806
193.1225525185425
193.44260890182233
193.78665335257546
193.86730533277446
194.28778018805062
194.4130749616631
194.50091192709544
194.50091192709544
194.54812640235247
195.02819340223806
195.02819340223806
195.02819340223806
195.22663404874385
195.24752533372646
195.27802179556804
195.27802179556804
195.55793780450972
195.76604830622276
196.03414543681149
196.14225648362498
196.2531142028314
196.2531142028314
196.2531142028314
196.2531142028314
196.2531142028314
196.36693106731917
196.37095829807137
197.08225060820982
197.08225060820982
197.52043335663427
197.69684302885764
198.01456764232034
198.42355276601785
198.8159782589574
198.8159782589574
198.98523898869522
199.00310141952497
199.11332412148286
199.4181123876703
199.4181123876703
199.4181123876703
199.83183963792055
199.8338023611405
199.8338023611405
199.9375775427941
199.9375775427941
199.9375775427941
200.03550899170446
200.0420312916858
200.0420312916858
200.4496865012564
200.4496865012564
200.55266013578063
200.77970899833898
201.23460778390066
201.35909845591146
201.35909845591146
201.35909845591146
201.605155411866
201.605155411866
201.605155411866
201.85570596813093
201.85570596813093
201.96646675961185
201.96646675961185
202.04895999052926
202.06721920089225
202.06721920089225
202.06721920089225
202.06721920089225
202.08636103044884
202.24002296590274
202.24002296590274
202.66443634851765
202.82406593115482
203.07005637245493
203.1390618235806
203.39827610342834
203.40218660780243
203.64672763962272
203.75658786285172
203.75658786285172
203.9045071825173
204.07058928004943
204.44397434053135
204.57989623296032
204.86727539685418
204.86727539685418
204.94311375312722
205.22674542789747
205.24386858144354
205.47313509434198
205.58720576631114
205.67561838652736
206.06793505850428
206.3360349172908
206.42779372766185
206.42779372766185
206.86387534875388
207.16211973580658
207.21245467328237
207.33404512015878
207.33404512015878
207.62998012451996
207.63552341668918
207.8869759263673
208.08079979825075
208.08079979825075
