0.449781164743781
1.1160165185045274
1.5312386326752585
2.0895324140144735
2.5590974840880336
3.165790625582102
3.4024604542311385
3.6078345166084875
3.9157669560475945
3.9157669560475945
4.13857392071985
4.402080961617871
4.600686317231559
4.600686317231559
4.69162660373882
4.69162660373882
4.963618252457929
5.190023000746794
5.619727619384343
5.878908415494858
5.878908415494858
6.071725136472512
6.112299358903638
6.112299358903638
6.210503923818983
6.3917111426270585
6.500320303582109
6.686020287126555
7.207697296603913
7.296653166421425
7.3300958307386646
7.801868975960138
8.066954946447975
8.51448915456233
8.537213645559488
8.563953679191707
8.563953679191707
8.563953679191707
8.711841924238769
9.03412127387718
9.336626790144116
9.536709066880496
9.945131423055765
10.194877780125385
10.207584401585887
10.207584401585887
10.287671656896794
10.385087440303927
10.637668270797548
11.09825977695024
11.182572346532226
11.428402132907296
11.62172947596782
11.740448652398252
11.758974481149215
12.116795437866658
12.56839867867683
12.56839867867683
12.834273584272523
12.926074065496852
12.926074065496852
12.926074065496852
13.00453164638235
13.482275977573579
13.7419239299858
13.7419239299858
14.165394280662486
14.485498668269042
14.633048851338838
14.693890895895231
15.22240053602935
15.33030504982828
16.048336730450767
16.048336730450767
16.125279280659402
16.3432778899756
16.56416457635942
16.587130277609308
16.908198625457548
16.93769658139334
17.146249459630894
17.377959857100794
17.471532680721
17.75241873941362
17.977171077266817
18.38327152189661
18.38327152189661
18.571831112063524
18.88625513895854
18.935038794400683
19.57501657909272
19.59091976938572
20.07615026938008
20.31467618437234
20.802456428112567
21.28694241532571
21.625174762402178
22.249931500589515
22.249931500589515
22.332919111066754
22.332919111066754
22.332919111066754
22.431261386069487
22.58201053653022
22.58201053653022
22.765902212550372
22.777110521687977
22.802981759040197
22.89909552409056
23.122674061525625
23.349309793739828
23.614747114984162
23.90069319185646
23.90069319185646
24.110987668993598
24.29981309262108
24.3763425508915
24.76452682113298
24.76452682113298
24.76452682113298
24.953880039917298
25.151912013185882
25.250568050015186
25.338336322644953
25.799491364391137
25.881524812230502
26.016978474487995
26.157037042561925
26.350935873476963
26.72098930211827
26.847584177959547
26.99612184855577
27.406502909999414
27.406502909999414
27.406502909999414
27.60072771044103
27.959647635098975
28.152578777934362
28.516156569293834
28.516156569293834
29.173077413756083
29.33067521808021
29.388398823449542
29.630844665088482
30.262033252639498
30.68778883719297
30.68778883719297
31.317415851738602
31.6693219766513
32.10281175291917
32.59349951987794
33.071887638943544
33.789894293026656
33.9445892513132
34.32903932879623
34.95404703157677
35.04780145632134
35.04780145632134
35.14252054456499
35.2330873358173
35.37026673143946
35.68276042309573
35.68276042309573
36.015944638947346
36.453619003102176
36.65910839524754
36.77158660170315
37.10154996863722
37.43494300194059
37.52394310007095
37.830791815669436
37.908411949811715
38.15180188649551
38.46796879688285
38.7113971972192
38.98601824201194
39.11200996429327
39.41404340196021
39.41404340196021
39.78468061098017
40.109959189365306
40.3942472664922
40.56418891083539
40.56418891083539
40.77538279634005
41.22019620699886
41.517955639823526
41.77596174808091
42.10954238717259
42.45541043266527
43.057782423214505
43.42068193144848
43.652935091669626
44.03282922774963
44.51925158901458
44.51925158901458
44.77629548969872
44.99106424055599
45.3533701053916
45.520996941944574
45.835008601964326
46.34326956112062
46.46230438990875
46.85308884355818
46.94449861676962
47.145195235178434
47.145195235178434
47.38495092557643
47.38495092557643
47.428926393292414
47.428926393292414
47.76956010452401
47.94033669471509
47.94033669471509
48.06240778667224
48.37583957294995
48.56921764848928
48.679796874089526
48.795431063195494
49.11842286869993
49.569810642252385
49.96448773490772
49.976652916361985
50.366643065127136
50.366643065127136
50.44946189717747
50.50353154573767
50.50353154573767
50.71953653021775
50.71953653021775
50.71953653021775
50.954094114452396
51.434125181174004
51.53335862532829
51.57069839043135
51.65382499267149
51.65382499267149
51.92011935799563
52.21719186260993
52.3996365956655
52.80872124245496
53.27891603841599
53.6064318208112
53.6064318208112
53.989695519981275
53.989695519981275
53.989695519981275
54.168135340945994
54.32722904367869
54.32722904367869
54.42952165283819
54.42952165283819
54.60643968187348
54.932763125400385
54.932763125400385
55.550587137404825
55.95438618820178
55.95438618820178
55.95438618820178
56.126159802595346
56.18841735092165
56.65392952973672
56.90720055366734
57.20938412996983
57.22365516132022
57.27446172429366
57.27446172429366
57.5737055183911
57.93596395563442
57.93596395563442
58.30269738802889
58.53096991590168
58.74831739682378
58.97439406669944
59.12216905748821
59.16746619485538
59.16746619485538
59.16746619485538
59.23697569852892
59.789255325411666
59.789255325411666
59.881844945243095
60.01731325762371
60.055417664100446
60.15388585517652
60.2521707556737
60.2521707556737
60.7171705420412
60.83233095375819
60.88499198617974
61.044532116324554
61.102055245268886
61.14551239338576
61.44993989618466
61.44993989618466
61.83576135806482
61.881555317820286
62.29491525332354
62.78719272533765
62.98419084460556
63.10482275177167
63.47037931449594
63.77353210554919
64.00683683999678
64.33038121843221
64.76178291944677
64.76178291944677
65.16922275564887
65.29566476389724
65.55764270915763
65.85220486280951
65.85220486280951
66.21373731085153
66.21373731085153
66.41795878560848
66.8095811553262
67.39168082422704
67.48533297467355
67.98875487288791
68.28208734697935
68.52235643481194
68.8383670480481
69.58124230962056
69.68977204086437
69.84628980803735
70.4645332172309
71.00491213443499
71.00491213443499
71.25809410921936
71.619009677033
71.619009677033
71.95628851085932
71.95628851085932
72.24789964665872
72.48796213757991
72.84271922387173
73.20536827492833
73.29222151596733
73.49028363903531
73.49028363903531
73.62654724735393
73.62654724735393
73.71950216631978
74.04105961453406
74.06526719932614
74.06526719932614
74.12775364303275
74.25850849962983
74.37270370607467
74.45641812799995
74.59885302040504
74.62483436236933
74.68059124417282
74.90873776961027
75.28544555132183
75.3939803767047
75.82163037981064
76.08568696248487
76.33605410722333
76.44612437891627
76.53799788208111
76.72295849957021
76.88990478813045
76.88990478813045
77.01839591604848
77.02163485312944
77.4071569013407
77.56286344774466
77.73418314019544
77.77759813232508
77.92813202852194
78.24672772778516
78.31685312163889
78.48259211605608
78.48259211605608
78.65649527925437
78.84429221496895
79.1993248434658
79.34154683521929
79.48453785922945
79.55594699244807
79.55594699244807
79.56029235903902
79.57128001058001
79.57128001058001
79.62243373148894
79.62243373148894
79.64799364551719
79.82455611915691
79.9340041788497
79.9340041788497
79.96829014413166
80.38547857094447
80.61976442181447
80.65587493639578
80.78451870038117
80.9378175208769
81.01153644966708
81.13446248951516
81.14843571073486
81.25077125474611
81.26966619854757
81.48467835851362
81.48467835851362
81.81727066211799
81.81727066211799
82.18721549497815
82.42835284009689
82.78688601736708
82.87377459989659
83.05827975290822
83.05827975290822
83.23339044063046
83.45603518953935
83.71667615954144
83.95077484119075
83.95151006514654
83.95151006514654
83.95151006514654
83.95151006514654
84.00781269400385
84.30176006769759
84.30176006769759
84.50053452101064
84.76738416397188
84.76738416397188
84.82830508057023
85.15707723955981
85.15707723955981
85.34279675395395
85.46418458243834
85.83928225556546
85.83928225556546
85.9234548951269
85.9234548951269
85.9234548951269
85.9234548951269
86.12210124647044
86.12210124647044
86.12210124647044
86.13008584694862
86.30204499595719
86.30204499595719
86.74642331414246
87.21918876043958
87.57689956061398
87.83143699006277
87.90699617025632
87.90699617025632
87.94324647468471
87.94324647468471
87.98881904463859
88.30586141665066
88.30586141665066
88.30586141665066
88.30586141665066
88.30586141665066
88.54175923279135
88.54175923279135
88.54175923279135
88.54175923279135
88.54175923279135
88.65891888250724
88.65891888250724
88.75947653020555
89.24704881515302
89.4427712563169
89.54036938306376
89.74567431023365
89.82915066481885
89.99049985010348
90.23556895687516
90.23556895687516
90.43975982777434
90.43975982777434
90.43975982777434
90.43975982777434
90.43975982777434
90.43975982777434
90.62175254118263
90.66426969634703
90.79675053544803
90.79675053544803
91.00472027281312
91.24488499761362
91.39684051845768
91.57049236498335
91.75500843038947
92.01923024955308
92.2170177173575
92.27082397698751
92.27082397698751
92.54175720413875
92.60567285765036
92.60908086763888
92.61768300362507
92.69937913756803
92.89170554420528
92.89170554420528
93.08582308931267
93.08582308931267
93.08582308931267
93.08582308931267
93.08582308931267
93.3521251336433
93.44983640460276
93.48989029078463
93.48989029078463
93.6244247868272
93.6244247868272
93.6244247868272
93.6244247868272
93.6244247868272
93.6244247868272
93.63749119504185
93.63749119504185
93.63749119504185
93.63749119504185
93.63749119504185
93.63749119504185
93.70532510389947
93.70532510389947
93.74198095913624
93.86359774341709
94.12549220924843
94.38913676471631
94.38913676471631
94.52422065870704
94.65001211957382
94.82852612487073
94.82852612487073
94.82852612487073
95.04452304672337
95.04452304672337
95.14100482822165
95.14100482822165
95.14100482822165
95.14100482822165
95.14100482822165
95.16430445669421
95.21371308857015
95.21371308857015
95.29186797415392
95.36882132100811
95.46235016482142
95.46235016482142
95.46235016482142
95.57745072400243
95.69809091582559
95.69809091582559
95.69809091582559
95.69809091582559
95.69809091582559
95.69809091582559
96.06085478484805
96.16755765573248
96.39454620302232
96.43499289599121
96.51818547490905
96.59792352075289
96.65245739014885
96.65245739014885
96.65245739014885
96.65245739014885
96.7712013599437
96.7712013599437
96.7712013599437
96.85966278262659
97.14186389383211
97.14186389383211
97.14186389383211
97.24773669127983
97.24773669127983
97.24773669127983
97.364986254117
97.39791986091616
97.39791986091616
97.50880160444613
97.55430776206735
97.55430776206735
97.55430776206735
97.55430776206735
97.60247489973897
97.78939810227787
97.78939810227787
97.78939810227787
98.00421099104324
98.00421099104324
98.08289098395792
98.08289098395792
98.1315171926449
98.22197847661647
98.22197847661647
98.39690732236933
98.3992489400195
98.3992489400195
98.3992489400195
98.51871058789058
98.51871058789058
98.51871058789058
98.56222562507536
98.56222562507536
98.71229813003337
98.72130334407494
98.72130334407494
98.90982016775033
99.31096923285274
99.4084990351984
99.5023233091292
99.5023233091292
99.5023233091292
100.02765923966243
100.22864941409969
100.29034318145979
100.35530984506443
100.35530984506443
100.35530984506443
100.35530984506443
100.41807754394404
100.41807754394404
100.41807754394404
100.51156617854367
100.63931137674126
100.63931137674126
100.76204566897242
100.76204566897242
100.76204566897242
100.76204566897242
100.83968409040916
101.03190919383184
101.03190919383184
101.03190919383184
101.03190919383184
101.03190919383184
101.3679639937329
101.3679639937329
101.50914230059338
101.50914230059338
101.50914230059338
101.50914230059338
101.88458807225747
101.96657481423055
102.00568548945225
102.1153678321239
102.20347733440816
102.59713063635583
102.59713063635583
102.62170365653971
102.73027067413165
102.90779513734437
102.90779513734437
102.90779513734437
102.91598577370587
102.94253143733148
103.0432093586243
103.08546691724824
103.39405575290914
103.39405575290914
103.5922741681912
103.9035572450669
103.9598125267602
103.9598125267602
104.20188521737235
104.20188521737235
104.20188521737235
104.26715568852424
104.26715568852424
104.26715568852424
104.26715568852424
104.26715568852424
104.34962873037584
104.34962873037584
104.34962873037584
104.34962873037584
104.34962873037584
104.34962873037584
104.38248233306746
104.44197584073714
104.61369603679974
104.81028104933745
105.07040870914028
105.1690057318186
105.1690057318186
105.17625327299046
105.25923559356224
105.42254946343718
105.42254946343718
105.46604698049461
105.56135597397578
105.64399831416173
105.7119374063288
105.76326833231528
105.76326833231528
105.94659290752536
106.13708479967708
106.21066388807724
106.36548504009333
106.43687252729556
106.62624831617815
106.62624831617815
106.62624831617815
106.68964973160135
106.68964973160135
106.68964973160135
106.7249720620317
107.05088755520495
107.1644390779898
107.34923642112948
107.57099840266935
107.64889740846002
107.74578966362482
107.93658950018857
108.08520476779424
108.17763367174432
108.19265248420153
108.30610822209273
108.57705601439008
108.93266907649077
109.19801068610002
109.29051087796277
109.62296268687024
109.62296268687024
109.62296268687024
109.62296268687024
109.7334903496105
109.7334903496105
109.74676406652321
109.74676406652321
109.74676406652321
109.74676406652321
109.74676406652321
109.77531977325222
109.77531977325222
109.77531977325222
109.84123967296703
109.84123967296703
109.84123967296703
109.84123967296703
109.84123967296703
109.84123967296703
109.84123967296703
110.00016477073247
110.19124058138485
110.19124058138485
110.28310841670675
110.28310841670675
110.28310841670675
110.28310841670675
110.28310841670675
110.42914647562041
110.70541872914669
111.05529392314939
111.26555260988428
111.39311793027831
111.39311793027831
111.44259047182194
111.44259047182194
111.44259047182194
111.49104854869715
111.5238054042023
111.77170857505527
111.91700845385236
111.91700845385236
112.12978883588384
112.12978883588384
112.18072373902609
112.18072373902609
112.27862602170751
112.27862602170751
112.27862602170751
112.28117219004189
112.39429043851543
112.53190863291137
112.62143445519179
112.62143445519179
112.62143445519179
112.62143445519179
112.62473159762772
112.79914574885964
112.89863551951662
112.89863551951662
112.89863551951662
112.92908568020295
113.04659509788836
113.23387035906588
113.23387035906588
113.23387035906588
113.23387035906588
113.31118414361003
113.31118414361003
113.31118414361003
113.44541554977096
113.44541554977096
113.54546080552888
113.61856670503094
113.66987309731681
113.66987309731681
113.69236799893882
113.69236799893882
113.69236799893882
113.69236799893882
113.79486201059647
113.79486201059647
113.79486201059647
113.79486201059647
113.79486201059647
113.79486201059647
113.86320000035373
113.86320000035373
113.92296628186324
114.18585728877022
114.32689135524843
114.40595245298921
114.40595245298921
114.50933703491148
114.50933703491148
114.50933703491148
114.6022682970194
114.6022682970194
114.63552066510906
114.63552066510906
114.79412884201285
114.79412884201285
114.79412884201285
114.79412884201285
114.79412884201285
114.90350114206583
114.90350114206583
114.93562601777387
114.93562601777387
115.06948242394604
115.08063293631375
115.08063293631375
115.24535094658941
115.24535094658941
115.24535094658941
115.25726539476564
115.25726539476564
115.38752360504871
115.39051621003449
115.39051621003449
115.39051621003449
115.42134471809052
115.5323127376351
115.63295846710315
115.8691687465521
115.97505535880984
115.97505535880984
116.0745753014193
116.12807040524113
116.12807040524113
116.12807040524113
116.16693512428014
116.20233760571135
116.33622741733804
116.37672132802938
116.42148263515936
116.61454230129945
116.67679253590798
116.67679253590798
116.6846632827595
116.6846632827595
116.6846632827595
116.82565335940956
116.8791281550874
116.93300803198663
117.00585461898193
117.00585461898193
117.00585461898193
117.00585461898193
117.11313953571208
117.11313953571208
117.11313953571208
117.11367719813924
117.16337529928613
117.39519483937069
117.39519483937069
117.39519483937069
117.39519483937069
117.39519483937069
117.39519483937069
117.48837786130628
117.48837786130628
117.48837786130628
117.60152819923258
117.60152819923258
117.70651510920875
117.89392941475658
118.00403630353031
118.00403630353031
118.00403630353031
118.00403630353031
118.00403630353031
118.00403630353031
118.00403630353031
118.00403630353031
118.03700475672002
118.03700475672002
118.03700475672002
118.03700475672002
118.03700475672002
118.03700475672002
118.03700475672002
118.03700475672002
118.03700475672002
118.06993955269394
118.06993955269394
118.06993955269394
118.06993955269394
118.06993955269394
118.28240824602501
118.40397364251758
118.40397364251758
118.57815751798888
118.73339469161434
118.94640405158054
119.20883318913428
119.20883318913428
119.32763187409356
119.49726826588086
119.6871151575169
119.6871151575169
119.6871151575169
119.6871151575169
119.88509865737286
120.03914284700596
120.03914284700596
120.04218303034044
120.08461071533958
120.33187762914318
120.45806466845454
120.45806466845454
120.45806466845454
120.45806466845454
120.59798097615108
120.65491822666087
120.65491822666087
120.67804703335798
120.67804703335798
120.67804703335798
120.75786064404905
121.16267100607557
121.16267100607557
121.4010696724048
121.43185460837996
121.43185460837996
121.58100549022608
121.5828926181025
121.78067813720912
122.07357743224641
122.07357743224641
122.07357743224641
122.07357743224641
122.07357743224641
122.07357743224641
122.07357743224641
122.20491650582095
122.20491650582095
122.20491650582095
122.23413496045092
122.23413496045092
122.27596577378874
122.50835917713924
122.73319353931633
122.73319353931633
122.941502306004
122.941502306004
122.941502306004
122.95330393974706
123.21978646627122
123.21978646627122
123.21978646627122
123.21978646627122
123.21978646627122
123.21978646627122
123.38410368701909
123.38864113844666
123.39263492855346
123.39263492855346
123.39263492855346
123.39263492855346
123.39263492855346
123.4067617148026
123.42454315044223
123.46808876388296
123.52378924224779
123.52378924224779
123.8953236909943
124.0751739412331
124.11183975288306
124.17937323997754
124.17937323997754
124.23346857273732
124.23346857273732
124.40018593234933
124.40018593234933
124.40018593234933
124.44328004292214
124.44328004292214
124.65372060350757
