0.37232802566915846
0.9333443064385006
1.801494104350994
2.111301219218884
2.111301219218884
2.8109050966536975
3.350719255812684
3.915142957563926
4.307373146624803
4.742786476559949
5.47603074456871
6.083718950031394
6.647605892358597
6.977017960631172
7.405473189252902
8.15272303869851
8.593185239124152
9.488666943235703
10.013269895518086
10.488425027207425
10.94947710200631
11.473341445253853
12.189234037949102
13.033850330857005
13.77401930634037
13.840571395987988
14.711687249526717
15.175210923960993
15.696502964215355
16.02656153047598
17.001819057943703
17.412321798492204
17.889767115933996
18.738566973064735
18.929676681722672
19.481131920099315
19.836977526842205
20.676273220297603
21.067913029109423
21.875741912291645
22.44462315682238
22.824611234975144
23.303082740556352
23.761575653108785
24.397789200281537
24.928434097113964
25.793542762563707
26.446964442371073
26.90940316544979
27.41496966186269
27.965381263847732
28.222561697313548
28.991980513206116
29.481498172864704
30.19891367871161
30.39326673190425
30.744894151460834
31.437491586983082
31.805714678348284
32.67828550537631
33.24092489830685
33.866308913712835
34.31345536686635
35.10196040014375
35.93132840332345
36.43584573092349
36.43584573092349
36.47098646185337
36.82322933645602
37.30789791416604
37.45591389956862
37.60108486600146
37.99039098121332
38.01468236263859
38.35222348465607
38.95578082048221
39.40810343183972
39.87842763787759
40.49926923619194
40.49926923619194
41.06695800089187
41.26803044270932
42.0422132845805
42.176499683516674
42.176499683516674
42.63516227946293
43.18193632121645
43.548042310703444
43.570521827653366
43.72540803328147
44.15543246646206
44.59474668716075
44.951908974394435
45.379021843263644
45.5890889476555
45.868939145784104
46.20543644204854
46.354518364976144
46.40795448052221
46.84954590320411
47.212650027299944
47.212650027299944
47.76274939288097
47.76274939288097
47.81420127133431
48.27016279718892
48.61775557425103
48.70875567457578
48.70875567457578
49.15361564052483
49.15361564052483
49.423205405401895
49.921939784680845
49.95434734267187
50.26559329453052
50.285637543538016
50.392580882883756
50.49426038887404
50.66969205759388
51.047463763870255
51.67596787026469
51.965318941248135
52.07856752462515
52.478416408954764
52.98627847867297
53.044884090574705
53.262370869606706
53.73599233831221
54.21218949377909
54.47776807290813
54.47776807290813
54.91802644244059
54.91802644244059
55.240494880110504
55.3037509612089
55.564415506571166
55.72624867479432
55.81534962234516
56.0049630748651
56.0049630748651
56.28378904504655
56.28378904504655
56.56979176748506
56.59948446687248
56.938399264635535
57.1212300418144
57.301045024804644
57.73437676790842
58.00550998502068
58.282862071821796
58.609565828928396
58.63542643069012
59.18908481187563
59.40083228900166
59.65343517587273
60.04042761830355
60.80683843149642
61.056355743794306
61.191593654029035
61.56627610204826
61.66259827919495
61.797899037234146
61.917096992931455
62.206461474605426
62.3608297018066
62.475931135109995
62.599915811382964
63.34355011666466
63.60366343402364
63.8025478007846
64.20471490707963
64.39795219870766
64.52542392886437
64.5752524786323
64.60255743456813
64.861464259182
65.22579005850586
65.22579005850586
65.22579005850586
65.67323495039429
65.67323495039429
65.82243194101196
66.33751010906938
66.86003359154071
67.01534892226715
67.10407231227788
67.42618180534024
67.88931145980634
68.4492697905937
68.5924992939533
68.5924992939533
68.5924992939533
68.5924992939533
68.9285407750985
68.9285407750985
68.9285407750985
68.93986411533479
69.10606650974752
69.10606650974752
69.18077324283612
69.18077324283612
69.3822050387558
69.3879390232236
69.5990456453258
70.03989835410086
70.24454800106246
70.27255691104125
70.27255691104125
70.27255691104125
70.7364648379679
70.98474033222307
71.47963830399648
71.47963830399648
71.50064600981858
71.50064600981858
71.50064600981858
71.50064600981858
71.50135135894816
71.54750685663956
71.54750685663956
71.96696516109247
71.96696516109247
71.96696516109247
71.96696516109247
71.98796806986212
72.08466361223084
72.08466361223084
72.09797737842013
72.45856352786366
72.45856352786366
72.74351624661765
72.75722788370291
72.8922782594036
73.39502705750316
73.39502705750316
73.4416025968444
73.4416025968444
73.4416025968444
73.4416025968444
73.45945650009197
73.5084909951305
73.5084909951305
73.82845015693202
73.90570935714901
73.93882379902496
74.0202975909794
74.17013111496662
74.33440484878611
74.33440484878611
74.33440484878611
74.59043537215601
74.78837075170898
74.78837075170898
74.81731213758732
74.81731213758732
75.13698503594011
75.13698503594011
75.3730009412584
75.51523771868771
75.64753031856583
75.64753031856583
75.64753031856583
75.64753031856583
75.75151812431429
75.87947951538278
76.10905062217456
76.10905062217456
76.22212903228093
76.22212903228093
76.42297884471685
76.42780949149459
76.57019625702193
76.83863054958854
76.90935322612478
77.30554685409258
77.39166974048725
77.39166974048725
77.39166974048725
77.52633289777133
77.72684338647802
77.72684338647802
77.88497586768995
78.08501996279014
78.48176834996057
78.52121966995372
78.66987364801862
78.66987364801862
79.05239619202109
79.05239619202109
79.05239619202109
79.43858511372423
79.6918542429209
80.11263191085516
80.25764030270383
80.77333656755712
80.87664951809137
80.87664951809137
81.15013918848761
81.45358781841529
81.65884079408201
81.96998185477334
81.96998185477334
82.07079132696526
82.3329261347815
82.55410569760511
82.90078139104122
82.90807483032
82.90807483032
83.10442375105917
83.12108727564103
83.22198467586632
83.50917128449916
83.50917128449916
83.60240869550987
83.60240869550987
83.86904932498703
84.05010613837678
84.05010613837678
84.05010613837678
84.07429570234451
84.23541704624311
84.290966643336
84.46537727934943
84.88854474974376
85.06041118761055
85.44221002720857
85.4702740398359
85.4702740398359
85.4702740398359
85.4702740398359
85.47597376009163
85.7499612680377
85.88322405974965
86.45057755437028
86.53982372390632
86.84112870185545
86.96030921582387
86.96030921582387
87.23669752726342
87.23669752726342
87.34567070571742
87.34567070571742
87.34567070571742
87.34567070571742
87.446576775164
87.446576775164
87.46508623419437
87.46508623419437
87.56480935428668
87.56480935428668
87.56480935428668
87.82505455735104
87.82505455735104
87.82505455735104
87.82505455735104
88.00804077335702
88.00804077335702
88.00804077335702
88.00804077335702
88.00804077335702
88.00804077335702
88.08095205498225
88.08095205498225
88.23122582778035
88.3134133173613
88.91063632023123
88.96146007335923
89.14567255288128
89.48903548496229
89.48903548496229
89.76272225565411
89.89817856346458
90.04031364410442
90.04031364410442
90.1866175941146
90.19584560207
90.49381588617256
90.49381588617256
90.49381588617256
90.49381588617256
90.63857782551904
90.67317339729709
90.67317339729709
90.67317339729709
90.71944212960067
90.7862189609202
91.20050331586027
91.23265696193722
91.2936728572656
91.2936728572656
91.37618336591933
91.37618336591933
91.37618336591933
91.56171731642847
91.56171731642847
91.56171731642847
91.67373174154342
92.1156124682347
92.2449323546172
92.38981945743832
92.7665496234855
92.89769388282579
93.17347040356287
93.17347040356287
93.46611882177734
93.49823715569364
93.60932356510058
93.66438752718909
93.75408913921251
93.86762070893205
93.86762070893205
93.86762070893205
93.86762070893205
94.2706512478217
94.81207297543155
95.42807828471464
95.52761206152381
95.58961286775784
95.58961286775784
95.64385391739083
95.64385391739083
96.03268482301189
96.03268482301189
96.03268482301189
96.03268482301189
96.15880755928646
96.33506384583416
96.50566496502145
96.64118443004257
96.8847263190524
96.92168476152555
97.11295134619802
97.11295134619802
97.2810097297305
97.2810097297305
97.56860011828212
97.56860011828212
97.57896375460162
97.86084503530385
98.24061775451321
98.31302895039518
98.62472807749832
99.0858643555086
99.14221353210111
99.24787178053707
99.24787178053707
99.4668980663275
99.4668980663275
99.86839626099164
99.9668293420134
100.32499296487804
100.62782846306952
100.66921699239657
100.74683361740382
100.83964701078528
100.83964701078528
100.83964701078528
100.84170233016773
100.8721512422816
100.8721512422816
100.8721512422816
101.18516877002196
101.39160292829378
101.39160292829378
101.39160292829378
101.39160292829378
101.39160292829378
101.49842343053108
101.89460587276017
102.20307689815776
102.54230906509783
102.89472391929493
103.03651002602822
103.08839064637621
103.25092437673666
103.44159475225725
103.84142791931771
103.8606240739497
104.05432333631867
104.05432333631867
104.05432333631867
104.05432333631867
104.18912679652504
104.37172875245139
104.45018617527805
104.62549919473133
104.916609995255
104.99882667218566
104.99882667218566
104.99882667218566
104.99882667218566
105.20951885794925
105.44007936977229
105.44007936977229
105.82086974528046
105.92485215624555
106.04905396310664
106.26412604507598
106.36288398567328
106.67892678653679
106.71553125210613
106.71553125210613
106.74819286669084
106.79395799599071
106.9312160774533
107.07639568970578
107.15273403237228
107.35073532151308
107.35073532151308
107.43863861884691
107.5430786430072
107.6335991732107
107.79268527840014
108.1504576230998
108.42289750549757
108.42289750549757
108.42289750549757
108.54032577044057
108.66497844429253
108.77093310934299
108.86464039521893
109.22531425681267
109.22531425681267
109.46073296008402
109.7071015251631
109.7071015251631
110.15711931862205
110.15711931862205
110.15711931862205
110.19555377803454
110.19555377803454
110.19555377803454
110.19555377803454
110.19555377803454
110.19555377803454
110.19555377803454
110.33335598000076
110.33335598000076
110.38611996112269
110.38611996112269
110.51985730808966
110.52675510261379
110.86458680296643
111.03114516221339
111.03114516221339
111.03114516221339
111.03114516221339
111.09749832478735
111.27973862491872
111.44997961612937
111.44997961612937
111.56122322488758
111.78276509706419
111.97631655313344
111.97631655313344
112.00613869019436
112.00613869019436
112.00613869019436
112.00613869019436
112.00613869019436
112.00613869019436
112.16268446942512
112.23584926008013
112.32826223234005
112.46682126842302
112.46682126842302
112.56038526877698
112.66875807700634
112.66875807700634
112.66875807700634
112.66875807700634
112.90895138958358
113.16029729521473
113.16029729521473
113.21915120447638
113.46783998377609
113.46783998377609
113.64008307236658
113.84279987815341
113.94902953951369
113.95041974047354
113.95041974047354
114.52993434695695
114.70762131172117
114.70762131172117
114.71342831214784
114.98995519272675
114.98995519272675
114.98995519272675
114.98995519272675
115.36707170636653
115.36707170636653
115.6453614273998
115.86995851668934
115.86995851668934
115.96009298136957
116.033133401126
116.16061020860738
116.39343823905813
116.59698712171358
116.75398445481291
116.86542976746671
116.86542976746671
117.13944539650464
117.5978736553057
117.82675436910414
118.12733394416097
118.2037567999318
118.25668967910049
118.31769024653914
118.55158299624395
118.55158299624395
118.63947223095283
118.739544927724
118.99726055012648
118.99726055012648
119.28228069132517
119.4525125168314
119.4525125168314
119.59379053494109
119.6119900265157
119.94262254386331
120.08306099331304
120.42693278062502
120.59399503577227
120.59399503577227
120.7555116712596
120.82794552535653
121.09255647928804
121.13906144255108
121.13906144255108
121.13906144255108
121.42760084524194
121.59653335366443
121.63497638168732
121.67161988757657
122.09966494170378
122.56774750902626
122.56774750902626
122.80658718592406
122.80658718592406
122.90638928602371
122.90638928602371
122.94264055308146
122.94264055308146
123.36794332789403
123.54790932032473
123.78779886709495
123.94422039927906
124.49062936290917
124.73659118041553
125.09440318517218
125.10008397291091
125.4233269704247
125.59216282016943
125.59216282016943
125.59216282016943
126.18595399936383
126.50974970579666
126.6108499247299
126.9083246480321
126.9083246480321
126.933812030895
127.16682914451506
127.16682914451506
127.27199934339538
127.39103516524544
128.00542634336108
128.0348622968063
128.41337156600804
128.72885457533388
129.0399766758588
129.11279236562012
129.11279236562012
129.15960511392583
129.28964150912253
129.47534247401032
129.7903994605958
129.7903994605958
129.92675414201656
130.114165531083
130.114165531083
130.114165531083
130.23066839169695
130.69208379527694
131.2704474748307
131.4707680714661
131.4707680714661
131.7975439047035
132.1239689920364
132.24727064977503
132.83709115194998
132.83709115194998
132.83709115194998
132.83709115194998
132.83709115194998
132.83709115194998
133.11963418054475
133.11963418054475
133.4411635641037
133.4411635641037
133.5764837577014
133.8505693367514
134.08104604350928
134.25389524719907
134.70336254124038
134.90093339642337
135.06616795825792
135.06616795825792
135.06616795825792
135.15161908850806
135.4766904908636
135.8910580637642
136.21730378359211
136.49938655308077
136.82268471547115
136.89721534515283
136.89721534515283
137.12551807342038
137.12551807342038
137.38637921490124
137.55933918550363
138.0685452067879
138.12489713430907
138.42343571036935
138.5110307877569
138.5402414475597
138.91812189775916
139.17779602125748
139.43325294497973
139.65168917765462
139.90625529133683
139.90625529133683
140.0032267957983
140.11506934673153
140.11506934673153
140.3792193667701
140.64257436615026
140.65507078991897
140.85767746842532
140.85767746842532
141.2614938132927
141.71539724901862
141.71539724901862
141.86696377493533
141.96825838736467
141.96825838736467
142.1117641373178
142.1117641373178
142.2780484243101
142.6524084418825
143.22187783537294
143.5179448470208
143.52197061218848
143.63315682241355
144.15360299305053
144.29588931253895
144.30497142860298
144.30497142860298
144.5032857720434
144.75864508512274
144.75864508512274
145.1251515878361
145.39054191998656
145.77901125179076
146.00234428663015
146.08400294548892
146.27024297408525
146.4271234058982
146.89020695866947
147.11804757133427
147.1317538166125
147.1317538166125
147.1317538166125
147.72414979887193
148.0225691380738
148.3006298221281
148.35140336399022
148.65230039165343
148.65230039165343
148.90179113959775
149.122281823942
149.32557703625037
149.32557703625037
149.98026631904017
150.40000358803934
150.64297812807288
150.9178125436505
151.04496929997558
151.26498081135819
151.26498081135819
151.27475256012315
151.27475256012315
151.57980992589634
151.57980992589634
151.57980992589634
151.58676262408994
152.13577215968772
152.4269822181247
152.61513267417217
152.94152285278452
152.94152285278452
153.17419671867958
153.49399890796556
153.76325604399
153.76325604399
153.98079222635826
154.10945773092578
154.47068784884652
154.70534970337127
154.81604190624012
154.8942140490295
155.28870628772356
155.30294141675793
155.61699853464972
155.98579054392252
156.09293901921382
156.09293901921382
156.1056931065277
156.2333525751987
156.53529729004174
156.64612413901938
156.89670209444938
156.9945886265587
157.0922803784517
157.49054617038954
157.5575948478288
157.79912480705127
158.26902957169284
158.26902957169284
158.40436498531136
158.40436498531136
158.79676856309115
159.0550872109469
159.0550872109469
159.39740789428225
159.4697117432741
159.63947875742878
159.9561854366812
160.04437692752384
160.52248524159205
160.99629615510545
160.99629615510545
161.16689516444816
161.30582258922408
161.74596541952582
162.06572163484302
162.5355377237935
162.87563614593776
162.87563614593776
162.9437920584722
163.150886936361
163.19203889894882
163.19203889894882
163.19203889894882
163.30252826967563
163.49311304373254
163.86842608919122
163.94516979663936
163.94516979663936
164.30449834396904
164.30644700001343
164.6414241577301
164.6414241577301
165.1572538778721
165.5140422602365
165.63073677729915
165.72113249784388
165.8267171174087
165.93758166315948
166.1881086445784
166.27716780128713
166.49364333791237
166.49364333791237
166.54872651956302
166.6878817472963
166.6878817472963
166.6878817472963
166.88556210937216
167.1737126386383
167.2374888612406
167.43971416436727
167.70834210369793
167.79499746181673
167.80014391537887
168.00170714852538
168.00170714852538
168.00170714852538
168.01582220881374
168.01582220881374
168.13658687124806
168.59306156148446
169.0936290980862
169.18486572387263
169.38600706169703
169.38600706169703
169.55491340513618
169.8334837844595
170.0043120155865
170.40762407898018
170.68174415561
170.68174415561
170.78119124780952
171.29292879241154
171.29292879241154
171.60887106486345
172.06617346181363
172.15093803989922
172.24061705147295
172.37837132561552
172.86123424069012
172.86123424069012
172.99813851823137
173.15124777267815
173.2750011152968
173.5111705751726
173.74349292133522
173.74349292133522
174.04586842422384
174.5521765703354
174.76253088517612
174.76253088517612
174.9334353548969
174.9334353548969
175.04036454266176
175.41266334562243
176.05243045162436
176.18779824060505
176.48230170448278
176.54892371061877
176.56022036227998
176.56022036227998
176.94165877441984
177.37339079372947
177.59952406981049
177.6334859967958
177.6334859967958
177.80165235896757
178.1054951565955
178.43278003662664
178.5252316494742
178.5252316494742
178.86691762043787
179.34087399685518
179.34087399685518
179.39293677851083
179.39293677851083
179.39293677851083
179.8968583329159
180.09040252649027
180.4851721597723
180.72384848609653
180.8324097249737
180.97969968572667
181.24823161368442
181.24823161368442
181.24823161368442
181.66152378317955
181.66152378317955
181.83248123494593
181.83248123494593
182.03681421619885
182.03681421619885
182.11307016088222
182.49249747839121
182.49843552054602
182.58166308625582
182.73235527939494
182.73235527939494
182.8372639091792
183.02005880183356
183.02005880183356
183.21624331272187
183.61970269005676
183.61970269005676
183.61970269005676
183.7366575835629
184.1109101419586
184.1109101419586
184.29718986319045
184.47988592393827
184.47988592393827
184.47988592393827
184.47988592393827
184.6347456246826
184.76585511572657
184.76585511572657
184.8437732468232
184.93354865098073
184.93354865098073
185.00815367796147
185.00815367796147
185.08369108951268
185.08369108951268
185.08369108951268
185.2562755057094
185.2880014354619
185.54794740170624
186.0991099331754
186.34088849782788
