0.6427625112972617
1.007183085671013
1.182058384230965
1.232107933276484
2.1624065399578107
2.845654526788942
3.5542869627319176
3.6954642063275505
4.219182512381311
4.219182512381311
4.32437757801708
4.757827747295959
5.653049684533648
6.2740492818872315
6.558345915852023
6.694268877476177
6.694268877476177
7.143138641609779
7.3955649147984435
7.3955649147984435
7.4628066771075385
7.605280257935626
7.946490772357871
8.28492140661718
8.473143583855364
8.595905769443279
8.882124371925261
9.254564337048988
9.792280118770526
9.924231332644748
10.113472376070124
10.113472376070124
10.35946823544147
10.600975547706476
11.45123058263622
11.817689866170207
11.817689866170207
12.21951590325775
12.476268078326536
13.00976077220649
13.716523696955623
13.716523696955623
14.077099113997248
14.361839730746023
14.798942299255499
15.395048563292317
15.570129357940287
15.820092290281723
16.011274071346293
16.108629247708283
16.192533440741368
16.369222545084103
16.85934374414218
16.968347185602273
17.381852098639666
17.832602825672623
18.319930902896388
18.509818986750396
19.33911550950107
19.902400975790513
20.057089590482853
20.483643016169452
20.969169974844693
21.25782701268865
21.54465908146931
22.067341869785565
22.574578386850817
22.98874781389937
23.386069901424115
23.539075571299605
23.748244152195976
24.40099030679945
25.080836585181807
25.520496649825148
25.70951804753196
26.124709921971963
26.24881629712259
26.686963975433795
27.000741415476124
27.425647513153613
27.706284634782
28.459560568609305
28.893549161777493
29.33018702529257
29.509421681432205
29.81039089589701
30.138804232004468
30.48606461081389
30.738490173469653
31.17113928921526
31.635223318160467
31.85543294866138
31.85543294866138
32.13938850678288
32.70013652226346
32.9247194613749
33.11496837271853
33.567440919744094
34.04900827346667
34.87930177534783
35.27665978766447
35.27665978766447
35.57866876820897
35.96250887795884
36.40182368611584
36.911300645383214
37.01473770746974
37.049624975548745
37.25954761556492
37.37860874047525
37.807805070228405
38.18025548820589
38.314387946324295
38.64492205751575
39.02881932257718
39.02881932257718
39.316722859633686
39.316722859633686
39.316722859633686
39.316722859633686
39.771638247164745
40.00805957765621
40.309911934496526
40.99676577826205
41.64370500853866
41.737522905456025
42.0339529961262
42.061530937253224
42.20204923438219
42.559074422731186
42.78532486495918
43.187805153986005
43.488890982254944
43.74962119596202
43.74962119596202
44.027467773446055
44.23517900951741
44.23517900951741
44.31937063775135
44.45002358482772
44.711463486718664
44.88365634082209
45.21186419252934
45.28614654046109
45.69835753719487
45.998318166626305
46.10799558095898
46.3928555141918
46.43961168357578
46.57383828945014
46.76078651958104
46.76078651958104
46.76078651958104
47.017481192721554
47.180438394036464
47.19143206083894
47.26266391429897
47.58304366964144
47.830564765523356
48.42586131071615
48.69605316740387
48.83188076195462
49.3819659965293
49.38476332870365
49.42443433855193
49.6825277742404
49.6825277742404
50.19748542803095
50.19748542803095
50.40395646544981
50.683158247993894
50.683158247993894
50.897657532754714
50.9956311419736
51.156153085844565
51.34469722843285
51.34469722843285
51.503709031896776
51.50930164362193
51.64812372404211
51.72717084761
51.72717084761
51.92293434765533
52.0744567247921
52.0744567247921
52.26284604923325
52.624357693874074
52.89281780248909
53.06940306821177
53.08927177486461
53.185361562628444
53.344408982090215
53.359313373752656
53.91886093296558
54.30672445073761
54.54840156787764
54.7226032743209
54.812493449082076
54.87550489149702
54.87550489149702
54.87550489149702
55.120389365942096
55.68899356174021
55.8143623006595
56.33885887074088
56.33885887074088
56.562146641524535
56.89219978105756
57.015223423375176
57.37340702508954
57.37340702508954
57.37340702508954
57.37340702508954
57.58771835817703
57.99940463420386
58.50049189682618
58.77034978651496
59.140159438984426
59.466413455445526
59.466413455445526
59.466413455445526
59.77450556267909
59.77450556267909
59.77450556267909
60.043239139825715
60.37740695723133
60.447788255700225
60.458872462867774
60.59288878622026
60.714248764795826
60.714248764795826
60.981583312924755
60.981583312924755
61.13520777295288
61.14331060143002
61.2861886577905
61.467882709926066
61.467882709926066
61.57975899292434
61.768469310164
62.00711815770715
62.02874093291668
62.06255290254639
62.29655622304717
62.49730842874802
62.49730842874802
62.911564221638194
62.9503781533952
63.13370341942905
63.16599361877429
63.4243334439473
63.84571147501952
64.01597330895483
64.01597330895483
64.4973628474258
64.63571796125561
64.65674265371439
64.65674265371439
64.65674265371439
64.83023739661857
65.15299251199067
65.46173751498225
65.71123493010744
65.91608173714494
66.12872224983494
66.19941731956274
66.5044493322154
66.54222659131165
66.6279230335828
66.7667702694991
66.99963841713988
67.11480906762377
67.4934466934157
67.58319456177482
67.61168041390523
67.84201919028828
68.16839196102333
68.52354037761611
69.01441469861278
69.27985778520085
69.71136319070668
70.17324695828187
70.59164689377639
71.09086191564553
71.37926644950913
71.60602604873559
71.60602604873559
71.72545510744646
72.04853477837548
72.19049102023254
72.24756052612857
72.64025269105824
73.1138886872564
73.48760514402416
73.79860304976127
73.87992570332456
74.34886026856405
74.78574839476612
75.39177331647095
75.5789451433179
75.73975069653004
75.90969529125502
76.15923502528474
76.29227385166915
76.62925867061212
77.1348275323505
77.68245912632204
77.68245912632204
78.10497707973866
78.4872662201688
78.78098993156547
79.51017048875113
79.85618722096112
79.99574600136606
80.35692642145592
80.35692642145592
80.52084480661303
80.81070917989081
80.9231407427312
81.17661045939151
81.45630134753516
81.45630134753516
81.55894500409742
81.77167967481637
82.1046723861913
82.23523253769689
82.23523253769689
82.65357685745397
82.68669948506994
82.92012894748162
83.14928378310164
83.35587905601864
83.64116199002831
83.93858995010228
84.15223749013757
84.19236747368609
84.22175818509147
84.38848593546541
85.08041996296492
85.2617140899695
85.34750233518425
85.34750233518425
85.65104030750906
86.21555543906703
86.75930205395238
86.99586010368236
86.99586010368236
87.31248547298414
87.67467360631784
87.9658404583208
88.38764603956545
88.70446600363375
88.86961909298712
88.86961909298712
88.96544172892415
89.02205633130286
89.11983015546684
89.4106076967152
89.50943471151949
89.63585501145616
89.85225364970276
90.18610013969027
90.18610013969027
90.37601858540603
90.59483652057502
90.59483652057502
90.74578022175687
90.77922448490823
90.77922448490823
91.04392303336725
91.18250081040502
91.42537866724227
91.83314626294754
92.24186338699778
92.40075298731912
92.7987583851228
92.82655501852369
92.86868843095532
92.86868843095532
92.88164683343324
93.2119498872808
93.45777237693768
93.70819692497933
94.13314269278321
94.52124103539187
94.61556642462021
95.06096873423705
95.24387950698765
95.24387950698765
95.4649544467267
95.4649544467267
95.4649544467267
95.4649544467267
95.48714332050521
95.64677657007032
95.73456176950799
96.16605645491859
96.16605645491859
96.30931827123588
96.30931827123588
96.58797519718718
96.79126104675744
97.04072790261776
97.17262365379585
97.39843268579665
97.72126150107383
97.82343287843666
97.83516936088654
98.0634354401602
98.318581804113
98.38706016674499
98.44170509992608
98.54289045593416
98.66005538334664
99.06554230478993
99.24509270861998
99.49535990101685
99.58478943767874
99.66213976727815
99.73635905902583
100.24004160010828
100.24004160010828
100.59163018063474
101.00366768328003
101.00366768328003
101.23468750371534
101.23468750371534
101.23468750371534
101.57776163493904
101.62242833216641
101.93550900283532
102.08316487508506
102.08316487508506
102.08451629171147
102.16970913329241
102.39226387249091
102.6276211032805
102.70831155905948
102.7714911135454
102.98459651054718
103.55610554354882
103.8255569534291
103.8255569534291
103.86078614544692
104.17362868454418
104.40205076377262
104.64190316398063
104.64190316398063
104.64190316398063
104.64190316398063
104.64190316398063
104.77098580238844
105.33009729432561
105.8542647060149
105.8542647060149
105.8542647060149
105.91874552414134
105.91874552414134
106.14115956193777
106.14115956193777
106.29751369939753
106.49639025406283
106.62737078918211
106.64141024038254
106.76823325694475
107.25818354599387
107.34300337587378
107.34300337587378
107.46186580559845
107.5948581412937
107.65091472027743
108.23141346416692
108.30147741451502
108.30147741451502
108.4259869578072
108.56764415219338
108.74139588983051
108.81738430069987
109.06328648370351
109.07141243538766
109.40727962273473
109.40727962273473
109.51068797639614
109.7285061554224
109.86335469480355
110.1222648958805
110.48084865256098
110.56114891945853
110.6058232447448
110.6058232447448
110.87998620152305
110.87998620152305
110.87998620152305
111.30107560779506
111.35900869439747
111.35900869439747
111.35900869439747
111.45512455752814
111.68473371842514
111.77179824264483
111.90729284696302
111.90729284696302
111.90729284696302
111.90729284696302
112.17361176650812
112.4220923845723
112.62598229698538
112.62598229698538
112.62598229698538
112.716485447505
112.8334289086193
112.85457881919284
113.09366273325413
113.09366273325413
113.09366273325413
113.19820970127577
113.29689010406402
113.3631540730899
113.46135359534465
113.67934066492633
113.67934066492633
113.94021974619821
113.94021974619821
113.94021974619821
114.01195930084914
114.20412429512021
114.25577807163722
114.4487243665423
114.5278946553241
114.5278946553241
114.67127521227114
114.75389414301395
114.90799992660199
115.10047074377708
115.23133314718908
115.23133314718908
115.23133314718908
115.47399859853212
115.81151419578161
115.83613166251858
116.02663438379015
116.16715428052866
116.27434928568222
116.60709701966873
116.65740060527897
116.93899667308506
117.29524879517909
117.58910278127067
117.58910278127067
117.60770856290483
117.70203360738698
117.76047119840604
117.76047119840604
117.93983409146261
118.09447064150329
118.09447064150329
118.09447064150329
118.14032961586864
118.23108743416566
118.3751753403746
118.3751753403746
118.61520257282481
118.68322505004808
118.68322505004808
118.83727291741818
119.1149545538787
119.1149545538787
119.36353425211082
119.53201002333165
119.53201002333165
119.53201002333165
119.53201002333165
119.62147212592387
119.8197460686415
119.8197460686415
119.8197460686415
120.09311702496072
120.2241466378519
120.2241466378519
120.2241466378519
120.46901452594497
120.46901452594497
120.46901452594497
120.46901452594497
120.6740634868671
120.96559247592776
121.15136751213932
121.19055583528517
121.19055583528517
121.19055583528517
121.19055583528517
121.28145034249735
121.30607087154264
121.30607087154264
121.69318674454152
121.97057319209839
121.97057319209839
121.97057319209839
122.03527693047864
122.03527693047864
122.15324613179283
122.15324613179283
122.2107197211137
122.50921570857224
122.50921570857224
122.52102522882912
122.6046392354375
122.6607638049763
122.6607638049763
122.8929786184718
123.04091921246432
123.0873475563565
123.31212442221222
123.31212442221222
123.31212442221222
123.57970635511211
123.57970635511211
123.57970635511211
123.64154049731088
123.64154049731088
123.8482402632694
123.99600398406601
124.07327778878808
124.11710446649549
124.11710446649549
124.11710446649549
124.28584560027896
124.28584560027896
124.28584560027896
124.37201769820969
124.56419312981288
124.77630375787368
124.77630375787368
124.77630375787368
124.872251329577
125.16547462069678
125.16547462069678
125.16547462069678
125.41780092284976
125.41780092284976
125.54203817038098
125.54352092775576
125.54352092775576
125.54352092775576
125.54971719115485
125.8191026436917
126.00740056059972
126.02919436964825
126.11680114360084
126.29032860015255
126.30624285141856
126.33278161531733
126.44833440011334
126.44833440011334
126.78376146456398
126.78376146456398
126.94241938075285
127.28447393474723
127.34211778583591
127.40662777390301
127.7285784628498
127.77332781350087
127.77332781350087
128.12227164307203
128.29389266615823
128.29389266615823
128.43063358632418
128.52163241428008
128.52409335417755
128.88057258358543
128.88057258358543
129.33764287778206
129.40398868454233
129.40398868454233
129.47610417971563
129.47610417971563
129.47610417971563
129.47610417971563
129.7756923413844
129.7756923413844
129.86893742627382
130.16327803527216
130.29018670645235
130.3151709281536
130.61601531293925
130.61689954813448
130.6657021679351
130.6657021679351
130.6657021679351
130.70732482739695
130.7518500735953
130.7518500735953
130.9777727041736
131.40676892248123
131.58585505117568
131.86315977508616
131.95251754926116
132.2331864419964
132.31352706326442
132.31352706326442
132.39059577682886
132.40976678697908
132.40976678697908
132.40976678697908
132.40976678697908
132.57685666688968
132.64452902248195
132.64452902248195
132.87252999654933
132.99297850126493
133.10508162202566
133.24646934246226
133.57288584472127
134.13198601338823
134.13198601338823
134.13198601338823
134.2084585178716
134.55812677351423
134.56649616439094
134.62616550218502
134.62616550218502
134.62616550218502
134.62616550218502
134.65559010395373
134.70487635119247
134.7660187745221
135.18627368749776
135.4016586819294
135.4016586819294
135.44851900513672
135.61091916870944
135.68435879662178
135.68435879662178
135.83273704931398
135.83273704931398
135.8982016073359
135.8982016073359
135.92987981480803
135.92987981480803
135.92987981480803
136.01295589853873
136.01295589853873
136.06040280908974
136.06040280908974
136.06040280908974
136.06040280908974
136.06040280908974
136.0626071387525
136.0626071387525
136.0626071387525
136.0626071387525
136.0626071387525
136.13827153994424
136.2266202591223
136.25442867811975
136.3618958134217
136.3618958134217
136.3618958134217
136.38812069312817
136.38812069312817
136.4905492353026
136.4905492353026
136.52363582717098
136.52363582717098
136.52363582717098
136.52363582717098
136.5466891444375
136.5466891444375
136.5466891444375
136.5466891444375
136.7915842676136
136.86124737558322
136.88793145067294
136.88793145067294
136.89472644043784
136.89472644043784
136.89472644043784
136.89472644043784
136.96196064897387
137.08308722537487
137.08308722537487
137.08308722537487
137.08308722537487
137.08308722537487
137.18350945994527
137.29714662548542
137.29714662548542
137.29714662548542
137.29714662548542
137.29714662548542
137.29714662548542
137.29714662548542
137.29714662548542
137.29714662548542
137.29714662548542
137.46008546585114
137.46008546585114
137.46008546585114
137.5359722475314
137.5359722475314
137.5359722475314
137.5359722475314
137.64043532041904
137.64043532041904
137.8280057232872
137.8280057232872
137.8280057232872
137.8280057232872
137.8738095534159
137.8738095534159
138.05064327091245
138.11784250151345
138.11784250151345
138.11784250151345
138.11784250151345
138.11784250151345
138.11784250151345
138.12331302822201
138.1874000267658
138.1874000267658
138.1874000267658
138.2032426740512
138.32767726939568
138.32767726939568
138.33553310728095
138.33553310728095
138.36691077210475
138.5504344463145
138.5925810015845
138.718429264259
138.718429264259
138.718429264259
138.718429264259
138.718429264259
138.98514110918975
138.98514110918975
139.02519220772987
139.02519220772987
139.13768766470892
139.2660265718237
139.38269345030815
139.54055470241371
139.65205166913995
139.65205166913995
139.65205166913995
139.76490997767633
139.9034344517996
140.00684071770937
140.14737343663612
140.14737343663612
140.14737343663612
140.18689256998607
140.18689256998607
140.19212900789978
140.19212900789978
140.30355516624516
140.41002692166865
140.41002692166865
140.47207584333825
140.58046386578462
140.73809734894013
140.80532487015574
140.88994375595377
140.88994375595377
140.88994375595377
140.94057822625015
140.94057822625015
141.105000669642
141.105000669642
141.1326205967299
141.23201470148575
141.3038743986167
141.3038743986167
141.37235683978693
141.37235683978693
141.53711785637458
141.64258746089132
141.79404342338879
141.79404342338879
141.79404342338879
141.79404342338879
141.80396528734283
141.89059224156657
142.00709737265367
142.00709737265367
142.00709737265367
142.00709737265367
142.2959967793419
142.2959967793419
142.2959967793419
142.48041456960758
142.5929065098437
142.5929065098437
142.5929065098437
142.70615723653847
142.70615723653847
142.70615723653847
142.70615723653847
142.70615723653847
142.70615723653847
142.70615723653847
142.70615723653847
142.70615723653847
142.99002825715837
143.0346973584631
143.1611885338384
143.1611885338384
143.30784176398134
143.30784176398134
143.31475715142145
143.31475715142145
143.31475715142145
143.4195376742323
143.44792622993208
143.44792622993208
143.44792622993208
143.44792622993208
143.44792622993208
143.59297117680063
143.66375420751143
143.66375420751143
143.80247111124552
143.80247111124552
143.83874197195203
143.83874197195203
143.83874197195203
143.90656788378323
143.95823544621754
143.95823544621754
144.24121941670307
144.26826019544785
144.26826019544785
144.27804104216284
144.35076544503727
144.35076544503727
144.35076544503727
144.35076544503727
144.35076544503727
144.35076544503727
144.36772328879053
144.36772328879053
144.4458887371376
144.4728339471625
144.75820545767695
144.8515704293849
144.96125178294918
144.96125178294918
144.96125178294918
144.96125178294918
144.96125178294918
144.96125178294918
144.96125178294918
144.96125178294918
144.96125178294918
144.96125178294918
144.97703895167191
144.9922849587673
145.04701598789654
145.09186208319704
145.30656746890716
145.4563765634054
145.51927013532975
145.56810554054508
145.73068494566076
145.73068494566076
145.81654659493188
145.81654659493188
145.92941572085263
145.92941572085263
145.92941572085263
145.95371026578078
146.05178024688215
146.05178024688215
146.05178024688215
146.3401258829268
146.45128810032176
146.53637925540968
146.61266799508493
146.61266799508493
146.64095558886407
146.64448537460032
146.64448537460032
146.64448537460032
146.64448537460032
146.64448537460032
146.64448537460032
146.70660568815128
146.98063338950345
146.98063338950345
146.98063338950345
146.98063338950345
146.98063338950345
146.98063338950345
147.15956734978042
147.15956734978042
147.15956734978042
147.15956734978042
147.16454407291013
147.19608186479672
147.33734674688455
