0.5808548142055796
0.6338784313694625
1.1922782321460916
1.6346570851506632
2.17360633925299
2.8102401916773863
2.8102401916773863
3.2317196991476123
3.5909940208065274
4.063115938608544
4.063115938608544
4.3537677618129145
4.995908687382741
5.503391089718179
6.192418327643422
6.1984465133242965
6.956691159310926
7.365752002695652
7.965594604718724
8.452735206008066
8.706824586423972
8.972840338121191
9.66373981145975
10.023720496632937
10.105179509032943
10.579808211197255
10.926650341670696
11.070298367206211
11.070298367206211
11.070298367206211
11.48262756600862
11.502313712713379
11.789079868757577
12.03030535669364
12.172178733257969
12.639458499754785
12.639458499754785
12.778147050913933
12.933168181724373
13.229686275414627
13.397631916254603
13.402640727148263
13.402640727148263
13.402640727148263
13.548886341158646
13.710842378870966
13.798548374577285
14.053748851813792
14.32256898659343
14.727573386930333
15.118284753553349
15.27919263014783
15.631805847411238
15.678216741232262
15.67976295909812
16.100093373007144
16.198826950228725
16.39500413111534
16.546617327424617
16.546617327424617
16.546617327424617
16.77373162215168
17.27970239370708
17.63013862013905
17.72142644634625
17.966752725293304
17.966752725293304
18.049601819535816
18.049601819535816
18.17444103323965
18.33605227378063
18.33605227378063
18.48057391222276
18.5395172261325
18.6698013996941
19.003987646901482
19.003987646901482
19.22426070764423
19.385277751374982
19.87819401080666
19.898245310494804
20.156542440365396
20.156542440365396
20.34256858892144
20.644714289933898
20.849296966511897
20.914616843999713
21.073251715783343
21.313886857391623
21.531372774800612
21.839362281039026
21.839362281039026
22.078254212019615
22.078254212019615
22.078254212019615
22.43089953878475
22.43089953878475
22.43089953878475
22.43089953878475
22.43089953878475
22.43089953878475
22.43089953878475
22.43089953878475
22.43089953878475
22.896943796073078
22.958924349091987
23.144209616076555
23.144209616076555
23.281672604416748
23.281672604416748
23.281672604416748
23.30597075088967
23.350169257122975
23.350169257122975
23.350169257122975
23.350169257122975
23.350169257122975
23.350169257122975
23.350169257122975
23.350169257122975
23.492283863694777
23.492283863694777
23.492283863694777
23.53412548032116
23.74057736554849
23.751658176913338
23.751658176913338
23.751658176913338
23.751658176913338
23.9721231348774
23.9721231348774
24.343946687764564
24.472729580262904
24.472729580262904
24.584370074631078
24.584370074631078
24.584370074631078
24.58888135047027
24.58888135047027
24.796802624043973
24.91218100869316
24.91218100869316
24.954574339734258
24.954574339734258
24.954574339734258
24.954574339734258
24.998750953719433
24.998750953719433
24.998750953719433
25.108350079997283
25.108350079997283
25.108350079997283
25.108350079997283
25.217297515994538
25.217297515994538
25.362324372412175
25.376254879217313
25.376254879217313
25.390973054370736
25.390973054370736
25.390973054370736
25.390973054370736
25.40624231229772
25.50932484211018
25.68536977501665
25.89638385011436
26.00029017698905
26.02784324605455
26.02784324605455
26.362986903399857
26.614917485871874
26.68324550862927
26.796038654413334
27.11000495198728
27.37792390300363
27.434280435503688
27.64301049745021
27.825218033501756
27.825218033501756
27.96553746095811
27.96553746095811
28.04620212026183
28.04620212026183
28.04620212026183
28.24634382876213
28.24634382876213
28.24634382876213
28.32735189606019
28.32735189606019
28.363675663166955
28.366842825215507
28.366842825215507
28.475861099407688
28.475861099407688
28.475861099407688
28.499509535691196
28.6796900513742
28.70183110566734
28.83429555902087
29.0739635269608
29.0739635269608
29.0739635269608
29.14127796712997
29.156837619741765
29.23787265031075
29.243736851883998
29.243736851883998
29.243736851883998
29.305983680722473
29.305983680722473
29.305983680722473
29.305983680722473
29.355748074351677
29.428842503513806
29.428842503513806
29.640444448363446
29.672076825370723
29.751582546027798
29.751582546027798
30.078584104395972
30.224341419656504
30.227428639537525
30.227428639537525
30.227428639537525
30.262998046664965
30.262998046664965
30.433871103860778
30.6257872098028
30.75376139699995
30.77678610196289
30.871848706211892
30.871848706211892
31.026963756079954
31.09167327206866
31.09167327206866
31.36412302883725
31.36412302883725
31.469927178727136
31.54766526899387
31.691251304319103
31.808475013145266
31.808475013145266
31.82588692271422
31.82588692271422
31.82588692271422
32.12279150495316
32.12279150495316
32.12279150495316
32.12279150495316
32.30548834193604
32.41530599443483
32.71781775469694
32.79666722785692
32.79666722785692
32.79666722785692
32.82005519809815
32.87219023277008
33.033306312629904
33.38564167595207
33.60406574385015
33.60406574385015
33.79414966190772
33.79414966190772
33.79414966190772
33.79414966190772
33.79414966190772
33.79702128079604
33.97462084585357
34.087271547856275
34.12364592692653
34.2008997220144
34.29096899632525
34.29096899632525
34.442571575372675
34.79530006533815
34.79530006533815
34.88870435150019
34.88870435150019
35.08625340058274
35.08625340058274
35.08625340058274
35.157128364231305
35.157128364231305
35.17157199304055
35.17157199304055
35.27884638824467
35.27884638824467
35.27884638824467
35.40781216660324
35.47970308899904
35.47970308899904
35.67175816833866
35.67175816833866
35.708073195174414
35.75579060330804
35.75579060330804
35.90101169744613
35.90101169744613
36.17234141263261
36.17234141263261
36.17234141263261
36.34303222601323
36.51282356877055
36.58852811840058
36.58852811840058
36.66869396550833
36.66869396550833
36.79440710284167
37.00712756722962
37.00712756722962
37.00712756722962
37.00712756722962
37.196863468040306
37.196863468040306
37.23052548168795
37.23052548168795
37.28945361632386
37.382165495974384
37.382165495974384
37.45490030838321
37.6241395959623
37.6241395959623
37.74987985463592
37.78934287237278
37.78934287237278
37.83166176011242
37.83166176011242
37.891341976639225
37.891341976639225
37.98027697348426
37.98027697348426
37.98027697348426
37.98027697348426
37.98027697348426
37.98027697348426
38.03269293810201
38.038220998922
38.19959525908979
38.19959525908979
38.19959525908979
38.20549616712059
38.20549616712059
38.27146030372566
38.27146030372566
38.27146030372566
38.27146030372566
38.27146030372566
38.347734905756184
38.347734905756184
38.347734905756184
38.347734905756184
38.436500819239924
38.436500819239924
38.5527608649753
38.55860143755463
38.55860143755463
38.55860143755463
38.55860143755463
38.55860143755463
38.55860143755463
38.55860143755463
38.55860143755463
38.67760975262661
38.67760975262661
38.67760975262661
38.67760975262661
38.86983999424975
38.936483927983424
38.936483927983424
39.0176993467299
39.25581801657895
39.28944551626924
39.28944551626924
39.28944551626924
39.35390300711945
39.35390300711945
39.35390300711945
39.403356545752736
39.403356545752736
39.49527693437617
39.49527693437617
39.49527693437617
39.70468320576833
39.94884555682272
39.94884555682272
40.02522124205295
40.24053435080248
40.24053435080248
40.24053435080248
40.24053435080248
40.24053435080248
40.29775986125641
40.434867009993596
40.434867009993596
40.434867009993596
40.57804252004263
40.57804252004263
40.57804252004263
40.70080054636738
40.75645131317028
40.75645131317028
40.885982013061955
40.885982013061955
41.05067331201243
41.05067331201243
41.10698283238171
41.27107928213231
41.27107928213231
41.27107928213231
41.28731624229847
41.28731624229847
41.28731624229847
41.28731624229847
41.40672798553588
41.40672798553588
41.59120377015097
41.62874195254179
41.62874195254179
41.62874195254179
41.62874195254179
41.62874195254179
41.834343871594776
41.834343871594776
41.834343871594776
41.8978192072506
41.90297672396631
42.14214850250764
42.14214850250764
42.14214850250764
42.29216811365884
42.38847880230789
42.543326981397556
42.64592196380006
42.873337039138875
43.11230921491269
43.11230921491269
43.11230921491269
43.11230921491269
43.153247804238696
43.153247804238696
43.153247804238696
43.27849084343136
43.27849084343136
43.29480963798227
43.36916222071798
43.37905803467708
43.57377130746649
43.57377130746649
43.57377130746649
43.725447526557325
43.725447526557325
43.725447526557325
43.7458032590367
43.7458032590367
43.7458032590367
43.7458032590367
43.939669433057496
43.939669433057496
43.939669433057496
43.939669433057496
43.939669433057496
43.939669433057496
43.939669433057496
44.23817528037418
44.23817528037418
44.23817528037418
44.24696444656138
44.439624720597834
44.439624720597834
44.439624720597834
44.439624720597834
44.44308539402297
44.44308539402297
44.44308539402297
44.44308539402297
44.584208262757606
44.729456063359514
44.76918038124228
44.875614611290096
44.94745187607742
44.94745187607742
45.02270959788695
45.13210476625504
45.13210476625504
45.265669339696025
45.318233666261335
45.318233666261335
45.42802326691009
45.42802326691009
45.437379083823174
45.437379083823174
45.437379083823174
45.5965947276651
45.80074491733979
45.9279839218882
45.9279839218882
45.9279839218882
46.122372322817654
46.254724851726884
46.39317756296731
46.44108653243639
46.466300490558716
46.466300490558716
46.563029238998574
46.563029238998574
46.82450131304698
46.945216506569906
47.00655917600525
47.05893066163817
47.15508223831385
47.54558783869145
47.61450659919526
47.61450659919526
47.61450659919526
47.8346925491131
47.8346925491131
47.8346925491131
47.8346925491131
47.8346925491131
48.02178418202664
48.33431777755239
48.33431777755239
48.42445813251702
48.42445813251702
48.44036650247414
48.44036650247414
48.52750411804013
48.52750411804013
48.52750411804013
48.52750411804013
48.677848728799745
48.80642439721593
48.912273606455166
49.04033356767296
49.149121491481374
49.220122768814846
49.26903633106573
49.26903633106573
49.26903633106573
49.42425381701973
49.42425381701973
49.42425381701973
49.42425381701973
49.43337951917056
49.43337951917056
49.43337951917056
49.43337951917056
49.49968724257995
49.49968724257995
49.757737449198295
49.757737449198295
49.895027540163376
49.91357329234105
49.91357329234105
49.91357329234105
49.91357329234105
49.9313530490561
49.9313530490561
49.9313530490561
49.9313530490561
50.09881170861536
50.11971167738247
50.11971167738247
50.193312049466776
50.210150650383845
50.210150650383845
50.26315971832624
50.37127100354757
50.37127100354757
50.46590150698881
50.46590150698881
50.54119042871129
50.54119042871129
50.54119042871129
50.693730407145786
50.693730407145786
50.693730407145786
50.693730407145786
50.81168629370745
50.94685861153192
50.94685861153192
51.04625844708809
51.07371893345828
51.09941343987235
51.17402590217623
51.17943359759442
51.17943359759442
51.238966937399454
51.26128273961882
51.26128273961882
51.301711936670834
51.301711936670834
51.4234463538207
51.43990323501374
51.463080286900194
51.463080286900194
51.463080286900194
51.463080286900194
51.50955814001015
51.50955814001015
51.600434897615756
51.600434897615756
51.66144154672367
51.76833659418118
51.80385928425703
51.935589665228484
51.935589665228484
51.935589665228484
52.109970603084655
52.109970603084655
52.21105087616746
52.21105087616746
52.21105087616746
52.21105087616746
52.33966004201432
52.33966004201432
52.33966004201432
52.43333676093211
52.43333676093211
52.492880834140855
52.492880834140855
52.492880834140855
52.492880834140855
52.492880834140855
52.492880834140855
52.492880834140855
52.56606356997927
52.56606356997927
52.56606356997927
52.62480496212637
52.62480496212637
52.62480496212637
52.64035896907113
52.783310038276795
52.80572654040634
52.82469923495344
52.82469923495344
52.82469923495344
52.85920732702294
52.85920732702294
52.85920732702294
52.85920732702294
52.85920732702294
52.85920732702294
52.86078717819235
52.86078717819235
52.896128244166725
52.896128244166725
52.896128244166725
52.896128244166725
52.98627070426739
52.98627070426739
53.00836077202137
53.00836077202137
53.00836077202137
53.0845608335474
53.0845608335474
53.10889413381176
53.10889413381176
53.18371212715974
53.39662481703228
53.40569242028164
53.40569242028164
53.51811971054
53.52905504194711
53.57482012368549
53.57482012368549
53.57482012368549
53.635175207042955
53.635175207042955
53.635175207042955
53.635175207042955
53.635175207042955
53.635175207042955
53.635175207042955
53.67014519134175
53.67014519134175
53.832278146339966
53.832278146339966
53.832278146339966
54.04325558518702
54.04325558518702
54.04325558518702
54.045005600864194
54.045005600864194
54.045005600864194
54.115050348388614
54.115050348388614
54.20493210081356
54.31476888094378
54.31476888094378
54.31476888094378
54.31476888094378
54.31476888094378
54.33850853174673
54.33850853174673
54.33850853174673
54.417946520331036
54.417946520331036
54.417946520331036
54.417946520331036
54.417946520331036
54.567150964842014
54.567150964842014
54.567150964842014
54.567150964842014
54.567150964842014
54.567150964842014
54.567150964842014
54.567150964842014
54.567150964842014
54.567150964842014
54.79026638806934
54.86877984858284
55.023204654194075
55.023204654194075
55.120030726150205
55.120030726150205
55.18783696119861
55.18783696119861
55.29306840514019
55.29306840514019
55.29306840514019
55.392942932019345
55.392942932019345
55.392942932019345
55.392942932019345
55.392942932019345
55.392942932019345
55.53706092265774
55.541063971483524
55.541063971483524
55.541063971483524
55.541063971483524
55.59533390966717
55.59533390966717
55.783222143727826
55.85213246815908
55.85213246815908
55.885037280303614
55.885037280303614
55.885037280303614
55.93017128196793
56.19373700992387
56.19373700992387
56.27020374199223
56.30246451119784
56.50395005614135
56.50395005614135
56.6189960891351
56.6189960891351
56.6189960891351
56.66073357818825
56.66940193254545
56.66940193254545
56.779945513914065
56.779945513914065
56.779945513914065
57.01662259135627
57.01662259135627
57.068463308731545
57.068463308731545
57.20163443942559
57.20163443942559
57.20163443942559
57.337013150909215
57.337013150909215
57.33915211267871
57.33915211267871
57.33915211267871
57.44020903255602
57.54317962911537
57.54317962911537
57.54317962911537
57.54317962911537
57.54317962911537
57.55263232496435
57.55263232496435
57.55263232496435
57.72333380662111
57.72333380662111
57.72333380662111
57.818967423291085
57.875470036358564
57.875470036358564
57.875470036358564
57.925945205544636
57.925945205544636
57.925945205544636
57.925945205544636
57.925945205544636
57.925945205544636
58.02157307392721
58.02157307392721
58.02157307392721
58.02157307392721
58.04347467590963
58.04347467590963
58.04347467590963
58.04347467590963
58.1471208363982
58.28420919617265
58.28821434764979
58.313618825590744
58.313618825590744
58.313618825590744
58.313618825590744
58.313618825590744
58.51666502704089
58.51666502704089
58.675996124534194
58.675996124534194
58.70599635994923
58.70599635994923
58.70599635994923
58.70599635994923
58.70599635994923
58.70599635994923
58.70599635994923
58.70599635994923
58.80914600149722
58.80914600149722
58.832699301923505
58.85356969400592
58.882333197509794
58.882333197509794
58.882333197509794
58.882333197509794
58.882333197509794
58.882333197509794
58.95835005618515
59.00653959881145
59.00653959881145
59.0267715054057
59.0267715054057
59.0267715054057
59.0267715054057
59.0267715054057
59.03826554754179
59.11835022079118
59.11835022079118
59.11835022079118
59.11835022079118
59.151652399560675
59.151652399560675
59.151652399560675
59.151652399560675
59.151652399560675
59.31190928065437
59.31190928065437
59.34510838458351
59.34510838458351
59.34510838458351
59.34510838458351
59.34510838458351
59.34510838458351
59.40711060329187
59.40711060329187
59.4345854003455
59.4345854003455
59.4345854003455
59.49070979167419
59.585080586210736
59.585080586210736
59.61342839186847
59.61342839186847
59.69820904979932
59.69820904979932
59.69820904979932
59.765362816853546
59.765362816853546
59.78307686317155
59.78307686317155
59.78307686317155
59.78307686317155
59.78307686317155
59.78307686317155
59.78307686317155
59.78307686317155
59.78307686317155
59.78307686317155
59.7968957578866
59.87244443672274
59.91994149430327
59.91994149430327
59.91994149430327
59.929784706306286
59.929784706306286
59.929784706306286
59.954037058051235
60.0301496954545
60.05184586427448
60.077036175865224
60.077036175865224
60.077036175865224
60.077036175865224
60.077036175865224
60.10175029444774
60.10175029444774
60.10175029444774
60.10175029444774
60.13615902031178
60.13615902031178
60.13615902031178
60.179251956240044
60.179251956240044
60.179251956240044
60.179251956240044
60.179251956240044
60.179251956240044
60.179251956240044
60.179251956240044
60.179251956240044
60.27658165630309
60.28874644386858
60.28874644386858
60.28874644386858
60.28874644386858
60.28874644386858
60.30903564203914
60.30903564203914
60.30903564203914
60.30903564203914
60.30903564203914
60.30903564203914
60.30903564203914
60.30903564203914
60.30903564203914
60.30903564203914
60.30903564203914
60.30903564203914
60.30903564203914
60.30903564203914
60.44029490422398
60.44029490422398
60.44029490422398
60.52198452074855
60.52198452074855
60.6189113244941
60.64851604911567
60.64851604911567
60.64851604911567
60.64851604911567
60.64851604911567
60.724277780585666
60.724277780585666
60.81402978780341
60.81402978780341
60.81402978780341
60.835609830934224
60.835609830934224
60.85707030199333
60.85707030199333
60.85707030199333
60.85707030199333
60.85707030199333
60.85707030199333
60.91812666999269
60.91812666999269
60.91812666999269
60.930296461408886
60.930296461408886
60.930296461408886
60.930296461408886
60.930296461408886
60.95452880279051
60.95452880279051
60.95452880279051
60.95452880279051
60.95452880279051
60.95452880279051
60.96251252081803
60.96251252081803
60.99445812918791
60.99445812918791
60.99613354210779
61.06941782776054
61.095798506792235
61.095798506792235
61.095798506792235
61.095798506792235
61.095798506792235
61.095798506792235
61.095798506792235
61.095798506792235
61.095798506792235
61.095798506792235
61.095798506792235
61.095798506792235
61.09620943895171
61.09620943895171
61.09620943895171
61.2072955791843
61.2072955791843
61.2072955791843
61.24012199408116
61.24012199408116
61.24012199408116
61.24012199408116
61.304087577857594
