0.0
0.4719912615456881
1.1739246813907582
1.5837166099525024
1.5837166099525024
1.6645686590339852
1.9733319430701601
2.0145878058548194
2.265836021833156
2.6470413039881002
2.6470413039881002
2.6470413039881002
2.6822083614841974
2.700889998352589
3.126528886837023
3.561267303813549
3.8235001729886813
4.198222999059788
4.471990821212808
4.471990821212808
4.661077143135081
4.80995860939448
5.135517199791151
5.600774229070921
5.708773199436888
6.0936317372926325
6.516250119294356
6.516250119294356
6.799491879222287
6.799491879222287
6.93796987331429
7.027439717007061
7.481132958551314
7.492056316563468
7.756263232509931
7.93353624760417
8.632430906309057
9.082534834693023
9.298272359570964
9.503877831885704
9.877575864650947
9.877575864650947
10.179855774179082
10.449071452015847
10.788871427242936
11.021589422801405
11.188195201312634
11.922418810226414
12.26245911357986
12.473207605977823
12.672374385070007
13.114118000446224
13.149826887967189
13.918586561874625
14.301995884670637
14.70446763902698
14.70446763902698
15.231373156167301
15.572541308777891
16.116732400826166
16.293154543193978
16.667422671866753
16.667422671866753
16.982577224215476
17.151339467870994
17.151339467870994
17.296549239202307
17.765907273233076
18.11022216575465
18.489375616572378
18.954838724211523
19.36435679312526
19.818262964388097
20.086418932155194
20.737214869230726
21.08200309365519
21.08200309365519
21.119749316588376
21.30574312174876
21.722532100901795
22.082423012740996
22.133692709950896
22.382129529712643
22.70357905403204
22.772588894369935
23.044738586853477
23.339145547125778
23.525054341783854
23.55512066798786
23.56206666235107
23.848665154623205
24.023382238191076
24.201392252733825
24.34272271127715
24.529283041412707
24.529283041412707
24.529283041412707
24.67761532373805
24.67761532373805
24.914718962706136
25.09307322739716
25.26730199578954
25.26730199578954
25.670777848294875
25.944552494690395
25.944552494690395
26.145365472458476
26.39900261731146
26.52422451516289
26.944444062132312
26.944444062132312
27.105204934477406
27.105204934477406
27.184868120547897
27.34627553521794
27.897366937579402
27.91174679588697
28.009425069468147
28.009425069468147
28.164147102357358
28.264903414139205
28.877224069324114
29.305069083322735
29.421025120688874
29.459072303359637
29.621438554776905
30.225385351060442
30.225385351060442
30.225385351060442
30.225385351060442
30.344898066849748
30.345127442264122
30.99568213496796
30.99568213496796
31.15324804928925
31.199420579895886
31.603952161700096
31.953160830498565
32.02481256047041
32.09286596048159
32.61401012633876
32.996156677004805
33.3070932175967
33.82170427212944
34.18776531350083
34.18776531350083
34.683263664218856
35.165482986806744
35.44850968964641
35.44850968964641
35.850908573277124
35.850908573277124
36.132189118314635
36.70477852681701
37.0802809487766
37.217771850780125
37.217771850780125
37.35279173686117
37.44604066795881
37.65129522834224
37.841579451844
38.20598007818021
38.29400423107705
38.55356131646006
39.09155510107594
39.46268795840813
39.53137930091553
39.67398616627815
40.02505720329366
40.332430161468956
40.913032291488086
41.07143743997012
41.157079006664034
41.22760224556976
41.6925917935407
42.04458418031827
42.04458418031827
42.160521308506205
42.42046838761063
42.69190967639121
42.99885858506344
43.08114678584007
43.20782569399764
43.59189936199292
43.76025615824396
43.92770704172821
44.186382867297056
44.40182978715466
44.40182978715466
44.69090526500131
44.76500665560236
44.97730001189526
45.220207539959816
45.220207539959816
45.23787672911897
45.52404356003926
45.78637854944007
45.90527186934257
45.91542378403131
46.10545168422861
46.10545168422861
46.60570037474787
46.847662507024026
46.96505452513737
47.097681307357924
47.434738531900116
47.434738531900116
47.905252346825236
48.19154050524009
48.451996791889684
48.83653814376666
49.34097094297515
49.714596697927064
49.9441528496086
50.055831789120454
50.065047080537276
50.376799562995075
50.68371724706562
50.68371724706562
50.98140369261216
51.49472073677431
51.69662131236382
51.69662131236382
51.9111705384748
52.121081187364936
52.121081187364936
52.18973751851686
52.388026827221715
52.67919002562606
52.67919002562606
52.684202401025885
53.01701120068214
53.23344418443033
53.439819527760086
53.62844754329712
54.021537970099615
54.245189029139766
54.59003278537148
54.80688782399067
54.80688782399067
54.85943951441844
54.85943951441844
55.01922622723081
55.233991850832105
55.233991850832105
55.45187204990446
55.45187204990446
55.45187204990446
55.75622583498298
56.175510949329905
56.31499892212104
56.3453038747809
56.72446609046035
57.095011236978316
57.45890173284629
57.79599398648644
57.92033599676699
58.03367667155875
58.21749512204563
58.21749512204563
58.501735026299656
58.55365061072899
58.79326781379762
59.195221770944954
59.48308537633427
59.63061609872623
59.943931261180346
60.067604773625526
60.157162748449984
60.1777490934641
60.61467503156836
60.61467503156836
61.02983044889671
61.02983044889671
61.26916623083541
61.342015800381894
61.5600310469429
61.5600310469429
62.10663365005779
62.372465499365106
62.86577327224098
63.05364649479233
63.1530945337168
63.43571860385811
63.7166348154365
63.782238907794266
63.91053347897996
63.99125289458641
64.31512309243885
64.60247794848925
64.95481839207321
65.40288419545335
65.53391932317925
65.56972670922747
65.74519529218402
66.00509202960788
66.07786301347642
66.31109181703202
66.42220683658103
66.60270963801952
66.83666079717236
66.94367459963313
67.3181812696739
67.79466160004712
67.94940059759062
68.16888422676367
68.6696698627198
68.82415796884499
69.03887724194375
69.48054050632982
69.67196520265763
70.30433032119055
70.75350975460553
71.18003136012548
71.34214168943467
71.82226018858424
72.17517592219734
72.31291273290077
72.78526257649919
73.14290629302687
73.43212219810086
73.90873401830054
74.03449249784163
74.4985142031704
75.01650153090048
75.53000614480209
75.53000614480209
75.67184230981165
75.8428280348751
75.8428280348751
76.41565351437619
76.65316257895967
76.86095783124944
77.3389311292297
77.51767154665473
78.18679872697807
78.41217515357833
78.76001975715133
79.08737099769903
79.69182276483099
79.69182276483099
80.01564476816878
80.01564476816878
80.17297772103846
80.56039967844056
80.89574255301058
81.02426433949104
81.39323589380332
81.39323589380332
81.64515940728967
81.64515940728967
81.792022063778
82.00677385966553
82.39672914235099
82.6792471253175
82.6792471253175
83.02628915229936
83.44552647864921
83.75533532309039
84.19767058234504
84.53319729927284
84.71825932935106
84.74509133117876
84.74509133117876
84.74509133117876
84.74509133117876
85.24166859204607
85.45986261383459
85.72349818170395
85.76888110731468
85.81033547530879
86.13801072482983
86.65886988764342
86.90138722788515
87.09199824186277
87.1510776004103
87.2215135252838
87.24731282762518
87.4139052217002
87.80657770707266
88.46139731104068
88.5589116035415
88.98125318114585
89.23345011843955
89.23345011843955
89.23345011843955
89.60388232084843
90.00545937572569
90.10105293872031
90.42268858590451
90.42268858590451
90.43854946800063
90.53453402962849
90.83589642899604
91.16144301995936
91.26158006551681
91.26158006551681
91.38498684465578
91.72542173981515
91.86354837742535
91.86354837742535
91.86354837742535
91.95218832141926
92.47177117662416
92.47177117662416
92.4796986011959
92.84362708322782
93.09696009951676
93.41624493130446
93.42762453827046
93.99707293213947
94.45522990048893
94.74222399019324
95.04321452016806
95.16397879064506
95.53939425019449
95.7983487206605
96.30767763361455
96.31149336602901
96.51285981282388
96.92846180503138
96.92846180503138
96.92846180503138
97.10502922283644
97.46591712871509
97.61249198064138
97.87654448932639
98.19459843153845
98.28200157554078
98.59351864763465
98.80594486987242
98.97687491787221
98.97687491787221
98.97687491787221
99.22650384004389
99.24623098802209
99.52615686649231
99.52615686649231
99.66171638594015
100.00785340072945
100.00785340072945
100.00785340072945
100.12388290860468
100.41528396208737
100.44424045508657
100.44424045508657
100.7445467236451
101.22296595224286
101.37537258388274
101.65764926183328
101.81385439914182
101.81385439914182
101.99683460353017
102.17109322890822
102.36573836556529
102.60044294215153
102.83441812495266
102.83441812495266
102.92094047533956
102.92094047533956
103.0475941479896
103.21713129888806
103.47792561302269
103.57076989474024
103.68093830311402
103.79150736640601
103.94998252294887
104.328174929795
104.50283065626311
104.74800546639143
104.89905536742427
105.19031925712466
105.21818031291
105.21818031291
105.56730389677749
105.74246725502785
106.01675377516875
106.49369868436621
107.25715546457212
107.25715546457212
107.69817567212733
108.19780857595904
108.40234924463952
108.65778595521468
108.79471466465105
108.89816850252083
108.89816850252083
109.1991173804875
109.57769480846143
109.57769480846143
109.65642232230044
109.87973693703339
109.90039866112554
109.90039866112554
109.90039866112554
110.55512360898368
110.94743248578527
111.26291274688431
111.32575187139109
111.60438386192465
111.77095792415417
111.77095792415417
111.88999488592027
112.04203724843534
112.38800231092722
112.64400299632157
112.64400299632157
113.00239433267964
113.13473862575005
113.46903845850504
113.46903845850504
113.60902977634036
113.70493683544674
113.81999069377208
114.14871998468318
114.34972083429551
114.72943497680085
114.74486103507388
115.29930796386365
115.58831987896323
115.62827501367542
115.62827501367542
115.62827501367542
116.0222157068069
116.12896735826797
116.25368136995077
116.52452500609041
116.52452500609041
116.78634115738369
117.11615026480251
117.22132439421992
117.63027869630547
118.10413837662581
118.10413837662581
118.24447912706569
118.24447912706569
118.24447912706569
118.54413683778195
118.7788374898587
119.06119874086784
119.06119874086784
119.39395000697601
119.53410324309321
119.73065636667623
119.73065636667623
119.83825239791506
119.98786394712053
120.28574116170596
120.4365713477472
120.62390725860007
120.78822167437745
120.78822167437745
120.78822167437745
120.78822167437745
120.78822167437745
120.94273652760064
121.1807614510629
121.25010821427863
121.26332876580831
121.26332876580831
121.46483682197042
121.51109680611256
121.59172017308362
121.89490314265284
122.0215780898071
122.49728598376457
122.88392586839116
123.37514709735719
123.37514709735719
123.51707447643055
123.51707447643055
123.79747180573024
123.96943518674622
124.06773564461847
124.103732023521
124.103732023521
124.35249965380612
124.35249965380612
124.35249965380612
124.41135451784584
124.52482214960663
124.52482214960663
124.80223657738514
124.955982774543
124.955982774543
125.0878433595603
125.35396867266432
125.41246407122236
125.55779032719391
125.82859634884737
125.9384948148093
125.9384948148093
126.1664177714992
126.35203673996843
126.3995315269885
126.60536375776226
126.60536375776226
126.83659579868647
126.83659579868647
127.01364315043361
127.01364315043361
127.01364315043361
127.01364315043361
127.23549041364382
127.53810128723498
127.65992509764185
127.88591817316575
128.12836322429393
128.4381539757927
128.68323718288983
128.7022120191505
128.76802547301807
129.1808250730016
129.37580278705278
129.37580278705278
129.47933850387844
129.47933850387844
129.47933850387844
129.78125883286054
129.78125883286054
129.78125883286054
130.00590738478533
130.2340233746472
130.25107574508928
130.25107574508928
130.25107574508928
130.45250354935516
130.95925408197175
130.95925408197175
130.95925408197175
131.1534037307349
131.17508052505661
131.33981407677575
131.33981407677575
131.39449822944152
131.83495320370167
131.83495320370167
132.00966982198912
132.11921409448863
132.45563579754287
132.66110350725273
132.93113165569753
133.0102178842077
133.1212900085102
133.2046306113853
133.60690930497128
133.8235721963235
133.8235721963235
134.09780094247
134.09780094247
134.2512811801483
134.25472536561003
134.59610705494492
134.59610705494492
135.00201650872867
135.19127582272353
135.5019935522656
135.65880800560151
135.65880800560151
135.6634229547649
135.77962514586451
136.08488871295984
136.14284652622644
136.28496572639244
136.39791381587284
136.5696976574636
136.67722233763493
136.8581829725075
137.0590329729232
137.0590329729232
137.0590329729232
137.0590329729232
137.19555828463717
137.25274704688835
137.25274704688835
137.25274704688835
137.3311332362516
137.51359297188137
137.51359297188137
137.51359297188137
137.5772076711125
137.58863848030768
137.70084978885635
137.91915553863583
138.13548671713247
138.35631729178533
138.59949245425807
138.59949245425807
138.6595655554992
138.6595655554992
138.97615692222766
138.97615692222766
138.97615692222766
139.14715920979233
139.14715920979233
139.1990828973558
139.53557391663546
139.56032086544877
139.56032086544877
139.7446087729168
139.99334455423664
140.23181214719315
140.23181214719315
140.27746710523869
140.4538795364031
140.57829026218428
140.68498999457188
140.73029435838535
140.91586628396564
141.2214570141266
141.5184864111968
141.53851168991784
141.53851168991784
141.60080444744978
141.60080444744978
141.75148875291745
141.93104397913612
141.93104397913612
141.93104397913612
142.06761751799772
142.2902428213491
142.45623614303025
142.45623614303025
142.60434202778788
142.9828943214493
143.3453687581017
143.60295236606248
144.02682122970265
144.32049527840783
144.43005536506945
144.82379102870397
144.85634554323428
145.0807962174681
145.3214714910476
145.3214714910476
145.3214714910476
145.7797150630536
145.9484683178625
145.9484683178625
146.0705811739848
146.0705811739848
146.18784002084612
146.2662732396613
146.2662732396613
146.66271196915844
146.87268977262744
147.02178789081873
147.2343817346347
147.3666508257166
147.48991273776423
147.8921847385303
147.9137343652627
147.95702093192145
147.95702093192145
147.9844095041643
148.29623854272313
148.5454641341905
148.5854195408131
148.5854195408131
148.71100891000177
148.71100891000177
148.71100891000177
148.7831697709226
148.9295907115986
148.94428455159706
148.9879861003459
149.34073019591824
149.44993230147713
149.619700715515
149.6258531693409
149.73396826916218
149.9398683952167
149.9398683952167
150.15870599610466
150.23749238466118
150.23749238466118
150.2551870002527
150.2551870002527
150.3654042880768
150.4576792368537
150.4576792368537
150.61895722089713
150.76961336120686
150.9434998449053
150.97370917599264
151.21159319347925
151.3962731551225
151.3962731551225
151.4532867720328
151.68791779197542
151.7972167816117
151.809927478089
151.809927478089
151.8709010616256
151.99858094783673
152.06091535771424
152.19612523820825
152.28291194006133
152.28291194006133
152.44113867761314
152.54855685670788
152.55798515471758
152.55798515471758
152.73101170517512
152.84072048854463
152.84230528910265
153.16903959975735
153.2853838051311
153.29958069042559
153.31893242622678
153.3587899899965
153.50602600868902
153.63040073993838
153.7220615303079
153.73070289276959
153.87041637533136
154.0720593282987
154.44326111474112
154.44326111474112
154.44326111474112
154.7088839616217
154.7702194989226
154.7702194989226
154.7702194989226
155.0032776923553
155.23635647338907
155.3924457969135
155.73301312151204
155.73301312151204
155.94409743198457
155.94409743198457
156.17799762029242
156.20820297772926
156.20820297772926
156.33626163590571
156.4798584947981
156.63521845912294
156.7110158120575
156.77149810816263
156.92735926746354
157.1787221035761
157.1787221035761
157.6034653652433
157.9524572912142
158.24015762321045
158.29061146143502
158.4907740952318
158.5816705433665
158.6868233499597
158.93898487807468
158.9782370959411
159.35718133912613
159.51327994474713
159.56742008355982
159.9679377656316
159.9972198505079
160.31843555049008
160.51784431412418
160.58738568951873
160.87362061235643
160.91865872313474
160.91865872313474
161.09075268457715
161.25429254423526
161.25429254423526
161.46385035655257
161.46385035655257
161.5533370551467
161.5533370551467
161.95464429964298
162.06645704010393
162.37691869493224
162.45289604809832
162.53114893146665
162.7076407723683
162.8849350453451
162.99041259330306
162.99041259330306
163.11828980309528
163.11828980309528
163.29009406138957
163.29009406138957
163.29009406138957
163.72998222006447
163.81253418874013
164.078312428856
164.165367832063
164.165367832063
164.165367832063
164.62632068356476
164.7742476256936
164.7742476256936
164.7742476256936
164.93894946056258
164.93894946056258
165.09948500336
165.24043120139095
165.4578521838518
165.4695515536322
165.83711222118825
165.9889973358471
166.338394719083
166.72853041369697
166.80973829972496
166.80973829972496
166.80973829972496
166.85199181724616
166.85199181724616
166.889001135644
167.0297696790399
167.14446403712674
167.14446403712674
167.49848833758793
167.49848833758793
167.59869275342214
167.84228224110055
167.84228224110055
167.84228224110055
167.84228224110055
167.84362502630543
168.01990581751787
168.21382280954597
168.21382280954597
168.21382280954597
168.21382280954597
168.52871601558076
168.94839555189907
168.97652997150553
169.100311321907
169.100311321907
169.2346919930187
169.2346919930187
169.26360370010357
169.26360370010357
169.35889572406865
169.35889572406865
169.35889572406865
169.58966014609703
169.7076655438971
169.7076655438971
169.71452459012158
169.92342577993
169.92342577993
170.0509468733679
170.19934273218297
170.19934273218297
170.20007220005738
170.20007220005738
170.325740375219
170.44419838574504
170.80801334211654
170.91448857394607
171.26315829438116
171.46987541581257
171.634909542422
171.98686625713762
171.98686625713762
172.01108432866152
172.01108432866152
172.04110958673502
172.0889030808392
172.0889030808392
172.0889030808392
172.0889030808392
172.0889030808392
172.1613202611012
172.1983048714003
172.1983048714003
172.1983048714003
172.21935053051345
172.27864320702253
172.37801067139506
172.5138877892569
172.5138877892569
172.61591497925616
172.61591497925616
172.87856347633138
172.87856347633138
172.87856347633138
172.87856347633138
172.87856347633138
172.92789873659754
173.35276731743218
173.4740057473231
173.5256394569454
173.76931793243685
173.91471057443863
173.91471057443863
174.02988299782882
174.02988299782882
174.08492017152588
174.17191363401614
174.3269572077693
174.5353908573545
174.5353908573545
174.64965328682516
174.79525018659314
174.79525018659314
174.92533719998494
175.1576524633449
