0.0
0.018736618617287037
0.20740602054369517
0.20740602054369517
0.8140314024695409
1.1899375202361577
1.4887623878850842
1.6404828861743945
2.541015589046648
3.252289826236563
3.659180163322208
4.0211057670817185
4.380926517959552
4.891679369938138
4.891679369938138
5.224676521678566
5.9378327205012305
6.497264965344471
6.828253029299033
7.539195978693188
8.037043576387159
8.570760572788888
9.081101011186986
9.54252959898463
9.935319336054128
10.555688367792351
10.654940591014578
11.327526514098617
11.603969822236635
12.065441320238609
12.393505357576544
13.070908902246904
13.296246496285743
13.777644497838821
13.992731571954241
14.455760668834253
14.896151565183052
15.570673121232586
15.9922712390709
16.45439281933475
16.575338193976492
17.178815565691853
17.785481969322394
18.361739097449824
18.881502594413515
19.04501034813062
19.522431784830292
19.57092263433307
20.001522818980757
20.58634230079198
21.062558107574468
21.062558107574468
21.265310291917164
21.4604350832839
21.89322178790517
22.606257375405296
23.020546741681613
23.668155978045142
24.051474519769567
24.494104130761414
24.957982368464133
25.944468672465373
26.02001294035187
26.47310103978132
26.673208373587943
27.560699218924313
28.095464189609977
28.376744338890674
28.860268694688656
29.056809830793284
29.534976517780088
30.040652519941368
30.229285038143356
30.643774395870537
31.126785552664433
31.63363274655596
32.27367421162132
32.73915460903658
32.98748924499348
33.07100741755785
33.44935175327705
34.24432145442065
34.81954656838281
35.28570063831817
35.72758855091932
36.28080261539558
36.65933140154007
37.13022044571777
37.59723006201505
37.91433001322853
38.412259743125
38.82395634496048
39.263331128638356
39.51204660088301
39.945642017636565
40.47423988497357
41.089031266603214
41.72985213678029
42.16310385088867
42.608469216602536
42.97872823594382
43.29325521759725
43.74414032862029
44.54999191682435
44.73916471428694
45.20416258045299
45.724300727088554
46.23141549778633
46.915258108955
47.4780154116683
47.4780154116683
47.6270083258989
48.27886912861805
48.38747644255333
48.88712685417345
49.70292634302827
49.76148019813446
50.077061062357316
50.3880354918428
50.3880354918428
51.04320836860803
51.2360378009151
51.78889298752855
52.043156029613336
52.49843848013732
52.89401842092017
53.47318981386321
53.68246813651962
53.97362495137302
54.424590444343934
54.87976719003769
54.88363451379784
55.325093621547516
55.72789657067536
56.342385254636575
57.105676544383705
57.6910701627055
58.37883360200013
58.69106617134494
58.69106617134494
59.48129551218987
59.97101501206267
60.613567739825854
60.8765917396105
61.250508177590824
61.64406270378172
62.11289009624149
62.60823218990772
62.83491527973393
62.86364375332604
63.01880394886557
63.56369896125862
63.56369896125862
63.929445372207205
64.09509641831055
64.699088699591
65.02289877097364
65.59450833716913
65.63983499225412
65.63983499225412
65.8828360268265
66.13348805600504
66.4001680157635
66.5050255167613
66.5050255167613
66.90642944529026
67.10083220333449
67.52653212394434
67.79134046591511
68.0566153088066
68.0566153088066
68.0566153088066
68.0566153088066
68.63562921636807
68.8804669459978
68.8804669459978
69.36260937837028
69.55334730780066
69.55334730780066
69.55334730780066
69.65590955243248
69.65590955243248
69.80586810243771
70.07911219037744
70.38767051785568
70.7867010382088
71.02669418058181
71.02669418058181
71.02669418058181
71.27036092572834
71.60441194234404
71.60441194234404
71.60441194234404
71.60441194234404
71.79659011260352
71.9382735891803
71.9382735891803
72.3951600042442
72.3951600042442
72.5011431383551
72.73224228430605
72.83584060211851
73.24946061775063
73.31441164273713
73.40071028313848
73.73373979410458
73.95267905522536
74.16012305000925
74.32318555260346
74.40259495059257
74.76378735773434
75.32905450001881
75.32905450001881
75.4045344742335
75.58075604843951
76.00535512299797
76.00535512299797
76.00762249500725
76.61491613737721
76.98573626548506
77.04959417400946
77.73189686266556
77.87085282813389
78.42235678513705
78.84535418185442
79.09358536360233
79.09358536360233
79.52679898716218
79.52679898716218
79.52679898716218
79.80648448068764
79.80648448068764
80.0465734840498
80.27240099548872
80.27240099548872
80.27240099548872
80.60368099905706
80.84752180327088
80.84752180327088
80.84752180327088
81.28245656724367
81.79940972266549
81.93626033474838
81.93626033474838
82.01613935275559
82.02423697920246
82.17281966314805
82.45139723180998
82.70387937576979
82.70387937576979
82.70500993435465
83.11197960869573
83.32531122740795
83.38379647565894
83.5813076722918
83.70906725983245
83.70906725983245
83.78962563820404
84.04356089062301
84.38558019928867
84.6541268928581
84.6541268928581
85.13448586393271
85.18064759927555
85.18064759927555
85.28448019755587
85.28448019755587
85.71249840176903
86.67501986012714
86.67501986012714
86.8664498180215
86.9396750041293
87.23046871981252
87.3892448614327
87.56182744723127
87.87169674669002
88.41412719448995
88.70963939214262
89.1752209296938
89.30626569826224
89.33258749351263
89.33258749351263
89.57377931463024
89.66005991480573
90.12372806613313
90.54110158709466
90.71490065490883
90.71490065490883
90.71490065490883
91.09369428226208
91.19841162473207
91.19841162473207
91.6109057797395
91.9859090447446
92.35129099730432
92.89946801375793
92.89946801375793
93.39863092363878
93.69056383902473
94.05397808291877
94.45787791809695
94.64399356632714
94.77998100403921
94.83087448074126
94.83234716676128
94.99621047841082
94.99621047841082
95.2168830234768
95.48159148065425
95.84566638439725
95.84566638439725
96.36490793213135
96.70096441333813
97.04793125488528
97.39769703806282
97.61441825468955
97.66481179731394
97.92948010214958
98.13004520039397
98.6127559358542
98.74747171252761
99.05827660742077
99.05827660742077
99.37504662032912
99.65040558498303
100.17647620154648
100.35084546909046
100.68439063011577
100.68439063011577
100.7346736491075
100.9618041991935
101.2258068925172
101.39098047118212
101.76917593051364
102.01515636415434
102.19700970994197
102.49369969081268
102.79617441359319
103.10033280883684
103.26144625108427
103.7737759324398
103.7737759324398
104.13742993602627
104.53562920330216
104.54916422939286
104.63915209406252
105.06471087976922
105.34591766060866
105.50822790384234
105.96729583976513
105.99025197515105
106.00855557634578
106.65991250666626
107.23845551224218
107.67309054839858
108.24361634794802
108.24361634794802
108.24361634794802
108.81452295005587
108.81452295005587
109.16247060549964
109.79604830485415
110.08533194658236
111.07709616970493
111.63705795650665
111.81092086043954
111.97947263705613
111.97947263705613
112.71192393362637
113.29589211027493
113.29739858398187
113.46057686799128
113.5478382365006
113.5478382365006
113.5478382365006
113.65190313753304
113.77440566448807
113.79438343848915
114.31701275607024
114.57301411546608
115.12452186693804
115.12452186693804
115.19676976066121
115.66294769549673
115.87180123558151
115.87180123558151
116.1705073261219
116.62671932742283
116.75530954876488
117.0835972055446
117.10220176118727
117.31997748374599
117.47759429031056
117.83809390253916
118.37019249865301
118.37019249865301
118.37019249865301
118.37019249865301
118.37019249865301
118.47971986018412
118.47971986018412
118.72316329460676
118.72316329460676
119.05637461695414
119.08637196113155
119.08637196113155
119.08637196113155
119.08637196113155
119.26141835162785
119.26141835162785
119.26141835162785
119.42847317753375
119.63206237146855
119.67446126873213
119.71213122770264
120.10076347394468
120.10076347394468
120.33296515161386
120.75937059291175
121.03588892059345
121.23768827352058
121.31625003135319
121.9194853678508
121.93811788627971
122.34389125804583
122.65828522062408
122.98805164790222
122.99874671416306
122.99874671416306
123.33862055596673
123.4885593370417
123.4885593370417
123.59722453739619
123.71599048282333
123.87999748235013
124.1359731267093
124.1359731267093
124.1359731267093
124.57450688349603
124.76782374930569
125.23846530550853
125.49811966521737
125.49811966521737
125.55144462725897
125.83269866609476
126.13565973717402
126.27689759190855
126.59702084005849
126.72062691187811
126.88666868004687
126.90878142983775
126.944144459272
127.24089977305692
127.24089977305692
127.39261945199819
127.69460424236472
127.77536136142523
127.95636183544808
128.09875380855772
128.09875380855772
128.09875380855772
128.19893361803705
128.6646427240351
128.9921672818725
129.27832376495294
129.27832376495294
129.53623237425617
129.53623237425617
129.69766994826074
129.96108367280883
130.3358260311533
130.3358260311533
130.44820047270957
130.78168103520073
131.0423601212512
131.0423601212512
131.0423601212512
131.22335983631473
131.22335983631473
131.22335983631473
131.22335983631473
131.44443324506574
131.83577503444084
132.09355078623062
132.29776629028385
132.4801707850634
132.78623705870044
132.78623705870044
132.78623705870044
132.8659637067453
133.05646120994544
133.1230849835746
133.51811420854293
133.51811420854293
133.72722811830886
134.24240866331817
134.24240866331817
134.25882015806715
134.25882015806715
134.27214037048842
134.6445467752412
134.7771741772462
135.21781043926626
135.44164969333244
135.5907177599148
135.8292361992217
135.95525637436768
136.34767005333893
136.34767005333893
136.4116897187694
136.47609237467947
136.72321087226263
136.72321087226263
137.25074993778003
137.25074993778003
137.62050774149543
138.0658783465197
138.2848880509122
138.354204633014
138.55937716021955
138.55937716021955
138.90354218769906
139.144671466103
139.67166026928658
140.014715864988
140.2209704646385
140.65320508901826
140.65320508901826
140.67146278935823
140.67146278935823
141.39801656668317
141.65902425286853
141.94300233915106
142.2510199799628
142.41346574042697
142.41346574042697
142.96050425917645
142.96050425917645
143.1805604530011
143.49154467221013
143.64897956387867
143.83613030335502
143.83613030335502
144.04125000375424
144.37678629922564
144.68336376774855
144.75665120781866
144.86316885815737
145.00207163882007
145.41350785635044
145.6314007076124
145.8259201882763
145.9423943460027
146.55521856888672
146.55521856888672
146.55521856888672
146.73037357289957
146.73037357289957
146.96222969005765
147.455202676203
147.95779074496795
147.95779074496795
148.12517029487734
148.42244722056432
149.07033214601313
149.17940646324683
149.26411939982356
149.26411939982356
149.4601340604261
149.7246201026457
149.95250775548493
150.36124725720208
150.68790352708814
150.68790352708814
150.9787174989216
151.38710057799685
151.47546888873467
151.87669047446275
151.87669047446275
152.01287557080002
152.5331557433559
152.94458402941675
153.16451224907973
153.16451224907973
153.1821804087326
153.27994502447189
153.49411201745903
153.49411201745903
153.95681840797462
153.95681840797462
154.19583910752735
154.3795846397397
154.8247945550811
155.26346150389585
155.38176856863666
155.7795801942829
156.21269023192087
156.21269023192087
156.21269023192087
156.5747172760411
156.77482476606812
156.80830937420703
157.08906609884494
157.35195287513636
157.69514331183322
157.76089648994343
158.03783059843445
158.4311808652773
158.71365477206174
158.9222322562763
158.96694747728182
158.96694747728182
159.25433315626213
159.40052707559852
159.49764931386437
159.68464830064434
159.68464830064434
160.12787568379744
160.22049216154923
160.40731365412194
160.59223066648542
160.59223066648542
160.86963230535582
160.9451078799572
161.21826044227123
161.56485103684696
161.899532396633
161.899532396633
161.899532396633
161.97535258136966
161.97535258136966
162.094354045357
162.094354045357
162.0993819259508
162.1252645914465
162.37071854130528
162.37071854130528
162.77400747281865
163.20830207115986
163.20830207115986
163.31784372637614
163.31784372637614
163.39172597023438
163.58707301502187
163.86575245040493
163.88464334525062
163.88464334525062
163.88464334525062
163.88464334525062
164.22584937003037
164.22584937003037
164.45784617024142
164.45784617024142
164.5995130425429
164.5995130425429
164.80964328531425
164.80964328531425
164.8474642171676
165.04738722684618
165.59873903299658
165.64440133131015
165.84698639841463
165.84698639841463
166.1807005637384
166.72638486148946
166.92472659653055
166.9459043914475
167.09150426851164
167.36726207150744
167.36726207150744
167.36726207150744
167.36726207150744
167.45590204710095
167.45590204710095
167.45590204710095
167.8508156494969
168.0379270900984
168.16246597952752
168.21570942925825
168.7417975328916
168.88562666037606
168.91345352566196
169.1763175083464
169.64589792955934
169.64589792955934
169.68276563931337
169.68276563931337
169.68276563931337
170.06900956350796
170.12973483110528
170.28054764410558
170.37813891829174
170.5971945745884
170.9497354671799
170.9554798633436
170.9554798633436
171.21154343617957
171.21154343617957
171.29909566766386
171.29909566766386
171.70084152662335
171.70084152662335
171.89244511837833
172.19744032948523
172.24226737408569
172.24226737408569
172.24226737408569
172.41103892276058
172.46166791153306
172.46166791153306
172.46166791153306
172.59600408015655
172.59600408015655
172.7528998702735
172.99004806909775
173.0464951216036
173.0464951216036
173.0464951216036
173.51715085119912
173.5942841493431
173.6854143360462
174.05531492513342
174.1685563886133
174.1685563886133
174.1685563886133
174.43245853178797
174.43245853178797
174.67487700707613
174.67487700707613
175.0271946840092
175.07866813131733
175.07866813131733
175.48693576286772
175.48693576286772
175.48693576286772
175.48693576286772
175.6704447530752
175.87984748472527
176.10544390125685
176.10544390125685
176.2353115840429
176.56051845867316
176.56051845867316
176.86508420616178
177.09431447821981
177.24446039531804
177.24446039531804
177.74999029192267
177.8249901784374
177.9181350958571
178.00355944086476
178.0455946923992
178.31571672527107
178.37744578215234
178.50123950994094
178.50123950994094
178.50123950994094
178.56815965451844
178.76839779010652
179.04361441847777
179.04361441847777
179.04361441847777
179.26951847329872
179.67127748682705
179.69602259200582
179.82458780791725
180.03014376008971
180.4930993569534
180.86335534497022
180.96853442773184
180.96853442773184
181.26413120146051
181.61929942726064
181.84327663315693
181.84327663315693
181.84327663315693
181.93751913215638
182.17356937196388
182.35197907740127
182.6023348933399
183.18561796645648
183.28071542394267
183.28071542394267
183.72864854406515
183.9254673396772
183.9254673396772
184.16930071933376
184.65478231769853
184.73287904821922
184.8712500069731
184.93712124869697
184.93712124869697
184.93712124869697
184.93712124869697
184.93712124869697
184.94930219208388
185.2181884301123
185.31189506026107
185.47571179047418
185.66134235245156
185.95971232203541
186.353898847252
186.70208195069355
186.8489066979669
186.8856678065409
186.8856678065409
186.8856678065409
186.8856678065409
186.98937020791584
187.03168349508513
187.24806907621345
187.28887074538295
187.28887074538295
187.55144579748594
187.7646036192883
187.781099918056
187.90245450138045
188.01651322635348
188.06686701736263
188.06686701736263
188.13309145666364
188.67637235060073
188.76959667245808
189.14227820227734
189.2339532053284
189.25959490726785
189.43795575788786
189.59386265716145
189.92708724872128
189.92708724872128
189.92708724872128
190.20604128875948
190.4847123080097
190.4847123080097
190.4847123080097
190.72183742060614
190.77929267816157
190.95468458583542
190.95468458583542
191.13201168814015
191.13201168814015
191.13201168814015
191.1873887120555
191.69242252633563
192.05767703773753
192.4096199793555
192.4096199793555
192.4096199793555
192.4096199793555
192.4096199793555
192.5143566303671
192.5143566303671
192.55595397244068
192.55595397244068
192.55595397244068
192.65734173057118
192.8240836401153
192.9371464334427
193.20960636563515
193.2853742816792
193.6389294588822
193.760471028181
193.8038878048696
193.8038878048696
193.82038969451364
193.82945979611242
194.0145171912598
194.0145171912598
194.1764151786919
194.33384743924617
194.415700490672
194.55470390110435
194.55470390110435
194.69259092537104
194.72382197561552
194.72382197561552
194.85617124751045
195.10124945880128
195.3870142573817
195.3870142573817
195.8777184579138
196.3433525374147
196.37193954680035
196.37193954680035
196.6025176265515
197.03995616542534
197.57791798345434
197.57791798345434
197.8427947407555
197.8427947407555
197.9674500517217
198.24464998767306
198.24464998767306
198.665201329069
198.75248463171428
198.95887104925785
199.27594745939675
199.38811955248318
199.82516931812805
200.0005460086926
200.0005460086926
200.33243391202922
200.58661542633388
200.66826655723926
200.66826655723926
200.66826655723926
200.66826655723926
200.72948880161834
200.93295773610046
201.19266075759504
201.4509473285247
201.4509473285247
201.4509473285247
201.4509473285247
201.54378060255132
201.7421531781541
201.97451182893946
201.97451182893946
202.17428721124443
202.17428721124443
202.17428721124443
202.186075017558
202.186075017558
202.42978742041998
202.97796650971708
203.19661421816244
203.5165170643019
203.62325088705705
203.62325088705705
203.8688702375556
203.8688702375556
203.94968465551878
203.96473111493322
203.96473111493322
204.1943110271422
204.26812989738045
204.43814327646888
204.44501658605054
204.44501658605054
204.46965148969798
204.5897395498198
204.8042895052798
205.34102266139533
205.34102266139533
205.4162023261873
205.61692464474112
205.61692464474112
205.65663183267628
205.67525347523193
205.8778329953366
205.91350919025996
206.1245864409305
206.57492709301752
206.74605363944644
206.74605363944644
206.8004299284772
207.05274217310338
207.19881536423478
207.19881536423478
207.49451486741185
207.49451486741185
207.56508793572485
207.56508793572485
207.56508793572485
207.73839867798318
208.0949380338551
208.19495591434043
208.19495591434043
208.3058340572666
208.3058340572666
208.326243425881
208.326243425881
208.43563852990786
208.43563852990786
208.69484761228728
208.69484761228728
208.85781403312035
209.05333153929197
209.05333153929197
209.2199975724576
209.2199975724576
209.4179653336995
209.50871950450528
209.91277489892926
209.961481381335
209.9687604222865
209.98964735507212
209.98964735507212
210.34701319136752
210.34701319136752
210.61653581217521
210.61653581217521
210.61653581217521
210.98828538131016
210.98828538131016
210.98828538131016
210.98828538131016
210.98828538131016
211.0803610429476
211.17455108689649
