0.42322674261317983
0.453603767003972
0.4993979912251614
0.7492605853361682
0.7492605853361682
0.984374969119441
1.3869208753971929
1.7016869491774584
2.168990341471851
2.392652385219297
2.9814931374109253
3.4786879566305258
3.695543657380321
4.021501562730469
4.021501562730469
4.063462967302664
4.896239174575828
5.351505343246018
6.128922094597211
6.218746853405342
6.393013562959762
6.826234433496726
6.994091720945221
7.127991709835819
7.395059770890083
7.924444372870325
8.113455969224493
8.408869040433064
8.601397013692118
8.881044928351088
9.158563416012193
9.158563416012193
9.40055996073934
9.500591535855479
9.737344327808406
10.38793694265969
10.791345190558925
11.335749984279198
11.653196566038323
11.90486071244371
12.293981202397944
12.333565434189236
12.782598435326824
13.0099994238973
13.839369531329059
13.889202804854236
14.337546000151656
14.473533407459257
14.939236727979994
15.010609449202683
15.089329522258486
15.770105869047306
16.23149550557195
16.607084340198654
17.02221972873322
17.966634318209486
18.257603484205934
18.87169410079754
19.400438164317613
20.069646888377466
20.51257533954345
20.62031148537005
21.167371312906287
21.342241059202035
21.527947782952715
22.02965005452781
22.348625159848627
23.017683764415075
23.835011865793966
24.03074049905509
24.674791006959857
25.33229177782098
25.56307576045086
25.96720229021168
26.420223457377528
26.980826072107714
27.2911943926399
27.593315961484706
28.28962133733834
28.713413291884144
28.976857173952567
29.355848749719954
29.770114551102356
29.925940728207486
30.4294346451796
30.981366253192196
31.214736926889678
31.836308870937174
32.39681589897871
33.22324834806847
33.473191047849866
33.611996387214134
34.32861855288081
34.717317803219444
35.061840394290535
35.885928893754304
36.34793693529327
36.51353704989784
36.824201742680906
36.91185163052116
37.40064524097428
37.76967470675666
38.505766422489934
38.505766422489934
38.84209846812301
39.44882715572218
39.94271920391809
40.53396309222747
40.68188657029327
41.285943871259164
41.74232610635902
42.298552801625675
42.42813413246004
42.561525137535185
42.94146251047426
43.02376985765863
43.397497299880946
43.93005049782922
43.93005049782922
44.29924312170891
44.29924312170891
44.33286182558448
44.74313271780569
44.82204335437289
44.82204335437289
45.277103561750415
45.59428867123729
45.59428867123729
45.93629567089218
46.25587718348367
46.4810691076681
46.784077157640645
46.784077157640645
47.395411753612336
47.759385283556355
48.19721181677395
48.30847177346237
48.4904223057138
48.705520201322216
48.83937158965567
48.971137585116466
49.34884546955962
49.461926032435095
50.040614422191986
50.8356243697629
51.59912324644963
51.69684119602911
51.69684119602911
52.08731049177141
52.56908715665244
53.0513711915061
53.24746395876105
53.404640789977314
53.67879834947627
53.712939057941114
54.04419905165928
54.42798167759901
54.42798167759901
54.56631378436215
54.82339404938981
55.10898168521518
55.26384746029882
55.45920277427156
55.51974132236746
55.82127811968426
55.93266021620615
56.138238580853574
56.69131817343804
57.12551297047863
57.51513739012684
57.744161744799136
58.15038751622695
58.52772926702144
58.52772926702144
58.87772129025913
59.222869544781965
59.408882139736505
59.929617302839716
60.01745595022836
60.01745595022836
60.26847845614281
60.50145925906285
60.97279513126576
61.31729728355718
61.74874077493805
61.758735333019395
61.83611525451666
61.83611525451666
62.1516343145895
62.8234923688782
63.1107388023002
63.31680296407488
63.578435128914364
63.84849046645202
64.21474016736622
64.64195890041131
65.12343985450345
65.48730003347009
66.24236958833828
66.68486134771926
67.13000248896388
67.2835262684467
67.81668017183527
68.30784061251423
68.93255067640165
69.222340462146
69.68351939469387
70.54602627972483
70.78373616347241
70.92066021589534
71.36560932069811
71.89040448194596
72.40137664998694
72.40137664998694
72.72924226357057
73.29484836937323
73.66688993864321
74.45432403957122
74.83369061506114
75.1928506541647
75.58089369390035
76.24368119019637
76.75478444126948
77.0764792978167
77.56648393785792
78.16857460813594
78.38212862897167
79.00996212210559
79.69390505503114
79.77944552864507
79.77944552864507
80.28128910263877
80.67208836699993
80.83455834714636
81.53513604158293
81.77266232481172
82.43346501367905
82.87609090772793
83.34754542412136
83.7008390767859
83.9872719517199
84.31311387049253
84.88462934822564
85.24087439388452
85.47230276163845
85.57417821065029
86.23810447346163
86.7569114665026
87.11005703515656
87.50891624931731
87.77419895364183
88.2899914711233
88.72970050292672
89.27268735470298
89.77189989778421
89.88376543657529
90.58826547716157
90.77285190469208
91.14564723975401
91.41504010221121
91.78559550870122
91.99505933418376
92.14989905313455
92.49170830130184
93.18366310520011
93.33682740895631
93.82330948363122
94.20341110208291
94.69722171400767
95.12148304926622
95.77612837664664
95.92463444334139
96.3596147624736
96.36099693828828
97.08379569530265
97.1451409340946
97.1733886609177
97.43826430132548
97.52894196032027
97.5898600175709
97.88928958899808
98.44485707009841
98.68544635152433
99.22924519436833
99.34889198188594
99.553052646598
99.82852946545579
100.41382339953073
100.6894905346234
101.27918916929474
101.29685654823004
101.2989416281007
101.48023074877008
101.74498076914607
102.00954434136487
102.49590263835029
102.63925772637933
103.09986246980722
103.39441285466503
103.76027314580911
104.062257809492
104.19180781400844
104.61201808676414
104.85638900208178
104.87638352807875
105.10606029802476
105.67205477322786
106.10640013839489
106.56512643286112
107.03873752175511
107.42724034053145
107.65747341599428
107.92675966237188
108.43814180792018
108.95165807051356
109.02679153831141
109.08125044601344
109.50224156850541
109.9023590356945
110.46890877372472
110.77445358958477
111.10918814770994
111.70741107741487
112.1151363678132
112.49142983887579
112.62183968248921
112.96455395680702
113.12035027435738
113.18977642821352
113.26198875714479
113.50735862029674
114.04106776977738
114.4617861677316
115.1035162004804
115.85825333073475
116.5170363591231
117.22443750949003
117.67338220583956
117.86538474099403
117.97577214514597
118.10848324495717
118.5170904382426
118.9027083272745
119.4541252933841
119.98543258298858
120.52136243161661
120.67432128745304
121.17115191232169
121.50671383693631
121.86955522502598
122.37855705367107
122.93827142954827
123.33369308172524
123.94480112473337
124.02106535069989
124.11252081946638
124.44279520059767
124.89898468534065
125.19658204500496
125.46988569995997
125.61587887106482
125.7752199129524
126.15026624982116
126.72567214779903
127.11574914067923
127.2389515458271
127.80306699907706
128.43426578531384
128.68230263202938
128.72416245592177
129.0900284090533
129.29001342263186
129.95922105503308
129.95922105503308
130.59600626499082
131.1798041490809
131.1798041490809
131.5466503167782
131.80755350306305
132.08310776637376
132.59096394211704
132.7052002038907
133.03837854870991
133.60721415572553
134.0075820967636
134.2845658900935
134.7276401504519
135.00149602525207
135.225824885489
135.51268789785988
135.73480559338196
135.88033114947345
136.23520241024912
136.72963668092802
136.85212976082397
137.39811383550742
137.45999178127883
137.45999178127883
137.45999178127883
137.56555915840127
137.57247295628827
137.7622415014227
138.0816672272955
138.39444943837856
138.70302603816938
138.8705440401569
139.16107024945364
139.66348582094145
139.71159395968388
140.16237793312447
140.30302155943397
140.64555361822852
141.19355993806047
141.29891301186387
141.61093284579027
141.8768926621201
142.07840188954734
142.53148440088606
142.94744673837843
143.19867168648275
144.10382169034807
144.11900279399873
144.57496061293298
144.77607057009334
145.12546378014048
145.90006409720323
146.37409116474214
146.49542838879142
147.0466403225076
147.37916806962554
147.62593658819327
148.02540558326768
148.5697478184719
148.99559604354772
149.16195794464738
149.85155606185444
149.99452343716317
150.3712407836338
150.3712407836338
150.72460272825012
151.09247414121336
151.48115703288
152.15615754072863
152.72977936696262
152.81496448782087
153.24518387624119
153.37415628112552
153.69832267676577
154.38416148451591
154.83301353281269
154.83301353281269
155.20841597371617
155.75644292578414
156.19339528440216
156.5980350650385
156.98181730750872
157.4290954773185
157.86656689180842
158.16266680840556
158.5234172934553
158.6521411253542
158.6521411253542
159.15551890773932
159.60894139161377
160.45832111546923
161.24918401034748
162.0388809759354
162.62805114484132
163.1676878551173
163.85038344158764
164.28047125231333
164.64396041624775
165.02153841650642
165.66177574703912
166.0033254254446
166.27992662032727
166.86882328164958
167.03616256577814
167.6594868149793
168.05702903026176
168.83898527086703
169.0757372687821
169.43164434871846
169.8961597981928
170.30214463790435
170.98312083651544
171.5323622816236
172.29661005971417
172.80629294437838
173.12487544063376
173.6465410364199
174.33331210168515
174.47758282109254
174.8972064128087
175.33087154309888
175.869484446663
176.1984351986335
176.2976380215144
176.46422532483655
176.8334663103425
177.48447205769867
177.81451723649695
178.19877871454648
178.24618767205985
179.09314161583347
179.69540008331165
180.24398480402374
180.63387997039297
181.047421174558
181.3274897058942
182.26486172159682
182.82667233725448
183.09212599692495
183.70238899690216
184.2194274914841
185.02717934406783
185.35752001902966
185.86013397850135
186.2066834835284
186.77708369913034
187.1976131298299
187.48342105923481
188.15842073342435
188.56349605930345
188.6396456078029
188.95953843706727
189.11464111841525
189.33285109971825
189.65431695529895
190.03264499545338
190.5069120028534
191.08994463439805
191.521793197186
191.6288427391801
192.05152007076157
192.697658811685
192.72649091299698
193.14536258099955
193.44518748238482
193.8957737271289
194.01722281747584
194.17449632770234
194.59550107606472
194.979561744057
195.3163345793268
195.6323940119351
195.78777806326434
196.06221566238048
196.51782272253325
196.94083639480576
197.00898688632316
197.19772589644276
197.84391411973377
197.84391411973377
198.25473338267105
198.74924276842884
199.15740916127896
199.36554494850037
199.77265684741403
200.38290000777218
200.65139617792624
200.9629927701973
200.9629927701973
200.99661928576478
200.99661928576478
201.05271241919198
201.05271241919198
201.38477594107493
201.61626902432204
202.13316002401606
202.30635865388058
202.30635865388058
202.76000234831736
202.9390243185849
202.9390243185849
202.9390243185849
203.00630997355796
203.28997765057736
203.53799608202493
203.53799608202493
203.69483818947708
203.83926779877478
204.1211590680055
204.1211590680055
204.1823103293089
204.4244327396759
204.92651356895706
204.92651356895706
204.92651356895706
204.9443477862077
204.9443477862077
205.55025990251957
205.63946728974778
205.83980825614975
206.0031140640697
206.0031140640697
206.02158909346485
206.19536899123105
206.51835337075607
206.93702180080695
207.100333813186
207.13554232197947
207.21426172645909
207.21426172645909
207.31501209198282
207.6116538057181
207.6116538057181
207.9992908974471
208.57992177220618
208.77246616229837
209.12189072086153
209.12189072086153
209.7402571231196
210.17172274927384
210.34624985121073
210.58712684789262
210.77861701349903
211.27571538402432
211.31793355231903
211.68389226171598
211.9498929149975
212.11657720295977
212.4000066035347
212.65879833849866
213.02030444459993
213.15409824769534
213.48375952629974
213.50998844322214
213.85781737299058
214.0514874241131
214.09267890992956
214.09267890992956
214.372773933069
214.56603336817088
214.75022034613508
214.9599675771494
215.10916224126967
215.32630234402907
215.5978156464612
215.7163203028176
215.7163203028176
215.7327635243616
215.9149602738436
216.25757708734076
216.25757708734076
216.57987266705658
216.8283857476454
216.97807553086616
217.44778767426817
217.88026601970657
217.88026601970657
218.20545250844265
218.50281858262147
218.6355204723962
218.69939929136322
218.73677172063776
218.73677172063776
218.84349857595575
218.84349857595575
218.90159048745886
219.12035780538372
219.43223857318537
219.5298064183314
219.5298064183314
219.74871710475026
219.92867451495442
219.92867451495442
220.18159171236084
220.24465038961026
220.33890935401288
220.5172068991322
220.61170813292597
220.85338192810252
220.925783511086
221.09399508510418
221.15029578892091
221.4381546149696
221.47274146079786
221.60853232694373
221.6332136924065
221.90845356730526
222.1734727826063
222.1734727826063
222.52335841160965
222.52335841160965
222.69393347824905
222.78446959687344
223.25632657265888
223.3233356349913
223.38009520510306
223.60028759843033
223.92799815747154
224.0505560130683
224.17812464155358
224.17812464155358
224.17812464155358
224.27924683380743
224.27924683380743
224.34248216072766
224.71082007848915
224.71082007848915
224.87662048759236
224.87662048759236
224.87662048759236
225.06409759341545
225.17596718812104
225.44136896327979
225.66666370348779
225.92130079019248
226.07407470182517
226.07407470182517
226.32953699311446
226.39631112576654
226.62203166771218
226.67864606125
226.67864606125
226.81927217100346
226.87958492318575
226.87958492318575
226.87958492318575
227.01590535714968
227.09395784645685
227.09395784645685
227.09395784645685
227.27468765465824
227.58621416293627
227.58621416293627
227.58621416293627
227.86656271528142
227.96641279081794
228.29909410547896
228.57074689399704
228.73126899934445
228.73126899934445
229.0438974841794
229.0438974841794
229.19676453467102
229.44058221253667
229.44058221253667
229.65517618489108
229.66176895364018
229.66176895364018
230.00717036132394
230.00717036132394
230.47155068600551
230.5271245017404
230.73795869697207
230.7497000307174
230.8408758389906
230.8408758389906
230.8408758389906
230.99956644624598
230.99956644624598
231.22555487026074
231.50715461697365
231.61266475798655
231.8117765543636
231.94233598446542
231.94233598446542
231.94233598446542
232.0255499868459
232.19043192140103
232.19043192140103
232.19043192140103
232.19043192140103
232.5428780549425
232.61049004202968
232.61049004202968
232.61049004202968
232.87683749663225
233.0761298843915
233.1123361439922
233.1123361439922
233.29855468412083
233.29855468412083
233.51069980078668
233.5893632730546
233.72652036785718
233.87905505973575
233.87905505973575
233.87905505973575
234.07244464464375
234.3123638943014
234.79653180679878
234.79653180679878
234.9674011930999
234.9674011930999
235.2937662081247
235.67720883424286
235.85600391575278
236.1162957028684
236.53579490983014
236.7569853758551
237.0943370621825
237.5362851582277
237.70089144450952
237.70089144450952
237.8014863536165
237.86000735510498
238.12114646233147
238.20284183240963
238.60515682428837
238.8544277861246
238.98227788932897
239.28515793356053
239.28515793356053
239.52656261417513
239.52656261417513
239.62842178494174
239.85962241151304
240.0700509366631
240.0969058098061
240.10781874113388
240.35207966463585
240.35207966463585
240.76085653405428
240.84318421485003
240.91197470718475
240.9783120711617
241.015268158476
241.015268158476
241.015268158476
241.015268158476
241.015268158476
241.015268158476
241.04672010171262
241.14784511367768
241.18696579725838
241.46438991355652
241.46438991355652
241.67704806380056
241.79329968022
241.7949592740102
241.7949592740102
241.7949592740102
241.8735364811426
241.92970067101498
242.0648259812513
242.20371315065358
242.43785453407418
242.64647142667897
243.1001669851479
243.1001669851479
243.1831663686842
243.29662979035177
243.42471530522562
243.46667593468158
243.76974203957624
244.08643567180167
244.08643567180167
244.26114307739502
244.26114307739502
244.55322256376076
244.64440802189168
245.09297125603624
245.35116639197653
245.35116639197653
245.70559198379317
245.70559198379317
245.91155445899471
245.922340645744
246.09761948039244
246.09761948039244
246.46086516250622
246.87935407013103
246.87935407013103
247.03800562126412
247.2479371695087
247.2479371695087
247.50239835858585
247.57957103566488
247.77424926696685
247.77424926696685
248.08839087449496
248.51450886508127
248.562922741562
248.562922741562
248.62994236750527
248.99227386590118
248.99227386590118
249.07309938436794
249.2840840663468
249.5194658206538
249.84944908815405
249.97983678127656
250.29616465968755
250.29616465968755
250.4857878771765
250.52501944883045
250.69558459923775
250.96300495531398
251.44950427893733
251.5267219265131
251.83552409854255
252.10684937423312
252.14223885377265
252.14223885377265
252.14223885377265
252.41330731619485
252.41330731619485
252.41330731619485
252.86881723194864
252.86881723194864
253.17809722886324
253.29903474173935
253.49691334693944
253.49691334693944
253.5855473494633
253.64621146205317
253.71678813169024
253.71678813169024
253.71678813169024
253.9429259487017
253.9429259487017
254.3363274530062
254.33743231654898
254.43485537514493
254.68062767323426
255.01956657653784
255.19592633811686
255.36780874772037
255.4097773622287
255.66021154786722
255.89245379781642
255.9959586695268
256.15033800113423
256.15033800113423
256.17518268660893
256.44079106188116
256.5422963784932
256.5422963784932
256.79732050429755
257.1206664985464
257.19786188758724
257.19786188758724
257.4860177954313
257.5570027009126
257.73049190510676
257.73049190510676
257.7893709760452
257.8257541537236
258.0368135141577
258.0368135141577
258.09093375549907
258.4911252648232
258.52096161158767
258.74451889920044
259.16549832949084
259.22693087476705
259.2348348927137
259.3098905418633
259.39077282450194
259.914237671657
260.24013329801346
260.57622339100107
260.6958438083501
260.77272156309664
260.77272156309664
261.0875128350013
261.0875128350013
261.0987942502555
261.47375102457096
261.7980042261069
261.85269766146683
261.85269766146683
261.96804089448386
262.19257500567426
262.3454948191194
262.4191026833364
262.4191026833364
262.4191026833364
262.4191026833364
262.4191026833364
262.7626165055408
262.94586580231663
263.1038524763158
263.45631822059096
263.68587169645633
264.12479279519215
264.2251734528715
264.2251734528715
264.31157926175786
264.5216030672978
264.5568797917434
264.5568797917434
264.5568797917434
264.65113874635773
264.65113874635773
264.65113874635773
265.26740298151714
265.3444661177432
265.4689417486386
265.4689417486386
265.55262298325727
265.55262298325727
265.76339096383407
265.76339096383407
266.20381597423375
266.21322061296104
266.21322061296104
