0.199583600218757
0.3674275619716486
0.3674275619716486
0.3764031012806321
0.3764031012806321
0.4118029737874473
0.5254816439538119
0.7158841984622221
0.7158841984622221
0.9372812511935655
1.1560518558603918
1.3326270300669092
1.7175390469086775
1.9383308748430668
2.471898190533435
3.2178620540285197
3.7035492691131227
3.820520699523892
3.871063169954618
3.964106753844524
4.151658433670204
4.151658433670204
4.151658433670204
4.25570246334136
4.440232000801615
4.565474146483183
4.842894061085207
5.2148720012178815
5.712637564630729
5.712637564630729
6.098446891047574
6.397438362913073
6.791705911607282
6.791705911607282
6.791705911607282
6.791705911607282
6.9153691137679605
7.165872754943627
7.304420153176624
7.478734630118817
7.61269907724806
7.61269907724806
7.911130543507587
8.039454470129797
8.039454470129797
8.04265403608132
8.04265403608132
8.04265403608132
8.20187530311169
8.424396089754248
8.476925811666733
8.630280924365735
8.630280924365735
8.63430468021198
9.050488946974324
9.351066153329306
9.685208265555282
9.91781133112004
10.292805582136646
10.605140650242832
10.605140650242832
10.61978552888349
10.61978552888349
10.61978552888349
10.698327736932695
10.885717552863886
11.188008663196388
11.380254230859634
11.483333523638093
11.483333523638093
11.69048558236332
11.805124222869171
12.044210326021972
12.182458173696496
12.421079898021173
12.713879847855143
13.049813519069126
13.377750068958829
13.804928311384657
14.086850514917321
14.211850191959796
14.359413287979672
14.841447888507135
15.13317673842222
15.351018865331904
15.534232065018482
15.781745799508522
16.229983404575815
16.34142302830751
16.543824781064988
16.981520698028824
17.240543810520997
17.720397172955565
17.720397172955565
17.95788495590439
18.166314302777092
18.421180475906233
18.752868751118008
19.14003177742383
19.506588747095627
20.03851567712012
20.214564844344338
20.50386736287275
21.281418380207526
21.4442181408409
21.4442181408409
21.888973403971455
22.074937175798382
22.41755134173597
22.862633119706626
23.147396508361965
23.233714884598676
23.49537631736392
23.68507935445002
23.68507935445002
24.16429930850193
24.25106381517488
24.612957366970193
24.773397137431854
24.969997464468406
25.183354428419594
25.48316445522046
25.499284365559703
25.61551654548703
25.96833929023071
26.17768428919722
26.17768428919722
26.59104894394947
26.817570513418644
26.86035086556756
27.202135454490506
27.54476073260166
27.693366849755428
28.193670930622208
28.793546269209273
28.888681138377752
29.276671821029353
29.376410547913117
29.525002891223007
29.55699494884466
29.617152667989572
29.779923175662788
30.12682885061095
30.699074430811887
30.72114725167047
30.72114725167047
31.03373694100263
31.235423871701737
31.297365596677075
31.307614134822806
31.825475472146803
31.825475472146803
32.393266916205626
32.53573590008534
32.71869527517684
32.85916099278052
32.85916099278052
32.97136722527716
33.121447994751634
33.121447994751634
33.73669108648458
34.02576174875039
34.32066411779274
34.47237951121248
34.67439649108479
35.02340184836791
35.02340184836791
35.26323619538777
35.41436784006934
35.543988488030436
35.67047159942644
36.24243071134662
36.52238401897813
36.52238401897813
36.81808134490696
37.28812105197997
37.442409477763846
37.84239252689828
38.35176647535827
38.86284191100161
39.11860039778001
39.11860039778001
39.42072422547407
39.42072422547407
39.66986325124362
39.85924934157216
40.14401227458769
40.164266553646335
40.53860706666708
41.05377865217321
41.45242817977138
41.71355499263276
41.71966320428127
41.71966320428127
41.71966320428127
41.91475824108641
41.93538715093329
42.247124177605436
42.416575570418296
42.416575570418296
42.416575570418296
42.44823125332656
42.59731520769072
42.79287725267857
43.20016074494288
43.33536489497455
43.582998152538124
43.985160148198176
44.31349684657298
44.49262949787602
44.63098386543619
44.92639996630655
44.92639996630655
44.98132954767206
45.31049756276046
45.61625057492375
45.63665830348516
45.813126097737644
45.86278805066737
46.17801276503919
46.329875333850524
46.546274701846606
46.546274701846606
46.62478996202799
46.93953990266675
46.93953990266675
47.36827996455129
47.5824063441174
47.5824063441174
47.86281693253097
48.45804038560678
48.47588257899123
48.47588257899123
48.69680375728742
49.12746274316418
49.20937974594333
49.20937974594333
49.45309887745106
49.93355448300085
50.18521080790773
50.224612917814085
50.224612917814085
50.375292311574654
50.71929112886121
50.71929112886121
50.81301010749995
50.81301010749995
50.81301010749995
50.81301010749995
50.81301010749995
51.17995559977019
51.474589819876286
52.064595953108324
52.064595953108324
52.20736914773721
52.20736914773721
52.39966041856103
52.71767988896716
52.71767988896716
52.77240663870555
52.85503442272856
52.99586227486276
53.053589401813376
53.12535330992619
53.16096597392497
53.16096597392497
53.45689462443587
53.45689462443587
53.45689462443587
53.87253713566944
53.88953227533483
53.88953227533483
53.97145071462256
54.480144103899306
54.480144103899306
54.480144103899306
54.668552264648916
54.668552264648916
54.86820272481424
54.86820272481424
55.02563687704312
55.19562630672139
55.335267288298596
55.65843305235567
55.87746275975002
56.230974464709234
56.23874520810154
56.39652203912807
56.758034054752024
57.11130088001096
57.14257510318675
57.14257510318675
57.49012475502983
57.577819962536864
57.74252840241698
58.056983267014886
58.056983267014886
58.237996762502874
58.46121787531178
58.575981787810285
58.84196816226124
58.929715513180646
59.12676263671735
59.271173474343996
59.623983290044855
59.633117283432476
59.955266395380235
59.955266395380235
60.25025050113652
60.34908596597601
60.49933045953939
60.62249916262037
60.77101684301829
61.020603973933625
61.20617978916722
61.4155660028362
61.511055460601376
61.59686416086874
61.92725379855595
62.268218309373445
62.29868800439726
62.563559094864004
62.64536700140757
62.64536700140757
62.898973278621696
63.191854699127006
63.251574479266644
63.65742734737144
63.75433200895821
63.76110953017241
63.89970265952893
64.0225918239228
64.0225918239228
64.21475773582573
64.62430611603351
64.8025854331805
65.11433618150055
65.25656651295093
65.25656651295093
65.54612188062418
65.84258725086106
66.15777732783461
66.15777732783461
66.30379781916778
66.30744704350221
66.76057283408265
67.02206749703727
67.42426343851906
67.88859163477488
68.22408155539875
68.35561715407553
68.71881217936554
69.2475207504787
69.46153122688465
69.62689518545461
69.8143300507622
69.85680179802424
70.02422759890605
70.38456895932623
70.81024746872139
70.9430672728729
71.57993839664945
71.93781741871649
72.1801797142426
72.2444655256426
72.52022028027726
72.8311594007965
73.49761434417977
73.5454249683009
73.68471950222379
74.00396661719961
74.00396661719961
74.31956828125895
74.54792874759933
74.54792874759933
74.69799427373769
74.91698710865288
75.1756231856424
75.48706470928275
75.59545201458577
75.84950036653947
75.84950036653947
76.0001191838054
76.0001191838054
76.00676825617799
76.00676825617799
76.33155556620439
76.80926832105771
77.08688802149639
77.11695206277194
77.37513953562328
77.8849708352433
78.24299182973775
78.42782314808055
78.46220325192415
78.53807199362902
78.77343517371403
79.13501839997669
79.35509052856534
79.46045958399674
79.74998009936196
79.90872674824497
80.36307917096555
80.4557739525863
80.79194409441583
81.35964112238392
81.42745971350078
81.87781142117088
82.02789145295358
82.3074958119336
82.61519127466684
83.1390956480596
83.5203636219061
84.02483647328133
84.42056625138908
84.75573428957269
85.14157419575683
85.32789934199036
85.68607175869657
86.25992686257639
86.62025819285017
86.98615325550472
87.21551910083903
87.59330693514262
87.59330693514262
87.97010090661894
88.12006881253453
88.34485369264056
88.7012905238963
88.81485881370864
88.96090100007441
89.11070410333659
89.11070410333659
89.63612958258277
89.80205366574714
89.89087938312275
90.11206289703816
90.45894228116342
90.70228208512381
90.70228208512381
90.70228208512381
90.96051970496988
90.96051970496988
90.96514213706122
91.59873185447243
92.17191882530446
92.20604150592223
92.20604150592223
92.66416981217189
93.17565729431486
93.8069672777894
94.02219167892443
94.35989289681864
94.59872580225787
94.8065756802474
94.81414081146823
95.05339003568783
95.40859308099554
96.04458448249923
96.51552929360629
96.97370363043983
97.34086167068618
97.34139348960369
97.4244822542161
97.56297619600608
97.72434128802959
98.08883374903291
98.24664056670434
98.65938193133609
98.70640474279035
99.0536636255156
99.30114874237225
99.64869066252777
100.07814649341454
100.23428044848457
100.85520244111463
101.22280110130554
101.22280110130554
101.33831387100034
101.84712862920166
101.84712862920166
102.21443383676305
102.73185944091509
102.82944148348258
102.87425929078478
103.20887826580312
103.29261722931719
103.49441389522582
103.49441389522582
103.81821070434914
104.2915963306595
104.48728947183173
104.97934773960048
105.38317279526152
105.47014232820976
105.47014232820976
105.49185964128282
105.85388758191382
106.01857244098916
106.12728037210778
106.28708627516274
106.73964761344914
106.93599137983229
107.37861317906219
107.84214789299034
108.01122745728831
108.31668582667518
108.82804010845778
109.18708881707983
109.78792948044541
109.84803517900376
110.10432425564065
110.26319004432997
110.63135063708252
111.17127854879979
111.30026055288617
111.90268499463828
112.02337987760089
112.02337987760089
112.42409911790301
112.42409911790301
112.42409911790301
112.83852152991318
113.5164052448883
113.86588819068335
113.9403671074627
114.23437598589209
114.46118170894754
114.90159754065313
115.29670278023465
115.35030369383963
115.40362795103559
115.89512946755596
116.09797991645316
116.20739033073194
116.47110502808538
116.85233925262301
117.35844438063542
117.89757295486658
117.94632390844198
118.0685585896032
118.51559967236723
118.70473691310399
118.70473691310399
118.70473691310399
119.27041807981598
119.701275969408
120.01581783880506
120.60435690544921
121.01483661344918
121.20073483448543
121.20073483448543
121.20073483448543
121.78209066151152
122.34846569644813
122.79413212282905
123.37097988692567
123.87488597099478
124.32549702171703
124.83757748624699
125.20883612462178
125.76090117131798
126.2907608933876
126.31271105070196
126.48130425003656
127.00176949135665
127.10752210171934
127.53380438319338
127.88445312111534
128.2314803316415
128.52688512808703
128.64246683237562
128.77532603919207
128.94847105631302
129.51077136623044
129.94706045324452
130.25262876576835
130.5275973937613
130.98515117554123
131.11371790613413
131.37292390209194
131.37292390209194
131.64206571478329
132.48244115760954
132.6523209746892
133.05760197595046
133.1672528127552
133.8016125714091
134.1236617294348
134.4317582640788
134.9208678300289
135.30736246612753
135.76013083883205
136.59609808938524
136.64664916100472
137.2678678576174
137.66991394238343
138.17671390764582
138.70130568501688
138.83995857192767
139.02689919282346
139.28734088344297
139.60151593768796
139.64618540125755
139.87121141867414
140.38469183976113
140.70345484887272
140.71021110136053
141.41803887493967
141.86100929470166
142.35714549738103
142.81505973109984
143.02107579498517
143.02107579498517
143.28318196273474
143.49810090765666
144.13970059872463
144.80100173098194
145.22633164685448
146.01335825255978
146.2478544681772
146.31187878507617
146.7248898879344
147.46532614472855
147.9692260962045
148.08992771460873
148.22620675595428
148.69350592486794
149.2800531691715
149.41567214737103
149.6922288930864
150.2862408037081
150.59910913825144
150.99431534537845
151.60562754150394
151.79319495782852
152.05941714736608
152.398291046712
152.85413866335927
153.49510001612947
153.71212437406112
154.09450974868068
154.63052071858763
154.99011681347852
155.3296846698112
155.6105409162105
156.11460722422964
156.51799336139626
156.80349885045328
157.10047538141467
157.59045607902345
158.3524222822418
158.6359269871737
158.80656394927684
159.13819434662125
159.17883495755615
159.50955129173536
159.80367402072443
159.93020510430017
160.44503038529365
160.91758865854501
160.92525734278718
161.47610988267863
161.64144276162128
161.89087321557767
162.31436892479206
162.6871443022048
163.25100914649522
163.8292414343408
164.29715125785725
164.50506216552293
164.886309757137
164.910148842957
165.41712380681284
165.6904528089083
165.82875790388047
166.14678627015914
166.31607219983889
166.93336656844016
167.56351538402797
167.76316738120627
168.0110363785691
168.37608628162815
168.83164958761233
168.99060427747574
169.22861867234724
169.24256600001172
169.67155328197038
170.02110569535486
170.4996847099399
170.7878035129288
171.24800869960072
171.24800869960072
171.24800869960072
171.61289603395957
172.0135169397743
172.5809940484064
173.03361393555963
173.37015073183565
174.04461103704688
174.15235918391252
174.2409745835693
174.63233952778347
174.9573061306495
175.30377042212103
175.43987701740156
175.43987701740156
175.9768581066287
176.0612396337105
176.17613442088643
176.5203546139517
176.5203546139517
176.9386484546044
177.13779726148053
177.4928306817001
177.76629297382905
177.98372121602333
178.29813022145422
178.80088099984988
179.02936168604353
179.5288411692907
179.80941634448925
180.30008242516368
180.5177374484616
180.7839869620002
181.44977030721572
181.9181583824063
182.3540193471546
182.4154150940131
182.4479575639855
182.5203059548129
182.69549271701248
183.1360398836752
183.3096615770965
183.6787723846995
184.16209876258617
184.374834807365
184.682392193389
184.96582173113018
185.15798881367013
185.30367327479794
185.5623084106041
185.99744490427702
185.99744490427702
186.34924055392273
186.8455590337139
186.8455590337139
187.259626547044
187.4532006957689
187.66066998693847
187.8487221915543
188.35309390684665
188.65037207097484
188.87841786090678
188.94083542589547
189.21578025727032
189.29955972140846
189.85340182641596
190.09064867902404
190.31893585402557
190.38079693928816
190.43787147846803
190.67679609388935
191.31092087399588
191.95226165697747
191.99879275354172
192.3070105738768
192.61339832303497
192.6648504655035
193.0138594326527
193.3412221859827
193.7280255798608
193.77562035381516
194.17488595381397
194.61131929918415
194.61131929918415
195.11632170799618
195.19894259017812
195.727873684465
195.87610508249907
195.9823647194035
196.32491677146209
196.3357206017833
196.41476038653343
196.50013708978776
196.7409506627308
196.7409506627308
196.7409506627308
196.74403149016547
197.64305199474921
198.11900435440032
198.1230134322442
198.3989364014449
198.7327540036646
198.981100954929
199.44277861541912
199.62204403464176
199.62204403464176
199.83102566461758
199.9016301886222
199.9016301886222
200.03799614299572
200.03799614299572
200.03799614299572
200.15588182462207
200.56747842599407
201.02487319812099
201.3494298479595
201.39691150314167
201.5916656059268
202.17173089480156
202.47218903680584
202.52029326443318
202.55904148145194
202.98761168940126
203.21526328394728
203.48476801243166
203.58026934626332
203.58026934626332
203.58026934626332
203.78511778114037
204.09335534724178
204.09335534724178
204.246076108956
204.75134169116717
204.75134169116717
204.82279746946756
205.16424291098073
205.16424291098073
205.21033159857183
205.4172663099928
205.73955496676336
206.09784383157535
206.5164863518741
206.6594032504822
206.6594032504822
206.6594032504822
207.22822321534383
207.78728199246575
208.17183069787524
208.480813974166
208.51834918705916
208.85813780887216
208.89790085109016
208.89790085109016
209.12637132820933
209.31726332728755
209.31726332728755
209.31726332728755
209.82380704460982
210.21954355909202
210.53511192488034
210.98038830279347
211.17301063901408
211.58279851504093
211.62522202258623
211.91955633465352
212.26371319332728
212.49277547945516
212.7667225708187
212.99729480628133
213.21695740468402
213.66741287727464
213.8999406650459
214.3032874411662
214.7303166313329
214.98206341984988
215.06312635815752
215.06312635815752
215.33402004091985
215.37948190075122
215.53605093054264
215.9702342054446
216.31778684749
216.97515916333822
217.2279360132564
217.2279360132564
217.36628827838848
217.66030384426054
218.25404369846282
218.25404369846282
218.42464751647998
218.43467576608697
218.74453299824168
218.8987481269123
219.2317667126874
219.4146419598287
219.4146419598287
219.4146419598287
219.93269914211945
220.1305286016735
220.32883291620197
220.50357513551577
220.64527495548194
221.4217748294137
221.65474585338706
221.66355726422603
221.66355726422603
221.81753551436123
222.01012050848817
222.2393340966904
222.41113208677993
222.78636846006478
223.24922989779705
223.70295728776222
223.8052557767778
224.09686696401164
224.18567057651157
224.46867624549185
224.8008894673099
224.8324404095
224.98007155449747
225.49783359967736
226.0763203645187
226.49369206523554
227.00828957537303
227.29662169652204
227.63642833931107
227.87105750238302
227.9828068560549
228.46868363151432
228.46868363151432
228.64736679992762
228.91508644686115
229.00715540005928
229.37496515549836
229.42765917307423
229.6655890320357
230.04124829510488
230.34491212075147
230.82516286883913
231.12398626967556
231.2725841338009
231.5264294205905
231.89895735676032
231.97729481981145
231.97729481981145
232.24076675347084
232.49200132073702
232.49200132073702
232.8447245819146
233.25438804324068
233.52521357395818
233.80324449628972
233.9782780218934
234.3646925896606
234.7193681791537
234.74439613352035
234.74439613352035
234.85608308995435
234.89553243067704
234.99081417837655
235.34764734406835
235.8258258143782
235.87139098937757
236.10999367520813
236.10999367520813
236.12696587592174
236.16462386555338
236.43346707519717
236.43346707519717
236.54622315686026
236.56302105937363
236.85940053878676
236.85940053878676
237.22421419540453
237.39932352397943
237.39932352397943
237.52418519423983
237.63833831324422
237.78109056197414
237.96253245637325
238.57349668688906
238.57349668688906
238.94811971355148
239.12256947026347
239.33035939040408
239.64482992654624
239.95736175586657
239.95736175586657
240.43810194487494
240.5510782155098
240.5510782155098
241.05647956657666
241.44288029892212
241.44288029892212
241.5427657027274
241.75287426731242
242.08631494682635
242.17525128985204
242.32195938662684
242.7512212651367
243.04259494242865
243.24076267368892
243.4291246404387
243.5837732113837
243.8716998959094
244.54649695336414
244.71012151504965
245.0697326425614
