0.464609680826642
0.8473169002810194
0.9993595013562859
1.6456227565620851
1.8800334657426756
1.8800334657426756
2.2120365603454197
2.4357527055443775
2.4477351069182958
2.8750669468027006
2.8750669468027006
3.1210929544944532
3.3945892361303507
3.4699861862471866
3.4699861862471866
3.639153934480908
4.042841775017807
4.042841775017807
4.220283982070596
4.220283982070596
4.603127277344227
4.669701534981995
5.142534487297793
5.3008415567992015
5.3008415567992015
5.322579385220639
5.461660529677311
5.6023729518789835
5.9461856506314374
6.189517290522408
6.355452115876374
6.655074618754865
7.214975665148619
7.443650107958215
7.6311831804916315
7.6311831804916315
8.258945242137045
8.843117956919647
9.508554605976729
9.54214836520075
10.1053847182664
10.1053847182664
10.497776613394631
10.824824493066398
11.644746482608838
12.371309504472237
12.947984737858928
13.017876027885283
13.098557001857658
13.353104692619798
13.652060632329421
13.652060632329421
13.933128362491406
14.031157297818648
14.415128918732025
14.49222179479727
14.661316444860203
14.673312847326985
14.673312847326985
14.784729834262997
14.97449782501574
14.97449782501574
15.63190996246889
15.63190996246889
15.929483082168417
16.162412521566427
16.42630932749836
16.49044560600251
16.581495846829025
16.63185738549564
16.996838192766955
17.289915493900786
17.289915493900786
17.289915493900786
17.398946912936232
17.398946912936232
17.6314543347411
17.88373202769629
17.88373202769629
18.33958917057107
18.560756973193747
18.560756973193747
18.689511101729497
19.177933603219387
19.324140124829263
19.49440378040128
19.743521093991625
19.843791506781894
20.088946433121865
20.311040006557636
20.500175354021327
20.500175354021327
20.500175354021327
20.500175354021327
20.500175354021327
20.769555129192767
21.11880130313138
21.14738465779702
21.34152738987559
21.34152738987559
21.469320914886286
21.614820479713575
21.614820479713575
21.614820479713575
21.646730670360483
21.68462844976724
21.80419206444028
21.80419206444028
21.841425076895522
21.910679864784335
22.18581536473424
22.18581536473424
22.352163044985293
22.76851710203986
23.145042328224804
23.361270617262008
23.740077766855958
23.740077766855958
23.740077766855958
23.88308981433707
23.93602431200625
24.089556052385273
24.127460512445154
24.14976646671551
24.175628395785196
24.557832727641603
24.67089869559815
24.82747558159917
25.093553026026374
25.422036523416914
25.422036523416914
25.58544810368028
25.83124289339715
26.49777565615511
27.13914629308318
27.467115317874732
27.728078230488308
28.166266636334694
28.400239522812473
28.886026865418177
29.03366073091859
29.156331755955446
29.63498698633255
29.63498698633255
30.259317906617355
30.367777557007702
30.367777557007702
30.725107221372618
30.78120217337218
31.069108663014017
31.1436884115223
31.170112736536804
31.38993247049826
31.577706896892046
31.805552288066497
31.985259516705703
32.60209518589888
32.84830644811073
33.1520107498868
33.5255985926248
33.62822050639455
33.86408208606007
34.1894600925413
34.1894600925413
34.78625886889308
34.88722142741358
35.023104405104476
35.023104405104476
35.023104405104476
35.42157912228113
35.657139723684594
35.978631621347546
36.18570010078685
36.51198671689036
36.88853402976997
37.11053614266254
37.40050301038178
37.40050301038178
37.58815271507431
37.70717615169642
37.86457727575906
37.86457727575906
38.07731963682475
38.62565660781232
38.95911155858627
39.23914659634916
39.34425969694965
39.98340851119607
40.12523915653416
40.12523915653416
40.61191200836072
41.125621993927716
41.12835166428268
41.147281032883626
41.211944325097335
41.211944325097335
41.698650715525126
41.91683959377872
42.182679370990236
42.44705990509559
42.95842718693251
43.177385274423074
43.32746197950422
43.54144370455716
44.008920410300554
44.17103912572045
44.60486026078243
44.78625954973361
45.03196103320525
45.52265557439753
45.82328159005974
46.18398544068995
46.41085644282732
46.75809609706441
47.17891019497046
47.22136708244633
47.68550292429287
47.76526136623013
47.85215012262834
48.140027648238416
48.16693098510204
48.64404128964178
48.94597963996379
49.30371028272014
49.30371028272014
49.30371028272014
49.50520363450639
49.801032326327565
49.801032326327565
50.149619863005256
50.33023678834046
50.67453536402466
50.995366351923
51.47930400623267
51.80129877199008
51.80129877199008
52.339212022707855
52.645918208932756
52.83498191434046
52.854958292640454
52.8752151488853
53.23754028900098
53.5241214761915
53.52745535621459
54.056281282811
54.09095581294996
54.51097952940127
54.55749158919373
54.784899163450994
55.14129774384996
55.29881667016034
55.33359204852331
55.711827088399495
55.84062440045849
56.124294021953865
56.16791863961922
56.16791863961922
56.32352245230051
56.498726274622655
56.91699285991425
56.98101166147063
57.34392685909354
57.67337406098791
58.284224344413985
58.39027678275216
58.93419918083734
58.99721701602995
59.18845120322008
59.532324556172064
59.82437633670046
60.08765144486658
60.397886205541965
60.58196870071145
60.58355491955495
60.90591406162405
61.24403621450537
61.40813809098465
61.46042894832552
61.84407720512385
62.40531932342828
62.777019173985266
63.14634512304473
63.3458359624581
63.67436785254564
63.91250026396934
63.948477323445424
64.42169949590361
64.95021088383005
65.3341548269988
65.50295435194714
65.80013900559399
66.04144321117282
66.15936072595584
66.43508143230774
66.76772680087349
67.02278438558326
67.41292479774488
67.41292479774488
67.95809703534611
67.97922958646559
68.30066670170031
68.54903371514993
68.84114973570772
69.08208876970053
69.60925398216561
70.11823250150245
70.11823250150245
70.35251099668837
70.92076694676071
71.07012373909627
71.07012373909627
71.12837287097855
71.46544953352029
71.78003221091524
71.92752449990256
72.14350549609193
72.25855242113427
72.39096453069915
72.83486692678653
72.89965965491655
72.89965965491655
73.13683593123805
73.13683593123805
73.34267149908382
73.6668959781883
73.95914907256304
74.07034257708617
74.39944720370649
74.51781197614729
74.64905399281051
74.91757465424826
75.05847732440118
75.11927863939032
75.37715232702357
75.50165888036213
75.7083742700688
75.95391111011648
76.00628374421683
76.30238196120993
76.43181731047176
76.69367454434936
77.00799142325344
77.12969079102649
77.22924756099667
77.38185869628636
77.38185869628636
77.52475894318503
77.52475894318503
77.81660595606125
77.91250563916546
78.0082536793366
78.0082536793366
78.0323534694148
78.20347024510251
78.31961263626394
78.57060441035348
78.66107784665114
78.80912396468072
79.10057717168276
79.42033721489103
79.42033721489103
79.64904229597447
79.83997974673036
79.83997974673036
79.92616708716471
79.97698733875295
80.18815421619777
80.18815421619777
80.60002567149776
80.83122672952119
80.84774461675481
80.88115513121157
81.06108220577114
81.16280436363324
81.45927184606184
81.45927184606184
81.45927184606184
81.55845774652168
81.91643416719194
81.97808750574583
82.11926036898492
82.25950995360697
82.35873421643248
82.35873421643248
82.59283414350256
82.59283414350256
82.8225258147618
82.86193770903225
82.89874930689177
82.89874930689177
83.00863452563858
83.23972943873859
83.6367991350239
83.97963845279203
84.21187427520474
84.21187427520474
84.58911832069988
84.58911832069988
84.58911832069988
84.58911832069988
84.89028436437557
85.07848773469058
85.28475330042032
85.28475330042032
85.28475330042032
85.28475330042032
85.28475330042032
85.48684123347078
85.61858405371797
85.61858405371797
85.61858405371797
85.63267183039751
85.90250057524582
86.05986063985455
86.17386863599884
86.17386863599884
86.81151627506792
87.19515280829155
87.22724592306156
87.58765298982036
87.67557047842159
87.72444366849875
88.00751729699293
88.05383280208635
88.15129580710344
88.45824390029689
88.66681678293754
88.81924432681544
88.95237193962892
88.95237193962892
88.97593095504503
88.98764699290697
88.99697974402397
89.0650344015361
89.27207728915639
89.7515051850004
90.17432996117363
90.17432996117363
90.57186283914359
90.96509624391332
90.96509624391332
91.1519190042324
91.23885433517111
91.33576337859087
91.78904400944778
92.06119561300075
92.18411793018554
92.18411793018554
92.38855023471966
92.38855023471966
92.90244360480274
93.35575672417121
93.35575672417121
93.35575672417121
93.35575672417121
93.64062533424851
93.9232340724379
94.04248874736929
94.10542171836144
94.1732833128399
94.51013541147181
94.52563540069661
94.83757100146727
94.95259627455322
95.26672396940448
95.26672396940448
95.26672396940448
95.45946854792273
95.68885690824928
95.72838725948213
95.72838725948213
95.95698931963723
96.26104797566688
96.7572534360119
96.98466447260121
97.36909861854237
97.6124976248919
97.79393717431638
98.01557726323338
98.17891667014395
98.22741069133791
98.69249169841767
98.79081842665249
99.3089409771991
99.48341074257438
99.83848547502039
100.20832357415199
100.20832357415199
100.58953037173414
100.58953037173414
100.58953037173414
100.867766481605
101.17890984824504
101.37147931601216
101.54659959320195
101.9123582569722
102.0888689511357
102.52896704749263
103.00663975124837
103.12616947224478
103.37488481336719
103.39483479737156
103.48554711590855
103.52233451696311
103.87713080469676
104.34922177943801
104.9690698245939
105.28399514995965
105.47090863189368
105.47090863189368
105.57022573223725
105.69405379026233
105.69405379026233
105.6963036499223
105.6963036499223
105.6963036499223
105.92893209382247
106.19778686974824
106.54891631859583
106.54891631859583
106.85535367688618
107.19475417639298
107.19475417639298
107.44756557436921
107.69979835930691
108.13784556550088
108.39080768881766
108.39080768881766
108.66551088275357
108.78689053808311
108.78689053808311
108.9952509676275
109.26857370182685
109.26857370182685
109.46658153019503
109.60547468140169
109.75523856151445
109.77809893039073
110.27109391041762
110.50201283209059
111.12247240753163
111.37033864691216
111.37033864691216
111.37033864691216
111.37033864691216
111.74432040574133
111.74432040574133
111.74432040574133
111.82083581724163
111.82083581724163
112.02998037709797
112.11215763379832
112.17942153679299
112.55863626997062
112.55863626997062
112.55863626997062
112.87598525412818
113.00291526367165
113.2675212735628
113.2675212735628
113.45920816837115
113.45920816837115
113.54019570920742
113.63350221849097
113.63350221849097
113.73589228190379
114.15919598908003
114.15919598908003
114.15919598908003
114.33709926192071
114.33709926192071
114.64440009124867
114.91269359408706
114.95981823718597
114.95981823718597
114.95981823718597
115.07252517099603
115.299058669233
115.38150448354621
115.38150448354621
115.38150448354621
115.87495288717476
115.87495288717476
115.98277731897781
116.25189933731727
116.39303375927115
116.39303375927115
116.50049804158218
116.50049804158218
116.50049804158218
116.50049804158218
116.88601047688958
117.09221079723997
117.09403875989527
117.14989074704958
117.43954770120372
117.57488009907331
117.67633857789441
117.68814875050145
117.8955005591909
117.95492220677913
118.0180778140655
118.05309210262288
118.05309210262288
118.08364495725758
118.20159696548498
118.42459603654004
118.51908144302058
118.51908144302058
118.51908144302058
118.56054268717746
118.64920997144948
118.85326192162009
118.99651931134296
118.99651931134296
119.05470410408876
119.22183857287585
119.71985213474065
120.15010043427247
120.32309334309086
120.75940549169
120.75940549169
120.89112853234631
121.16048063087084
121.19973384026724
121.58232646108118
121.87069966281499
121.87069966281499
121.8960673479098
122.0329050735516
122.0329050735516
122.04572244361098
122.04572244361098
122.04572244361098
122.3102354866583
122.46567258479024
122.46567258479024
122.90025098915685
123.08632302788892
123.25611206165259
123.72639918444673
123.74569781567791
124.00438957123026
124.25934636055777
124.25934636055777
124.33046781159841
124.48368138378555
124.48368138378555
124.51986164074931
124.51986164074931
124.82793523062244
124.94112044489604
124.95119370146232
125.14351692894132
125.2215012304463
125.48513206473467
126.01246358697595
126.19264104857749
126.5162652011953
126.8243188989197
126.88661660450647
127.19976895473708
127.26073653221741
127.45462112204441
127.74526813527997
128.03590872298932
128.11087001133777
128.28366999630353
128.31841867180668
128.51251950161966
128.62749137228116
128.62749137228116
128.92520025989643
128.9378576488079
128.9378576488079
128.9378576488079
128.9378576488079
128.9378576488079
128.9378576488079
129.2778640475016
129.2778640475016
129.3469390501049
129.41814988791526
129.41814988791526
129.51514652188166
129.75865511876742
130.18749301014068
130.19633303391743
130.19633303391743
130.26667276370497
130.26667276370497
130.37325817253608
130.43319117311887
130.58966759092857
130.806852760785
130.9880058943081
131.25249668679083
131.37465504083914
131.78468730885925
132.0200433882109
132.26115082267376
132.26115082267376
132.26115082267376
132.7671496933749
132.7671496933749
132.9548574862229
132.9548574862229
133.15161685853192
133.24560217195105
133.36182118267078
133.6598666715688
133.6598666715688
133.95649522035367
133.95649522035367
134.00994771076654
134.21293790511163
134.26497051763425
134.35036081418545
134.35036081418545
134.52597614090837
134.76399919031903
134.83578291113793
134.83578291113793
135.15404566078803
135.24092116203576
135.24092116203576
135.39246036961106
135.39246036961106
135.4119208244717
135.57057909754118
135.60401043908567
135.86039063579025
135.92571863573332
136.09724137884425
136.09724137884425
136.27007097630872
136.40664713608214
136.4576680293197
136.4576680293197
136.53734753799944
136.73447927616286
136.73447927616286
136.73447927616286
136.73447927616286
136.94253908830694
137.07689650622135
137.34244843130867
137.39596861392226
137.39596861392226
137.39596861392226
137.5456703348073
137.5456703348073
137.63499269469597
137.99349183093608
138.33407211672346
138.33407211672346
138.36449162622694
138.36449162622694
138.56557920852532
138.63397955324973
138.63397955324973
138.63397955324973
138.7656529882378
139.00283285957556
139.35999486034368
139.4052230956257
139.75187699327165
139.88032879451796
140.10764998685625
140.17306372595738
140.17306372595738
140.46226039123644
140.84659083521177
140.84659083521177
140.84659083521177
140.8532635413159
141.01164788040623
141.12186678413102
141.12186678413102
141.29002915811623
141.4162779595902
141.54064404929005
141.5503802868242
141.5503802868242
141.69648564133308
141.89379266487435
141.89379266487435
141.992670860964
142.0810411287413
142.2340726719165
142.34310793034948
142.44798557926413
142.46430131823578
142.8433051665556
142.86260864476085
143.06052638161736
143.1083875618824
143.3478556971463
143.4208590031191
143.4208590031191
143.66966274242145
143.74885618123923
144.12184279333516
144.2302858826628
144.4991231763713
144.62290963113878
144.8900891601199
144.8900891601199
144.8900891601199
145.0236318458401
145.21358112329105
145.21358112329105
145.21358112329105
145.47304886672214
145.47304886672214
145.84529275956302
146.24357295035767
146.24357295035767
146.38272829118728
146.44935184150955
146.7460486482499
147.075770199106
147.075770199106
147.2183753328425
147.41612453751378
147.94321129597728
148.02330091957612
148.02330091957612
148.06366743201417
148.31105955105895
148.31105955105895
148.31105955105895
148.53480829418555
148.77060048573804
149.18334445425114
149.4308403872034
149.4308403872034
149.70717482951525
149.90723088718542
150.0866822340328
150.28017037390742
150.28017037390742
150.38495652402923
150.38495652402923
150.43764697038142
150.5561685692544
150.7492078124186
151.0027206162609
151.10007115610304
151.10007115610304
151.2335895033824
151.31228401478148
151.31228401478148
151.61831208721742
151.67562774011523
151.73712757872028
151.93539216101775
152.03607543869026
152.03607543869026
152.03607543869026
152.03607543869026
152.05599627191063
152.24320432835788
152.4179361972338
152.4179361972338
152.5183774533029
152.5183774533029
152.66337956742464
152.85821532238415
153.09789387516687
153.09789387516687
153.52827647222233
153.52827647222233
153.58298403652947
153.7205743298573
154.00718155881023
154.15452227331454
154.26392619256828
154.26392619256828
154.43641695817956
154.49126132870597
154.55094315406924
154.59390345250054
154.59390345250054
154.59390345250054
154.59390345250054
154.67436210132632
154.67436210132632
154.69319099093158
154.69319099093158
154.8970165057612
154.9004863436202
154.9004863436202
154.9004863436202
154.9004863436202
154.9710070166289
155.21581856514211
155.36011346507001
155.38901882186562
155.55762088282475
155.55762088282475
155.86413408154172
155.86413408154172
155.87282897978062
156.00495057538006
156.00495057538006
156.00495057538006
156.07079721082462
156.0963637030702
156.26719563666248
156.26719563666248
156.45607573511535
156.64554237669006
156.80792171535862
156.80792171535862
156.9219159593099
156.9219159593099
157.01516057646865
157.23480700804805
157.23480700804805
157.24877121427932
157.47488249737702
157.5635509639087
157.56805229170527
157.6382168463836
157.8468629328126
157.8970053485246
158.0959762710303
158.0959762710303
158.29342469963998
158.76676643579583
159.05094712917588
159.05094712917588
159.1841116325575
159.29266686900598
159.38367674374516
159.4222194598551
159.57866158686628
159.57866158686628
159.75939376863687
159.75939376863687
159.77765208540566
159.89617770649662
160.16355664378204
160.25828730770334
160.3404635533213
160.3404635533213
160.3404635533213
160.38426059589614
160.38426059589614
160.4678864433645
160.56981591987358
160.59418320952872
160.59418320952872
160.59418320952872
160.8773345460879
161.03154688143152
161.03380683105954
161.05622144557313
161.41389042312449
161.59608377953026
161.59608377953026
161.59608377953026
161.59608377953026
161.73296293104718
161.98961463499802
161.98961463499802
162.17679784064225
162.17679784064225
162.37035887304177
162.37035887304177
162.69447702517178
162.90014935605797
162.90014935605797
162.98958203998077
162.98958203998077
163.3728644278651
163.44760427810152
163.58013362010115
163.74334448519565
163.74334448519565
163.74334448519565
163.76587654332408
164.22907148239955
164.22907148239955
164.70796621931913
164.7554167642888
164.7554167642888
164.78626492373007
164.78632285290112
164.84968522803518
165.10594176773796
165.1875321603794
165.3334749880992
165.3334749880992
165.3334749880992
165.33715434749112
165.33715434749112
165.33715434749112
165.33715434749112
