0.5594270748570351
1.3197159670024927
1.3197159670024927
1.4410318062567011
1.4410318062567011
1.4410318062567011
1.5673158214940974
1.7808175289646415
1.7808175289646415
1.859825669535839
1.8733237767035045
2.1245851999561647
2.391765955608635
2.6033718008766806
2.9789410243122565
3.1585047938252813
3.494042181119133
3.494042181119133
3.494042181119133
3.6020502987865166
4.25626057646136
4.3746502633266005
4.579297170935585
4.92185361859179
4.976725265856703
5.420958403877194
5.68282962844424
5.68282962844424
5.814676003213486
5.842614427968384
6.214110629015612
6.214110629015612
6.214110629015612
6.508791263469822
6.704387375975619
7.0665937682136715
7.0665937682136715
7.306226316277765
7.570687309952936
7.90636087418262
7.974988426452865
8.12910060526657
8.298361442948474
8.32775825016126
8.701674241728899
8.70957530085171
8.70957530085171
8.70957530085171
9.046433546963154
9.046433546963154
9.125955391383958
9.188325020730819
9.58641438403633
10.140105349331444
10.140105349331444
10.140105349331444
10.614917602129136
10.874992104388165
11.014237903034454
11.241547560766783
11.533462346712552
11.533462346712552
11.736328142171676
12.180688177710879
12.180688177710879
12.180688177710879
12.180688177710879
12.180688177710879
12.180688177710879
12.250775017863765
12.415971671025533
12.54642957633401
12.968613193548917
12.968613193548917
13.454820582994088
13.559727692232013
13.814119286512986
13.828748208805418
13.861471004309417
14.380304509614499
14.731666547647833
14.940673942067134
15.178712825297767
15.401974722856785
15.731862065555077
15.731862065555077
16.322543743106284
16.4078229733817
17.096784120416103
17.418467391829296
17.418467391829296
17.99758061042475
17.99758061042475
18.312102648725332
18.860036621970057
18.940265254278504
19.256463354243348
19.31159916066691
19.639797195831267
19.90664923071777
20.290521749491997
20.70768022304792
20.85467249165154
21.023954100030462
21.446124281677164
21.710149322105934
21.99002599789339
22.329107892384176
22.759797310863455
23.28619089069685
23.734707882646774
24.057308540998864
24.141872949524142
24.435229143043582
24.596888824792885
24.74177945827447
25.17805099896432
25.49035617527094
25.709363239182995
25.709363239182995
26.212705935009637
26.332299548620863
26.58178187178571
27.04178972596637
27.104568750302075
27.22001602550645
27.497123227664336
27.94733672989609
28.193927564013663
28.556568252170088
28.61268505385143
29.131715556405442
29.609974372753506
29.786948323898564
30.20148471008176
30.48811762498151
30.807936026701256
31.079023140663505
31.62182182537734
32.25669088751207
32.25669088751207
32.46458374075888
32.46458374075888
32.46458374075888
32.83493749026093
33.0296184377237
33.45886980633743
33.85595683823285
33.89673046128768
33.91390443692244
34.27488206606693
34.461108793792675
34.73242643345683
35.14970583306209
35.38905967349856
35.787439981669735
36.27269851741104
36.37261393055081
36.37261393055081
36.422779815945134
36.63092042765745
36.63092042765745
36.77123747999047
36.77123747999047
36.93072542093724
37.15990380969843
37.50024640369151
37.72186703875372
38.01450056101143
38.01450056101143
38.01450056101143
38.01450056101143
38.200223280379426
38.276215291292665
38.276215291292665
38.88178672745816
39.02351802333028
39.353132232811646
39.610995599360926
39.73259941553947
40.21732120744253
40.21732120744253
40.72522040920954
41.092955527598576
41.377941471098005
41.65423104193315
41.65423104193315
41.65423104193315
42.08740200979054
42.23189032598008
42.371225261851436
42.84401997516796
43.37238767288327
43.39634303037987
43.701517569525606
43.87327013978281
44.60379431401803
44.60379431401803
44.60379431401803
44.63481387661531
44.87074087827187
45.116169060465396
45.17281728751368
45.309862970218674
45.39874723820822
45.85673766746919
45.882401449753765
45.882401449753765
46.323829063324624
46.373008968419036
46.474161952478106
46.572418316359844
46.92520918079002
46.92520918079002
47.28169503505165
47.556596985255936
47.84069420869868
47.95451643453913
48.14133189027446
48.25028675526695
48.35132303457553
48.76727091403569
49.37471945576409
49.75947678128518
49.89687695608953
50.172368092925524
50.172368092925524
50.50620687242975
50.57720922425146
50.77963585463786
51.07194615173851
51.185931703801444
51.59984562924537
51.69814880644057
51.866622290239036
51.866622290239036
52.24152812146854
52.73869293556337
53.17090823833246
53.55416940093714
54.15855212659782
54.52536143391584
54.81805681735069
55.13565524607121
55.44937518221552
55.77666015795893
55.99071850395075
56.03397102253136
56.32886655153094
56.74037323356944
56.830257711552385
56.88536600306056
57.034284351488274
57.403992148229754
57.70579936575512
57.70579936575512
58.242896916591505
58.49457033198939
58.57461032429341
58.59417693633577
59.010919264129974
59.23725824478295
59.43386031991804
59.856080805761735
60.22976405095138
61.04330066455312
61.045626253890866
61.466108504836946
61.54069352102144
61.92286870936938
62.54784308350256
62.71858365773862
63.0941158437248
63.47192488161463
63.6828906511192
63.97471411539661
64.71952085286568
64.78205368896198
65.20049627333911
65.38412667621824
65.6891008115955
65.93678706531777
66.33331552765547
66.74893380641598
66.74893380641598
66.83080703285826
67.13565633958301
67.43886474109546
67.46870666084556
67.61358110999191
67.7115328558445
67.90623592689231
67.90623592689231
68.10146779671184
68.11668923931802
68.56658822938367
68.88461681001137
68.99556916462595
69.2513550975272
69.52218487031179
70.03489117714602
70.29811073884417
70.75699309516024
71.27344938982023
71.27344938982023
71.27344938982023
71.57342136419807
72.13731028622003
72.27314533125065
72.47839890619525
72.68861075058608
72.84960181315985
73.09535356139067
73.26810850072226
73.28057124177296
73.59432624079288
73.65534915446153
74.26751322897732
74.5214775636355
74.86540670518598
75.37333477404403
75.49824381162865
75.97811088137982
76.14519743759136
76.66643064397594
76.66643064397594
76.7466655726705
76.98875741160532
77.02400180462756
77.02400180462756
77.1575600869711
77.31202923745775
77.38691496646781
77.53371663264029
77.82954791221563
78.37598569516086
78.82953161994959
78.87940878526751
78.88645621350346
79.24774021022712
79.25900418967181
79.40000914047
79.69973938574229
79.69973938574229
79.69973938574229
79.95044884564122
80.09196210929734
80.12949402400973
80.12949402400973
80.28629091462501
80.48121249582643
80.52321803904049
80.8269056232138
80.9847073508096
80.9847073508096
81.27763038965267
81.27763038965267
81.46898212489187
81.67752339035586
81.77232662374932
81.81111005406403
81.81111005406403
82.03419072071175
82.03419072071175
82.33246706182142
82.61891741782429
82.9598679115823
83.1930003508207
83.1930003508207
83.1930003508207
83.1943402546762
83.41882039332724
83.61277832611263
83.80621214714617
84.02205270936685
84.24805780719176
84.37862860749361
84.4722605368398
84.49478679863185
84.49478679863185
84.82346046911094
85.03668969062032
85.1184813979553
85.15053395337648
85.38397783990747
85.48472318229737
85.51677048827766
85.84143298593963
85.84143298593963
85.84143298593963
86.1900861822908
86.3216102298188
86.55144098885931
86.55144098885931
86.55394284189245
86.91067551957298
86.91067551957298
87.0427668199962
87.1395445155638
87.20643625800335
87.28038388111554
87.28038388111554
87.60903612654836
87.77719420953738
87.90186105010523
87.99403252543686
87.99403252543686
88.231168865767
88.28219109003977
88.32981434745818
88.36702934750006
88.44706203379091
88.44706203379091
88.44706203379091
88.59866087501237
88.62055902323216
88.77689256160771
89.1363527145438
89.1363527145438
89.1363527145438
89.38181539975344
89.63307817765029
89.96576547857188
90.11038480896045
90.2247088775461
90.2247088775461
90.2247088775461
90.2247088775461
90.33378538385197
90.33378538385197
90.42568873622868
90.58073763340755
90.80644336489185
90.94574167280086
91.29545396548757
91.29545396548757
91.467176490765
91.65273350862873
91.65273350862873
91.65273350862873
91.722254008125
91.82500574340752
92.10143879727173
92.32168474757182
92.32168474757182
92.4616114727891
92.4616114727891
92.49326461413277
92.59288413915468
92.7196213619636
92.7196213619636
92.80051207427739
92.80051207427739
92.80051207427739
92.83664014399767
92.83664014399767
92.83664014399767
93.22742360307663
93.41310891206982
93.44215376329329
93.44215376329329
93.75435809787606
93.75435809787606
93.7619729270636
94.15110869895305
94.15110869895305
94.15110869895305
94.15110869895305
94.48344473168741
94.86123857155783
94.93272454558404
94.96732766341394
94.96732766341394
95.11260190601848
95.20273831349299
95.2253692298748
95.28953728003502
95.5292954275887
95.57159682035906
95.67220933303814
95.70959721060053
95.86018415804051
95.88114113285647
95.88114113285647
95.88114113285647
95.88114113285647
95.88114113285647
95.88114113285647
96.04610927047057
96.14484556740352
96.14484556740352
96.29622035468516
96.29622035468516
96.29622035468516
96.52164923668613
96.64370772194188
96.6570041987447
96.67727522773498
96.67727522773498
96.96926945554046
97.05279020849663
97.20958471073314
97.33456185734664
97.33456185734664
97.52498053380667
97.52498053380667
97.56927971493121
97.69408437882623
97.69992804774428
97.83902646305808
97.9346513006777
98.1594459416821
98.37797794818886
98.4561404824088
98.57552963940333
98.57552963940333
98.57552963940333
98.65753181926246
98.65753181926246
98.70838475609133
98.91663668028168
98.91663668028168
99.07086114750844
99.07086114750844
99.24823841887745
99.42989196353308
99.42989196353308
99.45777559356901
99.61908234937434
99.69026385950049
99.69026385950049
99.69026385950049
99.74894872087481
99.8520304564084
100.04135179315293
100.2801915965741
100.42726452315357
100.42726452315357
100.478024666662
100.478024666662
100.48212049100121
100.48450977103869
100.61729764455868
100.88048728509806
101.21639663343497
101.25123846617116
101.39572397285669
101.39572397285669
101.43553333658946
101.60871093231376
101.60871093231376
101.77829408857963
101.88339977820826
101.88339977820826
101.90656908890944
102.14316066377285
102.40264939329604
102.80549026347539
103.08584142817236
103.16247445283152
103.378510826679
103.67273374367771
103.75457321851039
103.75457321851039
103.75457321851039
103.80282106087562
103.80282106087562
103.90077520845246
103.90077520845246
103.90077520845246
103.96140661116459
104.00934531070764
104.17032119113014
104.17032119113014
104.17032119113014
104.32658155529344
104.35362378603611
104.37950031101055
104.430341280328
104.57750672076445
104.67153642939944
104.85616078378162
104.8695524219113
104.8695524219113
105.05496279412826
105.05496279412826
105.1672398168298
105.1672398168298
105.33642621243668
105.37571574996957
105.45659178527497
105.61895956550396
105.70518001402215
105.81713123941199
105.83162605144969
106.01945393682756
106.19849815076942
106.19849815076942
106.25568306027772
106.25568306027772
106.25568306027772
106.2692906438149
106.46138424166664
106.46138424166664
106.46138424166664
106.67230838211778
106.70085350700126
106.70085350700126
106.9339783683972
106.9339783683972
106.93586155992607
107.10917495467619
107.20702247319458
107.20702247319458
107.20702247319458
107.20702247319458
107.23247042178534
107.37439788733339
107.4398522760703
107.58570978312261
107.67208076609343
107.74152252729738
107.79675946574673
107.79675946574673
107.79675946574673
107.88409143851126
107.93582809537222
107.94077220064835
107.94077220064835
107.95259862016275
107.95259862016275
107.95259862016275
108.01434588615284
108.01434588615284
108.05593113381624
108.20779148036978
108.2888985354326
108.2888985354326
108.38413567776605
108.38413567776605
108.52176068211264
108.63455788572166
108.94358979262921
109.23101666440304
109.2369753368484
109.28180063069873
109.28180063069873
109.38888430089028
109.38888430089028
109.53846798277256
109.53846798277256
109.66489974402683
109.66489974402683
109.99540285197686
109.99933586882212
110.05839765896417
110.14897281416562
110.1825387049244
110.1825387049244
110.1825387049244
110.46650274755154
110.46650274755154
110.46650274755154
110.52348053502656
110.61035005752213
110.61035005752213
110.63299545122179
110.74813074084162
110.74813074084162
110.97179154519151
110.97179154519151
110.97179154519151
111.17240733848097
111.33141075216548
111.34471930074221
111.34471930074221
111.34471930074221
111.42753535089146
111.42753535089146
111.58520459604453
111.58520459604453
111.58520459604453
111.58520459604453
111.61576272640315
111.64355369347287
111.65435313712969
111.75806022490914
111.75806022490914
111.75806022490914
111.77443635370814
111.9086628141529
111.9086628141529
111.9086628141529
112.2022118744202
112.2022118744202
112.2022118744202
112.22859791912916
112.22859791912916
112.25044509789981
112.25044509789981
112.37525756256198
112.37525756256198
112.64580793441087
112.64580793441087
112.64580793441087
112.6695571889895
112.6695571889895
112.6695571889895
112.6695571889895
112.6695571889895
112.71119336760727
112.71119336760727
112.76876234922705
112.76876234922705
112.7935162763071
112.81948448011987
112.81948448011987
112.81948448011987
112.81948448011987
112.81948448011987
112.81948448011987
112.81948448011987
112.81948448011987
112.81948448011987
112.8778202621042
112.8778202621042
112.95303886428752
112.95303886428752
112.98887397813594
112.98887397813594
112.98887397813594
113.00748064350906
113.05619014055068
113.05619014055068
113.05619014055068
113.05619014055068
113.05619014055068
113.05619014055068
113.13285109946712
113.13285109946712
113.28695343406153
113.28695343406153
113.28695343406153
113.31559064204382
113.31559064204382
113.31559064204382
113.31559064204382
113.37055922456625
113.37055922456625
113.44105901523383
113.44105901523383
113.46871159221203
113.46871159221203
113.49226623620868
113.49226623620868
113.49226623620868
113.5065721570762
113.5065721570762
113.5065721570762
113.5065721570762
113.5065721570762
113.51811743695848
113.51811743695848
113.51811743695848
113.51811743695848
113.51811743695848
113.6250661350809
113.72870794196332
113.72870794196332
113.7795407865881
113.7795407865881
113.82780915771177
113.82780915771177
113.82780915771177
113.82780915771177
113.82780915771177
113.86579354419979
113.86579354419979
113.86579354419979
113.86579354419979
113.95024813675613
114.02697241520399
114.14621846450521
114.14621846450521
114.14621846450521
114.14621846450521
114.30655903755807
114.30655903755807
114.30655903755807
114.35101047420272
114.35101047420272
114.35101047420272
114.35101047420272
114.35101047420272
114.46960526732674
114.46960526732674
114.46960526732674
114.46960526732674
114.62388408103503
114.70151223957347
114.70151223957347
114.71228139264373
114.71228139264373
114.76438444573266
114.76438444573266
114.76438444573266
114.8155289434693
114.85387889919176
114.91278294934503
115.06199917312581
115.14071728206153
115.25500175486555
115.25500175486555
115.38802274325316
115.38802274325316
115.38802274325316
115.50453584675492
115.50453584675492
115.63254498572492
115.70064612939545
115.70064612939545
115.84179766702023
115.84179766702023
115.97867279435006
116.08220509872102
116.11667551309353
116.19520315438807
116.19520315438807
116.19520315438807
116.24594359767306
116.60138740309007
116.67840200128792
116.77080088400075
116.77080088400075
116.77080088400075
116.77080088400075
116.89650039459842
116.97256569580502
117.22002330472584
117.2799692774921
117.2799692774921
117.2799692774921
117.30405042045524
117.57817682822987
117.74132484766497
117.7781403950205
117.79826331716919
117.79826331716919
117.94638466277762
118.2404707099185
118.2404707099185
118.32644806607713
118.32644806607713
118.44256437760475
118.44256437760475
118.62941519943413
118.68377758538836
118.68377758538836
118.76031865680932
118.84624533129403
118.85871185422911
118.85871185422911
118.85871185422911
118.85871185422911
118.99214478989873
119.15879239477906
119.24850588354293
119.39050766609881
119.39050766609881
119.39050766609881
119.49205640739525
119.5335607084525
119.53614641097491
119.53614641097491
119.53614641097491
119.53614641097491
119.53614641097491
119.53614641097491
119.54085030790104
119.54085030790104
119.54085030790104
119.64586021008896
119.64586021008896
119.74189241658799
119.74189241658799
119.74189241658799
119.74189241658799
119.74189241658799
119.74189241658799
119.74189241658799
119.74189241658799
119.74189241658799
119.74189241658799
119.74189241658799
119.74189241658799
119.78083563865336
119.81388754171708
119.91174112741955
119.93595024661144
119.94024831498355
119.94991967396213
119.94991967396213
119.94991967396213
119.94991967396213
120.09171331276441
120.09171331276441
120.21963067988682
120.32949892526223
120.38807593505729
120.38807593505729
120.38807593505729
120.38807593505729
120.42662773884769
120.48299603782691
120.55620589626382
120.55620589626382
120.5651131058973
120.5651131058973
120.5651131058973
120.5651131058973
120.58269724871118
120.59658324159741
120.7547141628819
120.7547141628819
120.91098154337169
120.91098154337169
120.91098154337169
120.91098154337169
120.91098154337169
120.91098154337169
121.18203789905276
121.24042725939984
121.38748757733202
121.51248127315017
121.51248127315017
121.51248127315017
121.67332519755658
121.67332519755658
121.67332519755658
121.67332519755658
121.67332519755658
121.67332519755658
121.67332519755658
121.67332519755658
121.74517813541256
121.80045927059841
121.80045927059841
121.8448292620506
121.8448292620506
121.99178445899014
122.09313309379367
122.09313309379367
122.09313309379367
122.09313309379367
122.09313309379367
122.10709265056222
122.10709265056222
122.10709265056222
122.10709265056222
122.16083468587496
122.16083468587496
122.16083468587496
122.2477858350741
122.42226979529639
122.42226979529639
122.67392599929406
122.67651308470435
122.67651308470435
122.67651308470435
122.67651308470435
122.67651308470435
122.88512770371601
122.91774690533047
123.10090989131506
123.10090989131506
123.10090989131506
123.14241030714342
123.14241030714342
123.19211317750442
123.36499316553748
123.36499316553748
123.36499316553748
123.36499316553748
123.62522149709213
123.65334544529796
123.65334544529796
123.78522648952199
123.78522648952199
123.78522648952199
123.78522648952199
123.83814086467046
123.83814086467046
123.83814086467046
123.83814086467046
123.83814086467046
123.88980106914968
123.88980106914968
123.9277304638644
123.9277304638644
123.92807523485818
