0.48835357710755445
0.48835357710755445
1.040600068488955
1.79729436472246
1.9938336277322832
2.3927839825975683
2.799835577057804
2.860426655569526
3.1950147836861675
3.1950147836861675
3.8634338611159436
4.621001199340483
5.436438355593157
5.949939455119017
6.5070073430571425
6.79290923022302
7.277014719946659
8.090191713382648
8.328689558836151
8.510314252455828
9.398103668476615
9.561905013653963
10.100777522143735
10.593494882435056
10.669233229861728
10.89544258825322
11.286620415112024
11.794226323549006
12.464398920234053
12.816569518428603
13.580743144629196
14.074687314163484
14.399995942772447
14.658916640040552
14.974191303060877
15.77189978026859
15.984882801809672
16.67623933560857
17.01177650089178
17.478917326384995
17.738136122083933
17.892917309408148
18.233837605460085
18.856483774344884
19.007300848622705
19.16841388056429
19.16841388056429
19.639491522934048
19.767217073226362
20.48411698778352
20.974431692270784
20.974431692270784
21.924443672328692
22.587758350572027
22.841003611218717
23.23818823027569
23.331472182573897
23.401803401436872
24.00670166740694
24.698470584827543
25.47842732355072
25.942672855804254
26.01508591412209
26.57017219964125
26.922649380761946
27.553179013875454
27.757754991282525
28.092960773946402
28.234185119390993
28.772440464436503
29.39614313293891
29.963611058937843
30.497094999083167
30.757936087268433
31.03397113987303
31.585575771642468
31.782893593967817
31.968856303909487
32.348635844661814
32.348635844661814
32.348635844661814
32.64971477663162
33.34164382124042
33.80925478826936
34.18186742064107
34.64997450459913
35.12243168233108
35.44585184720766
36.0473387577929
36.69406928935404
37.493884267677245
38.14918930587836
38.14918930587836
38.14918930587836
38.594429962603876
38.594429962603876
38.594429962603876
39.277793760469486
39.62007831415659
39.62007831415659
40.00644606156356
40.00644606156356
40.25408821157155
40.51561330949013
40.51561330949013
40.69429233309428
40.69429233309428
40.8451883577091
41.013508319524604
41.19914280535524
41.19914280535524
41.54023402949024
41.963611099263666
42.45555225511374
42.45555225511374
42.71213469992011
42.79942906368428
42.94164202753394
43.04561078252292
43.66476359298409
43.66476359298409
44.034114424741894
44.55209880728075
44.93781139026372
45.00513749498728
45.15969585954382
45.19466352963399
45.4411558771703
45.62980248991904
45.62980248991904
45.85797754011987
45.85797754011987
46.11389064235505
46.324404709694754
46.58230487464474
46.95902473165674
47.39235051520018
47.636857846246215
47.636857846246215
47.636857846246215
47.68632959296219
48.265040630411605
48.46310551516811
48.65949413283726
48.720437850999815
49.11031150809228
49.54859484493073
49.97967345396306
49.97967345396306
50.24105438008831
50.43026187371385
50.757516611545505
51.14928461773129
51.22958963003532
51.583822049186544
51.94845478121699
51.94845478121699
52.26703230098571
52.51444550956013
52.60149510386497
52.65434438160115
52.66437231230831
52.94404993957443
53.27264685281219
53.51725956069615
53.71481205038185
53.99931966957634
54.32894620261461
54.471478537693166
54.54528871299033
54.9596088691086
54.9596088691086
55.10006414688198
55.50157681009421
55.584941280664374
55.74831436093885
56.32095907965513
56.608243260329374
56.810003819622914
56.810003819622914
57.116026502316444
57.116026502316444
57.38251634408852
57.89488581830166
58.4119509173633
59.0084498475895
59.0084498475895
59.35752330106092
59.48948948526439
59.83838350987257
60.28000248164293
60.63556463947113
60.9936297676263
60.9936297676263
60.9936297676263
60.9936297676263
61.10772566682687
61.10772566682687
61.10772566682687
61.29247599360303
61.526238481041545
61.67545660461545
61.87656398527119
61.9436415524075
62.242983850057435
62.242983850057435
62.42235654627358
62.704139372933334
62.704139372933334
62.86918824165645
63.04034337840876
63.27832038360334
63.27832038360334
63.44943557150586
63.44943557150586
63.48295349856836
63.66076245253456
63.75974459115629
63.78229599319188
63.78229599319188
64.16313169099269
64.21767579016885
64.29935919534296
64.29935919534296
64.29935919534296
64.52009851565839
64.78508698790026
64.81245280259584
65.02784924346314
65.35720910539604
65.63318927202481
65.63318927202481
66.33801035925421
66.55861402906676
66.5622298085946
66.73116572815184
66.73116572815184
66.99988382267448
67.16763137462111
67.23530854041284
67.2868326652284
67.29187339221887
67.29187339221887
67.42981286909213
67.63978777981944
67.63978777981944
67.63978777981944
67.79487208390402
68.03251535167809
68.03251535167809
68.03251535167809
68.03251535167809
68.43983880556969
68.53041632637606
68.65634661885359
68.87935416568666
68.94420928812033
68.94420928812033
69.1059255221524
69.5135242789595
69.5135242789595
69.856895853524
69.89996181216668
70.19519296095773
70.64632492824468
70.64632492824468
70.64632492824468
70.7917252486668
70.7917252486668
70.98539211308608
70.98539211308608
70.98539211308608
70.98539211308608
71.4191045359332
71.4191045359332
71.89511918204293
71.99272454041605
71.9959742703054
71.9959742703054
71.9959742703054
72.22184687435794
72.45223110154544
72.69050354869928
72.87041939242603
73.02458021754043
73.05320722102424
73.05320722102424
73.05320722102424
73.05320722102424
73.05320722102424
73.05320722102424
73.38303850430373
73.38303850430373
73.38303850430373
73.38303850430373
73.38303850430373
73.38303850430373
73.38303850430373
73.6277541953064
73.6277541953064
73.6277541953064
73.6277541953064
73.6277541953064
73.67969589387542
73.67969589387542
73.68317459079137
73.78623825512018
73.82858834739386
73.82858834739386
74.0347200606171
74.23138762629506
74.23138762629506
74.4640168808772
74.4640168808772
74.4640168808772
74.55799051230831
74.67419053080363
75.10282227678225
75.12727489649969
75.12727489649969
75.12727489649969
75.12727489649969
75.12727489649969
75.15470530607786
75.15470530607786
75.36571837446975
75.54585147403236
75.6847476744565
75.6847476744565
75.8185997800482
75.8185997800482
75.8185997800482
75.87731411525621
76.00461024548191
76.05647901819108
76.05647901819108
76.20112334596246
76.39410476124242
76.39410476124242
76.39410476124242
76.39410476124242
76.66266567511532
76.66266567511532
76.66266567511532
76.69852706349121
76.84463558941854
76.95002109311088
76.95002109311088
77.06479972257972
77.25769139607186
77.38074048387962
77.38074048387962
77.61949116775544
77.6787381536204
77.80228094248163
77.80228094248163
77.89257334260631
78.23630981842169
78.23630981842169
78.4058851026922
78.4058851026922
78.4058851026922
78.4058851026922
78.56457616209102
78.56457616209102
78.6503712765974
78.6503712765974
78.6503712765974
78.6503712765974
78.6503712765974
78.6503712765974
78.69989602849942
78.90713651241236
78.90713651241236
78.90713651241236
78.90713651241236
78.90713651241236
78.90713651241236
79.11528868315517
79.16942455467894
79.16942455467894
79.40602980099841
79.40602980099841
79.40602980099841
79.49304100675819
79.51120163228342
79.51120163228342
79.51120163228342
79.51120163228342
79.51120163228342
79.57007935760426
79.85980125277854
79.85980125277854
79.85980125277854
79.85980125277854
80.0975518697963
80.0975518697963
80.0975518697963
80.09989493261742
80.11129209936553
80.53458252968714
80.58659508538437
80.81039451951126
80.81039451951126
81.01136649589395
81.33619198764633
81.42722523570757
81.71151786568022
81.71151786568022
81.71151786568022
81.92170040478871
82.13742148115792
82.46038062782316
82.46038062782316
82.64569174322415
82.7495141451079
82.88823144958519
83.00420950210612
83.00420950210612
83.06656762930079
83.06656762930079
83.24230567799583
83.50684877300887
83.51328332287878
83.66466122981383
83.66466122981383
83.70498723924129
83.70498723924129
83.98744847117786
84.25509111572403
84.25509111572403
84.25509111572403
84.4357190992541
84.50693231641753
84.59036800022066
84.59036800022066
84.59036800022066
85.1983395046263
85.29714726183136
85.49412819214056
85.51112095306316
85.59224832608483
85.59224832608483
85.63764414651286
85.85461752487866
86.00899883857682
86.00899883857682
86.00899883857682
86.00899883857682
86.16313118119669
86.34826088798775
86.55941473051567
86.98670729562426
86.98670729562426
87.19931742507605
87.19931742507605
87.69142161285932
87.82727528824336
87.90366637609004
88.11738769714647
88.11738769714647
88.36239468118778
88.46596673915876
88.46596673915876
88.46596673915876
88.64825094523415
88.88765756198133
88.88765756198133
89.04463676533862
89.40551016166496
89.50416273561895
89.50416273561895
89.57644701713994
89.84168546823183
89.9850474079572
90.2312289822755
90.31417562442856
90.31417562442856
90.5688894942672
90.5688894942672
90.6332380903228
90.6332380903228
90.85259530226372
91.10530975515674
91.10530975515674
91.10530975515674
91.44056745731477
91.44056745731477
91.44056745731477
91.55518774834269
91.7849677554816
91.80368864170836
91.90659242870227
91.9362126703112
91.9362126703112
91.9362126703112
91.9362126703112
92.16698966346632
92.29320113386348
92.3676435713228
92.66957104104169
92.66957104104169
92.66957104104169
92.96965274008716
93.32230860972415
93.6156163955908
93.73291004513418
93.73291004513418
93.73291004513418
93.79758072047076
93.91345495750573
94.22453385120868
94.3937664099985
94.3937664099985
94.3937664099985
94.3937664099985
94.51163183047568
94.70947534281571
94.74466251957222
94.74466251957222
95.14673590095708
95.14673590095708
95.38980079526942
95.72017447705667
95.79443082278584
95.83650303543435
95.83650303543435
95.83650303543435
95.89980771188068
95.89980771188068
95.9682244722816
96.20664548181898
96.20664548181898
96.393309420414
96.62787408030414
96.62787408030414
96.62787408030414
96.62787408030414
96.62787408030414
96.67293820526329
96.67293820526329
96.67293820526329
96.77223385423251
97.09680416964021
97.22169176973352
97.26568861014788
97.26956755715803
97.30554570665726
97.37362855895644
97.37362855895644
97.37362855895644
97.37362855895644
97.37362855895644
97.56689036858286
97.5918270841475
97.63851756937308
97.80570319465453
97.80570319465453
97.80570319465453
97.80570319465453
97.86539162789177
97.86539162789177
98.29841456119108
98.29841456119108
98.29841456119108
98.41352232962386
98.41352232962386
98.41352232962386
98.5568536711813
98.5568536711813
98.57708584754413
98.59845855953927
98.68799309906677
98.8379348668314
99.04539089748779
99.04539089748779
99.04539089748779
99.12520202975924
99.18828999448112
99.62152945254475
99.69044809436849
99.75349077006216
99.75349077006216
99.75349077006216
99.8027228917236
99.8027228917236
99.8027228917236
99.8027228917236
99.8027228917236
99.87084118003203
100.08587807132938
100.20071228129595
100.20071228129595
100.20893702814116
100.20893702814116
100.20893702814116
100.20893702814116
100.20893702814116
100.20893702814116
100.20893702814116
100.20893702814116
100.3989269621976
100.60637583374222
100.74697660391303
100.88257704866409
100.88257704866409
100.88257704866409
101.04677245441954
101.04677245441954
101.04677245441954
101.30316298922304
101.30316298922304
101.30316298922304
101.4934987513245
101.58576837262419
101.58576837262419
101.79936331629445
101.79936331629445
101.82397152148322
101.84423717467892
101.84423717467892
101.97375379561609
101.97375379561609
102.33660740349892
102.44474700641528
102.62365158592851
102.68810768873479
102.76771323099393
102.76771323099393
102.77867396466534
102.77867396466534
103.0118415352539
103.09564379448359
103.09564379448359
103.09564379448359
103.09564379448359
103.37304870803
103.37304870803
103.37710936350749
103.4101785708166
103.47586518127179
103.47586518127179
103.47586518127179
103.47586518127179
103.47586518127179
103.47586518127179
103.68303803807116
103.68303803807116
103.68303803807116
103.70453963897975
103.70453963897975
103.70453963897975
103.92926629713833
103.92926629713833
103.97361925089277
104.20947213937704
104.20947213937704
104.20947213937704
104.20947213937704
104.20947213937704
104.20947213937704
104.20947213937704
104.2235207314147
104.2235207314147
104.2235207314147
104.2235207314147
104.30703736463126
104.30703736463126
104.30703736463126
104.30703736463126
104.36746281913497
104.36746281913497
104.5045050826464
104.5045050826464
104.5045050826464
104.5045050826464
104.7479753482044
104.7479753482044
104.7479753482044
105.04995477998193
105.08351396087618
105.08351396087618
105.14126943483716
105.14126943483716
105.14126943483716
105.14126943483716
105.18411487928245
105.24890767797125
105.28604862168298
105.33855403621598
105.34090289451034
105.41594262754911
105.57578655025861
105.57578655025861
105.57578655025861
105.67190453931661
105.89597765890845
105.92404417484434
105.92404417484434
105.92404417484434
106.04055618370003
106.04055618370003
106.11429743978249
106.11429743978249
106.11429743978249
106.1633177091506
106.1633177091506
106.1633177091506
106.18248560804821
106.3442732132341
106.3442732132341
106.3442732132341
106.3817165746665
106.3817165746665
106.57772785835387
106.59205318141028
106.59205318141028
106.59205318141028
106.59205318141028
106.59435421211535
106.59435421211535
106.59435421211535
106.70575705754955
106.70575705754955
106.81790542832127
106.97136678462402
106.97136678462402
107.00483667926785
107.00483667926785
107.03623920829804
107.03623920829804
107.05319488031523
107.09009889626641
107.09009889626641
107.09009889626641
107.09009889626641
107.20507281588414
107.20507281588414
107.29206106067502
107.29206106067502
107.29206106067502
107.29206106067502
107.29206106067502
107.34032910317683
107.34307442773344
107.50409375889416
107.50409375889416
107.82205273550309
107.95057376584884
107.95057376584884
107.95057376584884
108.09864036566442
108.1432603018417
108.2845868858783
108.2845868858783
108.2845868858783
108.36761440577436
108.44407006494991
108.44407006494991
108.4955301493239
108.4955301493239
108.59687513783115
108.59687513783115
108.59687513783115
108.63365502093036
108.63365502093036
108.69649365772449
108.87583109383144
108.87583109383144
108.87583109383144
108.87583109383144
108.87583109383144
108.87583109383144
108.87583109383144
108.87583109383144
109.07436764169293
109.16719483218122
109.16719483218122
109.16719483218122
109.3580770275787
109.4109283189679
109.42962722450592
109.42962722450592
109.42962722450592
109.4395951560747
109.4739370000133
109.58372379598936
109.58372379598936
109.59068263948954
109.8177483845037
110.12926272652687
110.20296611007133
110.41507130314356
110.41507130314356
110.58851954129139
110.69246958980126
110.7045816598578
110.7045816598578
110.83023356975103
111.02934789178472
111.02934789178472
111.03073709594919
111.11498316066509
111.11498316066509
111.11498316066509
111.15451016472224
111.15451016472224
111.15451016472224
111.25132491362636
111.29475870459206
111.29475870459206
111.43424544543046
111.69458742252314
111.69458742252314
111.69458742252314
111.69458742252314
112.0136212285042
112.0136212285042
112.0136212285042
112.0136212285042
112.13772817381528
112.13772817381528
112.13772817381528
112.20062505095854
112.26912442819655
112.26912442819655
112.26912442819655
112.26912442819655
112.26912442819655
112.26912442819655
112.37282911028394
112.37282911028394
112.39059176723131
112.42069404227946
112.4983191705954
112.50142474557705
112.51366275728033
112.51366275728033
112.54879072998335
112.55246121534478
112.58593602148379
112.70947336378252
112.70947336378252
112.70947336378252
112.70947336378252
112.70947336378252
112.92791764293406
112.92791764293406
112.92791764293406
112.92791764293406
112.92791764293406
112.92791764293406
113.16266649560136
113.20722817127513
113.35516200979201
113.35516200979201
113.41650197433091
113.41650197433091
113.43408817163917
113.43408817163917
113.50663961622799
113.50663961622799
113.54029357142267
113.54029357142267
113.54029357142267
113.54029357142267
113.54029357142267
113.54029357142267
113.54029357142267
113.54029357142267
113.54029357142267
113.54029357142267
113.64402793485112
113.64402793485112
113.64402793485112
113.85608466516025
113.85608466516025
113.85608466516025
113.95105172654411
113.95105172654411
114.16465263260838
114.16465263260838
114.25522054992229
114.25522054992229
114.27636243876411
114.48196796875872
114.48196796875872
114.48196796875872
114.48196796875872
114.48196796875872
114.48320830132626
114.48320830132626
114.53788509326874
114.53788509326874
114.53788509326874
114.53788509326874
114.54523613052922
114.56840963957772
114.56840963957772
114.81406631244782
114.81406631244782
114.81406631244782
114.81406631244782
114.81406631244782
114.81406631244782
114.81406631244782
114.95083202012451
114.95083202012451
115.10974933105342
115.13052636833969
115.13052636833969
115.13052636833969
115.13052636833969
115.17388569303226
115.19155344609158
115.42224618532335
115.5443910765004
115.8534132148212
115.8534132148212
115.85434385048369
115.8844870079641
115.8844870079641
116.09253284066146
116.41854671350234
116.41854671350234
116.41854671350234
116.41854671350234
116.4747957754658
116.4747957754658
116.4747957754658
116.4747957754658
116.4747957754658
116.4747957754658
116.62581285718039
116.83182238993197
116.83182238993197
116.83182238993197
116.83182238993197
116.83182238993197
116.83996570580955
116.83996570580955
116.95858690339495
117.28926265000175
117.30226236898395
117.54430077262374
117.67599077614608
117.71648862235087
117.71648862235087
117.71648862235087
117.9750135690362
117.99459174647006
117.99459174647006
117.99459174647006
117.99459174647006
117.99459174647006
118.17597643752308
118.17597643752308
118.21140171786864
118.31548732179586
118.31548732179586
118.46529318624897
118.46529318624897
118.46529318624897
118.46529318624897
118.46529318624897
118.46529318624897
118.46529318624897
118.46529318624897
118.46529318624897
118.63934525955005
118.63934525955005
118.63934525955005
118.63934525955005
118.79774195383081
118.79774195383081
118.85759045527742
118.85759045527742
118.85759045527742
118.85759045527742
118.91223904410845
118.91223904410845
118.91223904410845
119.11137162908223
119.11137162908223
119.17044303893331
119.17044303893331
119.57136045420488
119.57136045420488
119.57136045420488
119.57136045420488
119.57136045420488
119.57136045420488
119.57136045420488
119.57136045420488
119.57136045420488
119.57136045420488
119.64569869887124
119.64569869887124
119.64569869887124
119.64569869887124
