0.6012141736506429
1.1889993102248733
1.4759625406020107
1.782416033589974
2.1907190120477313
2.481300291227953
2.833383675866302
3.049116903704103
3.429432100245816
3.7932674003601132
3.88072068251725
4.2654269931089335
4.599288889367765
4.748626372579796
5.023060158995778
5.376784641372616
5.4560958665849455
5.889084820215388
6.434499509367794
6.943754604281634
7.3612747302835935
7.845077594660753
8.248438921673568
8.517887543462358
8.72964693910229
9.247447187495414
9.720808037906947
9.8482326851838
10.667750933668696
10.899391704496898
11.37673007764869
11.774688098615428
12.322079300100066
12.710938985180228
13.330434807192008
13.793773477108392
13.793773477108392
14.190232614928716
14.421296886676657
14.803475105096265
14.972584907290699
15.411573133869952
15.641972830405518
15.641972830405518
15.978495691465232
16.315884716573507
16.665415841718005
16.862684584085372
17.275536452698915
17.32176868198284
17.640934485958603
17.87555228161345
17.93480455110898
18.074401813825524
18.074401813825524
18.152166112363883
18.37977753995082
18.537120973036235
18.68304809991677
18.98796880281691
19.114740517226995
19.25896236181579
19.523944256135096
19.785422848670365
19.785422848670365
19.986560009221325
20.089208725074815
20.29039669416958
20.470695531463946
20.882353991109905
21.09269185705553
21.09269185705553
21.140282987679363
21.140282987679363
21.140282987679363
21.401474107746186
21.586669724273808
21.864744100688682
21.864744100688682
21.91826759032407
22.33292440687011
22.483532918478694
22.81428872371707
22.845179778940697
22.94685269984978
22.94685269984978
22.94685269984978
22.94685269984978
23.272083960450583
23.365183345011786
23.374354338971738
23.409971953631707
23.67439682703134
23.67439682703134
23.896318970889027
23.896318970889027
23.896318970889027
23.896318970889027
24.050128536335077
24.050128536335077
24.055948252051298
24.549964646874802
24.625107884379865
24.67088805840024
24.894792920240636
25.06085194678661
25.309486422610377
25.521441590937943
25.670881665812715
25.964271879152623
26.005542148298918
26.146887604681233
26.146887604681233
26.146887604681233
26.146887604681233
26.146887604681233
26.343877943578146
26.685943404723535
26.799707784123346
26.799707784123346
27.09060513652008
27.231478619842836
27.231478619842836
27.674387968111606
27.674387968111606
27.674387968111606
27.674387968111606
27.674387968111606
27.81811271818529
27.83205261928994
27.871115669436687
27.871115669436687
28.39839429973006
28.60092857925131
28.76998194585802
28.99241971373242
29.05523262437348
29.05523262437348
29.05523262437348
29.45526718157544
29.598429124107714
29.598429124107714
30.047988152616394
30.500723591712205
30.517448714203802
30.517448714203802
30.517448714203802
30.728653306220323
30.904383750604612
31.26557055602289
31.26557055602289
31.444633248554858
31.444633248554858
31.724896847684313
31.857754460777556
32.3645034834778
32.3645034834778
32.3879580160754
32.3879580160754
32.43472765896365
32.462888684815496
32.52447520750142
32.65509147352834
32.716667974208896
32.82254942059232
32.82254942059232
32.82254942059232
33.16822098676334
33.319281904517275
33.37956298580807
33.40254769944361
33.63116777552641
33.78336850280371
33.851713738763245
33.985159957061924
34.03232709058337
34.03232709058337
34.21997526927864
34.47575312829176
34.58754669008506
34.877155669182834
34.877155669182834
34.877155669182834
34.877155669182834
35.0709149288039
35.0709149288039
35.085319056200234
35.22435634483173
35.22435634483173
35.32919424837842
35.37156639759737
35.37156639759737
35.486161810560176
35.496454637119186
35.63325743790655
35.63325743790655
35.63325743790655
35.63880136127114
36.047393812654754
36.047393812654754
36.059700319232164
36.17071496756958
36.5900651535404
36.5900651535404
36.97024867673746
36.97024867673746
37.05854581610484
37.05854581610484
37.07735000643261
37.318584965403375
37.385524754040915
37.385524754040915
37.50970965529829
37.53713214895147
37.641148997110555
37.641148997110555
37.964771120373165
38.00949209248285
38.328246591665746
38.345658831576145
38.45343137083827
38.630722267633374
38.73329305531701
38.96435764682521
39.076622832319686
39.076622832319686
39.29750896523931
39.47162025785579
39.58761290825212
39.64971093362371
39.64971093362371
39.64971093362371
39.64971093362371
39.64971093362371
39.72398871867984
39.84344290831432
40.168924333936275
40.28764905237415
40.28764905237415
40.54189422101947
40.832348148712796
40.96826784620552
40.96826784620552
41.12432909331544
41.19238696794641
41.4731127597419
41.4817801705905
41.60029159749471
41.62823491154592
41.62823491154592
41.65538552056128
41.65538552056128
42.10075843342759
42.286414549968654
42.34567284873041
42.55368718177045
42.70151666256046
42.70151666256046
42.72430977763563
42.80317298279341
42.97749877036204
42.97749877036204
43.179324107979
43.45127787059822
43.50681213616961
43.66411420762249
43.87690736612874
43.932717148247335
44.10896130899174
44.19021187677623
44.19021187677623
44.39125807513805
44.55692703506767
44.78744022029155
44.80242665290555
45.003563277977115
45.14471604568773
45.14471604568773
45.14471604568773
45.14471604568773
45.487197496193666
45.61502681675047
45.81510761623813
45.81510761623813
45.89852073228249
45.89852073228249
45.99009460432246
46.080159097491794
46.276352288594694
46.276352288594694
46.450492519103406
46.65431307044262
46.65431307044262
46.7331590684789
46.922555141708756
46.922555141708756
46.922555141708756
47.17821565834285
47.278559408665934
47.47358229925599
47.60057714186295
47.60057714186295
47.671295386648154
47.6781505254286
47.80857610993378
47.968865419836135
47.968865419836135
47.968865419836135
47.968865419836135
47.968865419836135
48.06920630653377
48.06920630653377
48.06920630653377
48.093445004763005
48.16284780314278
48.16284780314278
48.16284780314278
48.16284780314278
48.41143603984379
48.41143603984379
48.43301377582649
48.59064922922552
48.59968442652394
48.59968442652394
48.681108276022314
48.84944930236465
49.132959071335726
49.27575599393776
49.5250231395593
49.60641805505401
49.60641805505401
49.60641805505401
49.693484868647396
49.693484868647396
49.693484868647396
49.752243266752004
49.79606501971997
49.95112124648625
49.95112124648625
49.95112124648625
50.10182056497438
50.10182056497438
50.10182056497438
50.10182056497438
50.24938940273799
50.24938940273799
50.35558057861503
50.35558057861503
50.39849551673131
50.583174183784045
50.60697676479421
50.65548306967829
50.65548306967829
50.92736353632659
50.92736353632659
50.92736353632659
50.92736353632659
51.12647093910487
51.30391982745425
51.30391982745425
51.42111720724255
51.42111720724255
51.52886967183918
51.52886967183918
51.52886967183918
51.52886967183918
51.52886967183918
51.52886967183918
51.558028747916744
51.558028747916744
51.57049360138357
51.57049360138357
51.747727526775854
51.747727526775854
51.872100431807496
51.872100431807496
51.87931405206636
52.23668443798163
52.29914442269523
52.31160292674659
52.67071299505997
52.67071299505997
52.67071299505997
52.67071299505997
52.67071299505997
52.770307450821534
52.92088160629294
52.92088160629294
52.92088160629294
52.99927731533389
52.99927731533389
52.99927731533389
52.99927731533389
53.050955239028546
53.050955239028546
53.050955239028546
53.050955239028546
53.19132819702106
53.19132819702106
53.248744387436766
53.35015368551941
53.46732965213626
53.65597521684061
53.83915935856131
53.83915935856131
53.90342368237174
53.91703535107988
53.91703535107988
54.06112392938405
54.178655036826115
54.38531729961761
54.38531729961761
54.38531729961761
54.38531729961761
54.491462401784446
54.491462401784446
54.58763453888158
54.58763453888158
54.58763453888158
54.58763453888158
54.58763453888158
54.65892745301432
54.69768341192472
54.69768341192472
54.76722172287404
54.83614799647493
54.83614799647493
54.83614799647493
54.83614799647493
54.83614799647493
54.837270517432685
54.85388675588797
54.85388675588797
55.042396331600806
55.15176372301995
55.15176372301995
55.15176372301995
55.20198567955457
55.20198567955457
55.33726175194923
55.33726175194923
55.33726175194923
55.33726175194923
55.33726175194923
55.33726175194923
55.338226643439725
55.338226643439725
55.42971482428424
55.614663125152745
55.78159962723372
55.842119954631016
55.842119954631016
55.85703593049367
55.937389843455435
55.9600396726682
56.01552352266361
56.108818676772096
56.456916908649596
56.456916908649596
56.46070058987889
56.60170993759506
56.60170993759506
56.60170993759506
56.682003632578386
56.682003632578386
56.682003632578386
56.74713351536177
56.74713351536177
56.75745508909867
56.75745508909867
56.855466714115266
56.855466714115266
56.855466714115266
56.855466714115266
56.855466714115266
56.87339668654262
56.87339668654262
56.93356340695327
56.93356340695327
56.93356340695327
56.95793060285016
56.9977297305136
56.9977297305136
56.9977297305136
56.9977297305136
56.9977297305136
56.9977297305136
56.9977297305136
56.9977297305136
57.04781066101905
57.08797018942048
57.409780093508765
57.498846309726304
57.498846309726304
57.498846309726304
57.51030191453428
57.51030191453428
57.523041507245765
57.575179808047224
57.5764480670884
57.63455362768001
57.6449929212089
57.6449929212089
57.6449929212089
57.78878975798157
57.78878975798157
57.78878975798157
57.78878975798157
57.78878975798157
57.78878975798157
57.78878975798157
57.78878975798157
57.82659450060483
57.82659450060483
57.828346852725986
57.94287559507889
58.07660274437422
58.12118728461069
58.1704491800576
58.437781610009054
58.437781610009054
58.437781610009054
58.437781610009054
58.50455440206491
58.6578314277539
58.6578314277539
58.76583950721346
58.76583950721346
58.76583950721346
58.76583950721346
58.82028760862181
58.82028760862181
58.82028760862181
58.82028760862181
58.926115781909616
58.959754404615595
59.057856520974056
59.08592779494678
59.08592779494678
59.196186548302286
59.3286244209532
59.3286244209532
59.459219249723695
59.459219249723695
59.459219249723695
59.459219249723695
59.459219249723695
59.58036267871615
59.600489562503434
59.63253345008764
59.63253345008764
59.63253345008764
59.6692058213715
59.73793868223211
59.73793868223211
59.73793868223211
59.73793868223211
59.73793868223211
59.76263827052281
59.76263827052281
59.86169634654345
59.86169634654345
59.86169634654345
59.87320389781502
59.91798766124284
59.93985139355832
59.95159243227046
59.95159243227046
59.95159243227046
59.95159243227046
59.95159243227046
60.17152082242756
60.31918998758777
60.31918998758777
60.32275033497226
60.32275033497226
60.32275033497226
60.32275033497226
60.32275033497226
60.32275033497226
60.41939713831497
60.41939713831497
60.41996171876556
60.420725136457776
60.420725136457776
60.420725136457776
60.44908705152441
60.44908705152441
60.44908705152441
60.44908705152441
60.44908705152441
60.44908705152441
60.47796035635651
60.539225832394884
60.55017479739342
60.55017479739342
60.55017479739342
60.55017479739342
60.55017479739342
60.58631474831035
60.63517161246994
60.63517161246994
60.67201797818428
60.76806406889326
60.8083645800005
60.95784876011823
60.95784876011823
60.95784876011823
61.04451673501263
61.04451673501263
61.04451673501263
61.04451673501263
61.19771680028543
61.34262184513483
61.34262184513483
61.510587922002934
61.510587922002934
61.510587922002934
61.55220884596264
61.627011279503265
61.627011279503265
61.627011279503265
61.627011279503265
61.627011279503265
61.627011279503265
61.627011279503265
61.627011279503265
61.627011279503265
61.627011279503265
61.627011279503265
61.627011279503265
61.808962528526436
61.808962528526436
61.808962528526436
61.838192224848335
61.885677971304666
61.885677971304666
61.99650004228753
62.04425977168917
62.21064167648771
62.21064167648771
62.21064167648771
62.21064167648771
62.25106599171132
62.25106599171132
62.25106599171132
62.25106599171132
62.30433345779178
62.32408196332939
62.32408196332939
62.32408196332939
62.32408196332939
62.401970412294894
62.401970412294894
62.401970412294894
62.401970412294894
62.401970412294894
62.487769884373876
62.487769884373876
62.500911637501424
62.500911637501424
62.500911637501424
62.500911637501424
62.500911637501424
62.607641223966304
62.607641223966304
62.661273903577474
62.661273903577474
62.79670215946106
62.88864765933905
62.88864765933905
62.90672161917572
62.90672161917572
62.90672161917572
62.90672161917572
62.90672161917572
62.94332823024527
62.94332823024527
63.12947730471787
63.13597026665402
63.13597026665402
63.13597026665402
63.144980924106996
63.144980924106996
63.17590441216564
63.21582420507017
63.21582420507017
63.21582420507017
63.21582420507017
63.21582420507017
63.21582420507017
63.21582420507017
63.31487858551231
63.366938329482764
63.37202169028294
63.37202169028294
63.53398537876458
63.53398537876458
63.53398537876458
63.53398537876458
63.660393468127495
63.660393468127495
63.74423092561955
63.8393017613806
63.97959051460197
63.97959051460197
64.09020715339847
64.09020715339847
64.09020715339847
64.16070393024008
64.16070393024008
64.16070393024008
64.16070393024008
64.17266426398865
64.2518318160494
64.2518318160494
64.2518318160494
64.2518318160494
64.2518318160494
64.2518318160494
64.37174923216958
64.37174923216958
64.37174923216958
64.37174923216958
64.37174923216958
64.37174923216958
64.37174923216958
64.45103481544095
64.58282323490998
64.65891692529122
64.78805038019256
64.78805038019256
64.84466370174299
64.92911261272363
64.92911261272363
64.92911261272363
65.01796785258135
65.14040488443135
65.14040488443135
65.14040488443135
65.31591867818203
65.31591867818203
65.55124783981202
65.59189006547173
65.59189006547173
65.59189006547173
65.61048639283356
65.692651240356
65.692651240356
65.81004704214332
65.81004704214332
65.8967902507092
65.8967902507092
65.8967902507092
66.00487478185794
66.00487478185794
66.00487478185794
66.18305896050175
66.18305896050175
66.25930237021375
66.25930237021375
66.28305324374847
66.28324746257574
66.42813713283248
66.45728713856303
66.45728713856303
66.45728713856303
66.45728713856303
66.45728713856303
66.45728713856303
66.55868741191615
66.55868741191615
66.55868741191615
66.56329421275257
66.56329421275257
66.56329421275257
66.66530156304306
66.68970916392279
66.68970916392279
66.68970916392279
66.92414823659912
67.17555371603812
67.24866273213131
67.24866273213131
67.24866273213131
67.33056221373745
67.33056221373745
67.33056221373745
67.33056221373745
67.33056221373745
67.33056221373745
67.42280504109333
67.42280504109333
67.42280504109333
67.42280504109333
67.47691455897596
67.47691455897596
67.47691455897596
67.47691455897596
67.47691455897596
67.62449910055105
67.82270696483194
67.9180529378468
67.9180529378468
67.9180529378468
67.9180529378468
67.9180529378468
68.11312705134715
68.11312705134715
68.12836014438726
68.27046462282792
68.33402684665468
68.33402684665468
68.33402684665468
68.46839582325084
68.52157671063704
68.56051919766522
68.56051919766522
68.69224911568203
68.69224911568203
68.85220445919146
68.89573566984996
68.89573566984996
68.89573566984996
68.99549565392225
68.99549565392225
69.02744167255928
69.02744167255928
69.03395393308332
69.03395393308332
69.03395393308332
69.03395393308332
69.03395393308332
69.0888301883934
69.11539909277519
69.11539909277519
69.11539909277519
69.11539909277519
69.11539909277519
69.11539909277519
69.11539909277519
69.11539909277519
69.22531291213983
69.22531291213983
69.22531291213983
69.34605823523547
69.34605823523547
69.34605823523547
69.34605823523547
69.6167889630929
69.6167889630929
69.6167889630929
69.69824260154763
69.71176534254101
69.71176534254101
69.71176534254101
69.79170354831437
69.79170354831437
69.79170354831437
69.80593169623978
69.84915766411349
69.96676802661037
69.96676802661037
69.96676802661037
69.96676802661037
69.99744237031639
70.22771153419987
70.22771153419987
70.2859619371749
70.2859619371749
70.2859619371749
70.2859619371749
70.2859619371749
70.2859619371749
70.2859619371749
70.2859619371749
70.33990409898738
70.33990409898738
70.34716587259518
70.34716587259518
70.40066050016152
70.40066050016152
70.43647777239279
70.47526708713696
70.47526708713696
70.47526708713696
70.47526708713696
70.47526708713696
70.47526708713696
70.47526708713696
70.47526708713696
70.47526708713696
70.47526708713696
70.5493642014305
70.6479415708185
70.6479415708185
70.65289664165034
70.81238874192
70.81238874192
70.91608229816616
70.91608229816616
70.91608229816616
70.91608229816616
70.91608229816616
70.91608229816616
70.97806175094517
71.0924173686381
71.0924173686381
71.12776688146081
71.16793436930023
71.16793436930023
71.16793436930023
71.18563810476829
71.28722418855881
71.36967217585472
71.38051098952879
71.38051098952879
71.39555625780316
71.40747206709658
71.4109418200235
71.43985195468798
71.45207188152594
71.54162527725563
71.54162527725563
71.54162527725563
71.54162527725563
71.62364008857473
71.62364008857473
71.62364008857473
71.73541872004091
71.73541872004091
71.73541872004091
71.86498153943153
71.86498153943153
71.86498153943153
72.00311702528445
72.00311702528445
72.00311702528445
72.1140418187311
72.1140418187311
72.1140418187311
72.16067250645203
72.21860396396112
72.28962676033974
72.28962676033974
72.28962676033974
72.33769222528099
72.37213438884167
72.38261384145883
72.38261384145883
72.38261384145883
72.44841056006193
72.44841056006193
72.61883900071327
72.76749256889362
72.87214488512593
72.87214488512593
72.87214488512593
73.03940810859521
73.03940810859521
73.03940810859521
73.07096074568626
73.26115763359195
73.35484907796959
73.36592064385943
73.36592064385943
73.36745103333996
73.42838356717176
73.42838356717176
73.47727960735043
73.47727960735043
73.51386910630303
73.53228040318683
73.6042109232274
73.6042109232274
73.63496233022383
73.63496233022383
73.63496233022383
73.63496233022383
73.63496233022383
73.7761240569783
73.94940511506589
74.0674105357221
74.0674105357221
74.06864599964108
74.09988463932343
74.09988463932343
74.09988463932343
74.19036709923455
74.19036709923455
74.19036709923455
74.19036709923455
74.19036709923455
74.19036709923455
74.30863516848397
74.31366773788618
74.50147306482556
74.50147306482556
74.55817636170573
74.55817636170573
