0.09971844963288273
0.45720371328354775
0.6137978999848023
0.8629233321255427
1.2691437859384167
1.5000548422159945
1.897280659406841
2.370620755831505
2.67153868565809
2.67153868565809
2.7777628630179816
3.141240038942235
3.244213500090979
3.3308376052902466
3.963956099832449
4.4018026932094685
5.084865261431405
5.773734532329179
6.433358688020533
6.885711316149551
7.183225427953683
8.111186679482135
8.487523230006842
9.128431175038868
9.841141125521014
10.311727989870965
10.633875892552345
11.336604627605565
11.935678271403413
12.666866743784286
13.226774899469824
13.592911581187874
14.19011807986139
14.80940763436104
15.188380944119384
15.976808636804897
16.601447915644727
16.969225909267095
17.82912891761291
18.140339559538493
18.503600874290832
19.175853711704395
19.65080015415598
20.24305266880031
20.32403623859368
20.91163008523371
21.04139899375739
21.5591645269991
22.06038979662156
22.907915607536506
23.832919004789936
24.541487007817867
24.979987380841486
25.61334182641529
26.277599948380242
26.70811051517404
26.70811051517404
27.09431814144129
27.539906761900045
28.10495258288856
28.491957588201824
29.01882665675577
29.46924085438789
30.007700637386538
30.236476929483374
30.294961354067922
30.37018564671294
30.927812578821978
31.04976854836044
31.443176310279352
31.984496927754954
32.52120435741102
32.95750860889457
33.54395871073979
33.588323097724874
33.90076205181569
34.02081910949718
34.02081910949718
34.418098189668726
34.84206164914205
35.211124481811304
35.79379949444587
36.22969790057744
36.66884057594945
37.15261824590621
37.78896586311589
37.98560761342428
38.39672565021896
38.79434360948766
39.1101255186197
39.701018117308124
39.985285169362804
40.367207077888075
40.94632228836163
41.36570798054621
41.36570798054621
42.014644360361395
42.16536568446532
42.320867417680084
42.537580490790916
42.99884965339037
43.63449444697788
43.904869767078814
44.54462460997601
45.084279980170585
45.306370254724314
46.03583708221293
46.623078440738766
47.452286806559826
47.76311485017734
47.818006455880536
48.182481641805886
48.5822246191336
49.05530916714668
49.520556281699996
49.98375388982834
50.424744210042114
50.996035443085376
51.35241210144064
51.58881784123929
51.78075307817822
51.84284153134169
52.428021542856094
52.64945506808601
52.8830415280932
53.66982039359725
53.87815700082562
54.48952554504605
54.48952554504605
54.80278049741222
55.311292897631894
55.395866391252795
56.03845922675612
56.4191055903028
56.751403587894
57.10317868214223
57.276382370250445
57.57499843698446
57.906617421258424
58.04224054701272
58.197572188313316
58.41410140866271
58.824769554986666
59.13644435349434
59.542167182180805
60.29089569615567
60.649550013150794
61.064514241469666
61.327357940336455
61.36560628277004
61.36560628277004
61.37678103926122
61.714904758217074
61.9878060837833
62.00842383616668
62.41430051404503
62.87791757419317
63.407149791134124
63.720848351878146
64.06052346077813
64.64871677744466
65.24981214076766
65.72086182162073
65.94369508373012
65.94629203289583
66.1898173137548
66.4136606703282
66.52002339492995
67.00783345671486
67.51377875483362
67.88727974637519
67.93668707712128
68.35291284209374
68.62192363172434
68.96339032497332
69.18786405421525
69.44188359309688
69.78437997801498
69.97467287226091
70.15685314739933
70.8491285073082
71.23171449151128
71.30974933486343
71.96743792976821
72.17082418925246
72.41616225813615
72.4982976668782
72.73119859583473
73.40097259233923
73.53595663197545
73.86260344297071
74.07704760120738
74.21405349098944
74.2925741360106
74.44126463316037
74.62443463526651
74.63605890074298
74.82494471456862
74.90098524828292
75.36202555540022
75.670943794039
75.81859633997144
76.12463546326876
76.21947986050083
76.41384822360592
76.41384822360592
76.50960364526551
76.69744336441424
76.96478739096347
77.20166440799974
77.52431799336516
77.6892790613771
78.2381438510974
78.33900003520542
78.36543488490699
78.44215896177472
78.77229107161955
79.04184702208447
79.4796082264517
79.66818975042976
80.18965839955725
80.65855035881667
81.12848797449958
81.40851872360042
81.81481385352421
82.00212933253266
82.49898305183957
83.16025671008892
83.3863262595022
83.73671009944658
84.08211403763757
84.49602593210209
84.49602593210209
84.96126879553745
85.54610610900443
85.74750126916362
86.33521252941628
86.5495527223004
86.92403790189644
87.04448457323105
87.14281289564144
87.19512679001751
87.21365229014559
87.33556825449816
87.76552100935584
88.1516739877068
88.24461687418648
88.55614923512563
89.06085709879953
89.06085709879953
89.33011748070636
89.6001395300498
89.67626827128248
89.90374889465734
90.08362423341923
90.42421309156227
90.85887698492392
90.97892658377049
91.28743606938309
91.52524065617503
91.62222243580081
91.65234892866552
91.65234892866552
91.65234892866552
91.8374316554064
91.92412614939713
92.17062612900314
92.17062612900314
92.57839073647816
93.07769367612978
93.11560538107673
93.67774098223211
93.87635149266356
93.96713860238386
94.35709556559705
94.6794840532017
95.05873729520845
95.11123316358858
95.27801906488719
95.47070947603196
96.15194113677329
96.37630119266719
96.72065406929964
96.8642223464018
97.21268947627551
97.3292913419959
97.52071407275278
97.87287439543476
97.87287439543476
97.95024800533902
98.25891382381077
98.38250922981246
98.40822924705974
98.59950398902468
98.9519250669793
99.30333683329847
99.67435355208885
99.74830967489774
99.96187619812714
100.14622096515014
100.4981773073134
100.96844410146979
101.47097481161725
101.75983744428125
102.27330605975516
102.60714179742054
102.92946916447636
103.18032658151995
103.57059657987809
103.68408931618987
104.14305997807931
104.54988277973563
104.89797020315159
105.20031195489392
105.51075233403986
105.91454911520557
106.04293831431436
106.31178103275708
106.38235802441051
106.38235802441051
106.48967198210603
106.61186830803716
106.94519113528766
107.45121643934195
108.1169058713157
108.1169058713157
108.30265625867736
108.47729835017344
108.83359101807793
109.05693308981772
109.05693308981772
109.24436687986741
109.30117934315048
109.30117934315048
109.62972700867441
109.9082864394642
110.61862900393564
110.87300477918119
110.87776959688902
110.98875152372625
111.29347883815669
111.47326705329476
111.60237590958542
111.697284071159
111.81186217065708
111.95811121877519
112.38263846075253
112.69857482246081
113.19095619996496
113.59701876964475
113.7559597635945
113.94086868482326
113.95575787176008
114.42004716617451
114.43896880201001
114.89683108791183
115.04154196525224
115.35857550293606
115.68304033857282
115.71355043427594
115.84608198155559
116.05142698859197
116.38598356710496
116.51649833119129
116.71946156617034
116.91785519341224
116.91785519341224
116.96869883951256
117.47336558569977
117.76596473737878
118.0793582763816
118.0793582763816
118.0793582763816
118.42734810422841
118.61030447031727
118.85870902174537
119.17958230725391
119.44008786309347
119.81428403316463
120.33793698517829
120.33793698517829
120.48364511424428
120.77274319720954
120.83102289219808
120.83102289219808
121.15405625127157
121.21984980536928
121.21984980536928
121.58324791665672
121.63981191406988
121.97106790739974
122.24923415302268
122.57960306033492
122.60461965150643
122.65499495577595
123.05817933502877
123.31980214100636
123.95274813177889
124.18764076195889
124.49767176188894
124.69062392217288
124.72867034208615
124.75835249095786
124.90234886983146
125.10056663552315
125.24141943463378
125.68686758334054
125.99565073477555
126.4153434541215
126.44061992490838
126.59165656494899
127.09021384593905
127.09021384593905
127.39147993893964
127.52929851990649
127.76107381082844
127.92818446092926
127.92818446092926
127.92818446092926
127.9419601596695
128.50661279155636
128.85331483775474
128.90605785216349
129.40861307852512
129.75470857191712
129.7607536810669
130.0710077928852
130.3866221414769
130.8318592658743
131.25786362276006
131.8702648921313
131.8702648921313
131.97159756963657
132.07880726909343
132.25329170940273
132.25329170940273
132.47129287820556
132.91492773235055
132.98358545480602
132.98358545480602
133.36103742825674
133.36103742825674
133.47105180194944
133.8058131100514
133.8058131100514
134.07374335662098
134.07374335662098
134.14540949920456
134.42133270363638
134.57621129884305
134.71338953477596
135.16984590758278
135.24021574509374
135.44682424928985
135.45366214306563
135.86207959681846
135.90221783230905
136.37352301768223
136.56039160598124
136.71368074436347
136.850169508034
136.88463284453508
136.88463284453508
137.27579193240268
137.27579193240268
137.3437184208424
137.41245940123824
137.71011208491
137.7931225277722
137.9832921578371
138.4323932777989
138.4323932777989
138.4323932777989
138.69592366836596
138.9213078953669
138.94338564157366
139.0155545055029
139.2163187586936
139.63166735814312
139.93926860249366
140.35710923711719
140.38486466932125
140.51422165764677
140.714627313333
140.7281133664433
140.7557098892548
141.02311782392144
141.27579427512282
141.6479325288383
141.6479325288383
141.6479325288383
141.68083234433684
141.9558523882506
142.14105423515093
142.36986340855816
142.66124361370075
143.04976266320887
143.23346810553835
143.39605807894165
143.39605807894165
143.56070778472218
143.5667567023112
143.59544643981602
143.83850256975762
143.83850256975762
144.4218140127347
144.52282455592396
144.76900918570354
144.996630276818
145.26577356374736
145.26577356374736
145.42071333595618
145.77798155580805
145.77798155580805
145.92839057830074
145.92839057830074
146.47867572286074
146.5913520523483
146.80013497230354
146.85525120846341
147.04116032805666
147.4291052739506
147.48971123371516
147.54717016011102
147.7854156471617
148.3340258971454
148.33818571225564
148.33818571225564
148.53852437805196
148.53852437805196
148.6131994060144
148.6131994060144
148.65696584383394
148.77805096696375
149.39327689981573
149.39327689981573
149.47059198433234
149.5259021026301
149.62258476205756
149.62258476205756
149.76510956453038
149.9409388698732
150.1884661859872
150.22549436424168
150.24190527273132
150.53472048388548
150.53472048388548
150.7511877770174
150.82395315150777
150.96886011281472
150.96886011281472
151.2188309510484
151.2188309510484
151.2188309510484
151.45497085278194
151.73582409755065
151.8628674369243
151.8764330418524
151.8764330418524
151.8905623691895
151.9495453559546
152.01135991895268
152.0441221683276
152.36788007272884
152.36788007272884
152.5248978358217
152.5248978358217
152.55369621212915
152.6523444897658
152.6523444897658
152.6523444897658
152.8159934129217
152.96495065085722
153.133942910073
153.133942910073
153.21788896915655
153.38381860702214
153.4471069274248
153.8271227157915
153.8271227157915
153.8950015092863
153.960672506228
154.3183378367294
154.43103062684372
154.9223939089738
155.35138447798454
155.35138447798454
155.3807692521479
155.57876319743193
155.87508961531827
155.87508961531827
155.94959405727639
155.98257079592764
156.14329252456446
156.14329252456446
156.32058020651718
156.32058020651718
156.32058020651718
156.34616026272283
156.34616026272283
156.34616026272283
156.50223231196122
156.639431396384
156.639431396384
156.639431396384
156.639431396384
156.639431396384
156.8294768470416
156.84555668092636
156.84555668092636
157.09583174835652
157.1299741607106
157.51011356894958
157.6911860375884
157.94753675001783
157.94753675001783
157.94753675001783
158.22791258453466
158.22791258453466
158.22791258453466
158.31787890389322
158.31787890389322
158.4015135195241
158.657881168501
158.9142851558672
158.98944165592894
158.98944165592894
159.1046750926795
159.44570363805835
159.4658341665535
159.71265099369361
159.74234877108123
159.86051492586262
160.1982454688131
160.1982454688131
160.42238022026382
160.72039738605878
160.72039738605878
160.9611028163689
161.27478002251803
161.27478002251803
161.37027450267624
161.37027450267624
161.6446326019443
161.70925143444347
161.70925143444347
161.75418833634058
161.75418833634058
162.1520176798506
162.29523555332398
162.29523555332398
162.29523555332398
162.29523555332398
162.56708527487626
162.61949604969223
162.61949604969223
162.61949604969223
162.70588064030454
162.70588064030454
162.70588064030454
162.8624223038664
162.8624223038664
162.8624223038664
162.8624223038664
162.9212946903234
162.9212946903234
162.9212946903234
162.9666041532906
162.9666041532906
163.01992949368758
163.01992949368758
163.20660212763767
163.40246580548765
163.52328261518485
163.52328261518485
163.55773938066778
163.55773938066778
163.80946100770038
164.03692544636834
164.09903171002273
164.09903171002273
164.12080582849694
164.12080582849694
164.12080582849694
164.12080582849694
164.12080582849694
164.12080582849694
164.12080582849694
164.29482232907475
164.29482232907475
164.29482232907475
164.29482232907475
164.29482232907475
164.29482232907475
164.33273204364622
164.33273204364622
164.33273204364622
164.33347819853358
164.33347819853358
164.56357465015958
164.70924216409347
164.70924216409347
164.81860980981264
164.8376310866231
165.0027838362662
165.0027838362662
165.0027838362662
165.0027838362662
165.13221769463965
165.13221769463965
165.28376398060476
165.28376398060476
165.30698452663165
165.34934780297402
165.34934780297402
165.34934780297402
165.34934780297402
165.34934780297402
165.34934780297402
165.41820332017292
165.41820332017292
165.51170673039002
165.64381548509053
165.64381548509053
165.64381548509053
165.6748456506811
165.6748456506811
165.6748456506811
165.6748456506811
165.7179196522883
165.90552600854497
165.90552600854497
165.90552600854497
165.99231491278638
165.99231491278638
165.99231491278638
166.08604190111978
166.08604190111978
166.31228896596696
166.48404002983725
166.48404002983725
166.84918919735875
167.10519842931726
167.342673283519
167.342673283519
167.5587941498316
167.71594631954383
167.76043823514138
167.76043823514138
167.7720569744474
167.7720569744474
167.7720569744474
167.7720569744474
167.7720569744474
167.8769161773026
167.8769161773026
167.92305626601663
167.92305626601663
168.07179113049523
168.07179113049523
168.35231635875698
168.44199523936274
168.53840144414906
168.59504627710618
168.63532827780398
168.63532827780398
168.63532827780398
168.81720454294987
168.93441856142215
168.93441856142215
169.0031336980554
169.0031336980554
169.11049624744012
169.11049624744012
169.11049624744012
169.17702489578053
169.40728900393717
169.46484500239703
169.46484500239703
169.5627153904329
169.64963731153998
169.64963731153998
169.84899202344724
169.97896069453205
170.07195799700668
170.07195799700668
170.07195799700668
170.29658934704665
170.3812697250832
170.3812697250832
170.3812697250832
170.41827729442497
170.41827729442497
170.5605784285597
170.5605784285597
170.63956225245954
170.63956225245954
170.63956225245954
170.63956225245954
170.63956225245954
170.63956225245954
170.65928764654433
170.72973181867127
170.83121068130936
170.92714956739556
170.96432514635254
171.0881888753041
171.23896884161596
171.41699374370285
171.52859410520915
171.52859410520915
171.52859410520915
171.581551164024
171.581551164024
171.581551164024
171.581551164024
171.63951084045385
171.70353598023672
171.77535338203117
171.78410963580964
171.8563074920938
172.08680673932795
172.08680673932795
172.26208708698374
172.51256963496496
172.51256963496496
172.5626633799179
172.5626633799179
172.5626633799179
172.66054306490037
172.92543087305725
173.01310731780205
173.13066279544427
173.3772775409963
173.3772775409963
173.3772775409963
173.3772775409963
173.3772775409963
173.3772775409963
173.3772775409963
173.46658603573417
173.64564123256847
173.6801737618423
173.6801737618423
173.6801737618423
173.6801737618423
173.6801737618423
173.7218140250293
173.73870501657746
173.73870501657746
173.95311585836475
173.95311585836475
173.96782696749048
173.96782696749048
173.96782696749048
173.96782696749048
174.06597268816753
174.06597268816753
174.1491143474579
174.1491143474579
174.1491143474579
174.1491143474579
174.29616548386292
174.34398573657074
174.34398573657074
174.34398573657074
174.34398573657074
174.34398573657074
174.34398573657074
174.43973438282393
174.54596378118444
174.54596378118444
174.54596378118444
174.5742409805843
174.59074465781003
174.59074465781003
174.59074465781003
174.59074465781003
174.59074465781003
174.64695163179007
174.7888784016708
174.8040102491823
174.8040102491823
174.8040102491823
174.8040102491823
174.8040102491823
174.8040102491823
174.8040102491823
174.8040102491823
174.8040102491823
174.89143922777106
174.8956036336362
174.8956036336362
174.938528876931
174.9387024322849
174.9387024322849
174.9387024322849
174.9387024322849
175.0344900215791
175.19311989703476
175.40264740614543
175.66805400185916
175.66805400185916
175.7481412404602
175.7481412404602
175.7481412404602
175.8960598419758
175.8960598419758
175.8960598419758
175.8960598419758
175.8960598419758
175.8960598419758
176.22206564539408
176.230613194093
176.230613194093
176.230613194093
176.27208204968326
176.61984418759192
176.61984418759192
176.8868080149893
176.98108604526735
177.11064044194674
177.11064044194674
177.11064044194674
177.24171560828918
177.24171560828918
177.3191724485283
177.47514505999038
177.47514505999038
177.47514505999038
177.47514505999038
177.6612380194984
177.66798586846758
177.73875061941553
177.83352615768837
177.83352615768837
177.85912122678192
177.8898320086207
177.8898320086207
177.95225734990382
177.95225734990382
177.95225734990382
177.95225734990382
177.95225734990382
177.95225734990382
178.23015464974443
178.23015464974443
178.32698637426782
178.32698637426782
178.5502828608442
178.5502828608442
178.5502828608442
178.71981879814973
178.71981879814973
178.71981879814973
178.86197493170204
178.86197493170204
178.86197493170204
178.86197493170204
179.25102266769463
179.27327758119517
179.45159683404736
179.45159683404736
179.55256884911435
179.55256884911435
179.59403032437078
179.6502909897784
179.6502909897784
179.88121439954017
180.03824065094966
180.1545856284541
180.1545856284541
180.1545856284541
180.1545856284541
180.22823216947506
180.3598929749937
180.37143543197274
180.39176650802239
180.50348104158908
180.5132735411871
180.5132735411871
180.5504816716948
180.7556735407931
181.07736600945518
181.07736600945518
181.07736600945518
181.11890065652273
181.11890065652273
181.22295700996696
181.35366415106913
181.52538361909606
181.57049892751783
181.6322091945783
181.7256236584558
181.82888158500236
181.89240869884645
181.89240869884645
181.89240869884645
182.06229726177978
182.06229726177978
