0.5363338539711797
0.7806523649550977
1.1216164399736035
1.64145839046486
1.8849833349815859
2.3091431108886162
2.620142574284971
2.620142574284971
3.168345603609634
3.3974943283253247
3.4074815654537054
3.71778773820496
3.876834802359799
3.977410778846892
4.55574281606775
4.759084353182641
4.759084353182641
5.004044668979968
5.315676839421249
5.315676839421249
5.315676839421249
5.7628432517655455
5.842493546652829
6.321004722471034
6.321004722471034
6.478495662778508
6.979542301735342
7.30871743653228
7.438454084046391
7.497894606589313
7.497894606589313
7.729749777321986
7.970209224638889
8.16456704118264
8.244687530605175
8.244687530605175
8.813242928998319
8.968958290313997
9.096283329134584
9.422280068419347
9.572606717994312
9.660305976488688
10.045274975898876
10.045274975898876
10.214962092507642
10.270543802912904
10.52228880252888
10.52228880252888
10.825420527248818
11.433173358177557
11.503243174791962
12.03482775934824
12.31531204126105
12.31531204126105
12.405529262997614
12.598769352490741
13.0159490085807
13.329461841847698
13.502860933580516
13.502860933580516
13.521142081420695
13.709980330338924
13.959792658271137
14.28968094059435
14.530935372469447
14.756022747153146
15.012213260268448
15.457914310011168
15.598669679852675
15.82991439842295
16.014153859594074
16.062195870813408
16.062195870813408
16.231539100965964
16.434956845802283
16.726755785891086
17.049471722743867
17.054400394869013
17.411848942523324
17.823043564071973
18.078355675226373
18.228215805473944
18.228215805473944
18.36568082411248
18.81691897344772
18.86802120199191
19.213979503085
19.249376622700076
19.337816837686898
19.4633406398437
19.473375286304954
19.812289867141605
19.887850801786946
20.097741973455115
20.5302660572842
20.5302660572842
20.84560664340408
20.84560664340408
21.16821483281359
21.50479549147735
21.834942756510298
21.834942756510298
22.126680834508996
22.337811159917077
22.349675397981436
23.070577685639442
23.20052345308623
23.48505106625425
23.48505106625425
23.714206587770533
23.784200142281442
24.18508196856873
24.216816269716563
24.351932078260273
24.467513536257997
24.467513536257997
24.793758508913456
24.892896747922187
25.36215711221844
25.51760088065517
25.73908035711923
25.857091097531917
26.02212342953381
26.244748998922628
26.49750304483057
26.59991039081479
26.718201882319267
26.93824852428247
27.223377917916935
27.326729438004488
27.54203473631122
28.001867124835705
28.496119577111834
28.597101298118247
28.873248988309978
28.894345827386328
28.894345827386328
29.143855520221315
29.18072333255293
29.18072333255293
29.18072333255293
29.19070766711962
29.19070766711962
29.67712032370756
29.716097483922592
29.716097483922592
29.716097483922592
29.727996020714087
29.860796911254432
29.860796911254432
30.03253858820856
30.122988611799475
30.25498847263434
30.56183681413199
30.56183681413199
30.8265168547513
30.8265168547513
30.982151863373574
31.414536533984695
31.805592535820484
31.97325349395732
32.41808319598118
32.67456377749614
32.84847412549435
33.14977766550794
33.14977766550794
33.14977766550794
33.3853808980326
33.50054498634049
33.50712840331471
33.90234710912759
34.2482059548781
34.31684900799572
34.539770495101465
34.78858152295445
35.083256501167334
35.309012087137056
35.95097161537755
36.22642333326835
36.51918000560966
36.55139264645858
36.80204793265882
36.80204793265882
37.08578177188647
37.08578177188647
37.243487444861536
37.266672548969375
37.266672548969375
37.684636609146416
37.69783234387823
37.69783234387823
37.98713824709413
37.98713824709413
38.01947508011074
38.10757008511489
38.39320855174597
38.7527130597766
38.7527130597766
39.05453552886046
39.05453552886046
39.213744994112986
39.918500332718246
40.20616642823107
40.23297673250615
40.26346861155338
40.657054674978255
41.153683207040565
41.375469219026996
41.675846069753916
42.065433998670834
42.258447027017226
42.46904407601821
42.47652008421856
42.792692743611745
42.98805984089088
43.06024763856317
43.060813696378766
43.13698076713777
43.13698076713777
43.34394797390472
43.53260369685953
43.55416749473177
43.55416749473177
43.55416749473177
43.74123909588052
43.87355101686648
43.97961091231375
43.97961091231375
44.21241993425049
44.24413939106463
44.26036899924222
44.42743300732465
44.42743300732465
44.48470992746485
44.48470992746485
44.48470992746485
44.59097680282528
44.69336311733683
44.69336311733683
45.074205775087464
45.18346687763163
45.285431120408425
45.60292447529847
45.973348748090274
45.973348748090274
46.12062853985822
46.12062853985822
46.12062853985822
46.12062853985822
46.12062853985822
46.23938429914058
46.401163262028255
46.616899237897854
46.901073058171754
47.28905568658626
47.28905568658626
47.58719094802505
47.771452806930306
47.909620640017565
47.909620640017565
47.91275552394989
47.91275552394989
47.91275552394989
47.94932475252208
47.94932475252208
47.94932475252208
47.95685302757661
47.9848026276408
47.9848026276408
48.10674780424288
48.37616068912751
48.41013756524934
48.41013756524934
48.41013756524934
48.50576440131051
48.55946724054472
48.55946724054472
48.55946724054472
48.57581552657541
48.57581552657541
48.698070742695506
49.03025744482698
49.03396903889385
49.19507391034398
49.24769200367286
49.55373907179006
49.55373907179006
49.73333645865443
49.85489660338883
50.13875093042346
50.13875093042346
50.13875093042346
50.25987202191934
50.46022457968726
50.58800503265522
50.58800503265522
50.69204352943834
50.898351106354774
51.2004360923165
51.394462204609724
51.40410505304395
51.40410505304395
51.48971313737313
51.58885844166494
51.68447432796004
51.82053652327279
51.82053652327279
52.09110568811011
52.09110568811011
52.170153402243805
52.36246725716746
52.36246725716746
52.40025818255019
52.46002184155812
52.55404775852427
52.55404775852427
52.55404775852427
52.640873488097704
52.640873488097704
52.95286980898304
53.185150056123405
53.24426971942927
53.350102390213344
53.350102390213344
53.350102390213344
53.4591460156564
53.65071040881696
53.72070473661846
53.92037927021393
54.013806680937726
54.05124733381143
54.22996287508315
54.529960650965656
54.57412724246282
54.58605687705749
54.73481707209949
54.768371591621786
54.768371591621786
55.15162252807586
55.15162252807586
55.1595685092601
55.1595685092601
55.439136443237665
55.439136443237665
55.6643541442823
55.94380028460003
55.94380028460003
55.993262648456266
55.993262648456266
55.993262648456266
56.07059754199832
56.293483588903385
56.293483588903385
56.45396751275645
56.45396751275645
56.45396751275645
56.519287799774325
56.63525751498928
56.79120916054642
56.79120916054642
56.79120916054642
56.9567323078547
57.13557932485037
57.24461611723416
57.41654919658464
57.46267286404643
57.46267286404643
57.46267286404643
57.61719322366731
57.63976363950759
57.985775847894786
58.05157030447722
58.06950833027628
58.06950833027628
58.21753741440113
58.21753741440113
58.26643910854678
58.350328983842545
58.350328983842545
58.350328983842545
58.474907789889016
58.537392444431745
58.675505544550454
59.00400661061489
59.139491882623545
59.2788517095598
59.434539702533506
59.79218539804627
59.83698870972021
60.066913118561565
60.066913118561565
60.09524698497227
60.09524698497227
60.18554189774374
60.18554189774374
60.18554189774374
60.18554189774374
60.239104080185264
60.25709647495737
60.376183791679345
60.376183791679345
60.44810701772012
60.80324750409709
60.91447965653646
60.96521238914296
60.96521238914296
60.96521238914296
61.1119906725847
61.187462870308806
61.187462870308806
61.187462870308806
61.22727625210978
61.28079558968994
61.31188749727982
61.31188749727982
61.472308330185285
61.52801352642691
61.52801352642691
61.549684706325344
61.549684706325344
61.727714435470304
61.727714435470304
61.727714435470304
61.727714435470304
61.727714435470304
61.90613366764312
61.90613366764312
61.90613366764312
61.90613366764312
61.90613366764312
62.07055966459022
62.07055966459022
62.07055966459022
62.07055966459022
62.07055966459022
62.11774574942679
62.11774574942679
62.13185467130132
62.13185467130132
62.1752731212432
62.1752731212432
62.1752731212432
62.1752731212432
62.346461560769704
62.42937221737494
62.42937221737494
62.56549306036605
62.56549306036605
62.81157008651797
62.87204083019334
63.05909147605752
63.05909147605752
63.09163663371602
63.09163663371602
63.09163663371602
63.21214118320023
63.21214118320023
63.31508738443529
63.33406947095948
63.43161638522981
63.43161638522981
63.58165868980631
63.58165868980631
63.70898781500013
63.74752378610445
63.74752378610445
63.74752378610445
63.81518827506003
63.81518827506003
63.94958553284389
64.02938992362117
64.02938992362117
64.0595984032855
64.0595984032855
64.0595984032855
64.0595984032855
64.0595984032855
64.0595984032855
64.15587599328438
64.35913083458314
64.35913083458314
64.35913083458314
64.35913083458314
64.5370197114778
64.54371062680855
64.80612125136605
64.86185515609606
64.87445172235086
65.10964750685359
65.21456346151592
65.21456346151592
65.21456346151592
65.21456346151592
65.21456346151592
65.26747774079975
65.26747774079975
65.26747774079975
65.30697438124947
65.30697438124947
65.30697438124947
65.30697438124947
65.50507767406788
65.7441044749875
65.83383792993156
65.83383792993156
66.14710752906362
66.18885078367809
66.39074773671568
66.39074773671568
66.41406302241953
66.53664965474609
66.53664965474609
66.53664965474609
66.64207420319737
66.64207420319737
66.64207420319737
66.64207420319737
66.67511154529575
66.86851402152774
67.13889160813491
67.13889160813491
67.13889160813491
67.38185960497847
67.6614539709903
67.6614539709903
67.6614539709903
67.6614539709903
67.6614539709903
68.06636753819767
68.26371827159367
68.27736123635984
68.38701681084656
68.40130544050122
68.42572843832653
68.50656089213699
68.50656089213699
68.53943339285243
68.76239537406339
68.88790180966333
69.09171597764835
69.09171597764835
69.15703207929688
69.15703207929688
69.15703207929688
69.15703207929688
69.58772830796212
69.62099866155324
69.62099866155324
69.62099866155324
69.85398163649124
69.85398163649124
70.08533292893492
70.1157588972833
70.1157588972833
70.42474814234512
70.42474814234512
70.42474814234512
70.42474814234512
70.43177563507128
70.65631067343594
70.78468754425211
70.85259968474772
70.85259968474772
70.85259968474772
70.97045619889319
71.08563273078842
71.08563273078842
71.18160935334757
71.29866058390671
71.55162451643973
71.59876094468662
71.7184441347377
71.90313754810117
71.90313754810117
72.04619941940163
72.04619941940163
72.27581681774784
72.54640775560627
72.86849580829659
72.89691275094958
73.1301625019776
73.21549028919164
73.21549028919164
73.21549028919164
73.40498789231437
73.57430185952198
73.57430185952198
73.68231791396349
73.85505725690206
73.88005341770233
74.2926946886161
74.40404550900853
74.40404550900853
74.50447706192912
74.5593044648876
74.75188795793669
74.75188795793669
74.75188795793669
74.91360726574187
74.93216241224214
75.10358594746252
75.21974773277971
75.21974773277971
75.23624662290186
75.23624662290186
75.31625445134739
75.39392851622824
75.39392851622824
75.6972084319481
75.6972084319481
75.7394221019083
75.7795831330167
75.93031064983062
75.93031064983062
75.95700704685036
75.95700704685036
76.03515698473724
76.32006812350035
76.32006812350035
76.32006812350035
76.54042438996224
76.54042438996224
76.54042438996224
76.55471301923633
76.55471301923633
76.62850049781433
76.6831658532446
76.84817073107672
76.84817073107672
76.89670782926883
76.89670782926883
76.89670782926883
77.01497131436825
77.01497131436825
77.23920416690811
77.23920416690811
77.30252788608173
77.49714343446375
77.49714343446375
77.51371798654273
77.51371798654273
77.67803291460854
77.83285314548598
77.83285314548598
77.97945854741319
78.1073211022862
78.1073211022862
78.20810366591239
78.23123650507218
78.23432630219838
78.30544873267594
78.30544873267594
78.36592467509121
78.42459104840371
78.42459104840371
78.78255052070712
78.78255052070712
78.82659393797596
78.82659393797596
78.83012163509778
79.0201367773066
79.0201367773066
79.21134587196747
79.21248971876693
79.21248971876693
79.25290928206952
79.26618437157185
79.36357315329946
79.36357315329946
79.56419198299422
79.56419198299422
79.62894851568757
79.62894851568757
79.66163667597371
79.66626167161857
79.66626167161857
79.86068046995392
80.00133708077635
80.07844365565232
80.07844365565232
80.07844365565232
80.28360846173896
80.6443149079403
80.79183490216623
80.7969233092205
80.7969233092205
80.89632507095749
80.89632507095749
80.89632507095749
81.03962374025285
81.0719051285942
81.17865786575732
81.17865786575732
81.1800084591323
81.20148485777236
81.34585331120066
81.54007279549835
81.54007279549835
81.54007279549835
82.01992086145367
82.01992086145367
82.1378953817473
82.1378953817473
82.1378953817473
82.1378953817473
82.1378953817473
82.1378953817473
82.25762907631514
82.36547694890164
82.38156658976236
82.38156658976236
82.4789305220164
82.56533442084829
82.56533442084829
82.75471889712122
82.97020963332672
82.97020963332672
83.10873211917895
83.14644920902361
83.14644920902361
83.14644920902361
83.14644920902361
83.14644920902361
83.14644920902361
83.29242866674683
83.29242866674683
83.29242866674683
83.42934408547323
83.42934408547323
83.58586292686633
83.66408067029609
83.66408067029609
83.73577332579471
83.87592341239427
83.87592341239427
83.89616958514397
83.89729194990083
84.03764402335837
84.03764402335837
84.03764402335837
84.04709196228556
84.12847765886642
84.12847765886642
84.12847765886642
84.12847765886642
84.17344357381856
84.17344357381856
84.27169168337917
84.69788906691774
84.81237285681416
84.86127256029856
84.98843606445811
84.98843606445811
85.16930391514714
85.26853144532288
85.38950934345633
85.44315493225628
85.44315493225628
85.44315493225628
85.44315493225628
85.48726180270032
85.48726180270032
85.57751818848813
85.82244726470867
85.82244726470867
85.93472582996452
85.95867785530496
85.9769320001542
86.11190327123539
86.11190327123539
86.27126410418174
86.27126410418174
86.27126410418174
86.27126410418174
86.32649846340261
86.44595804918218
86.44785194502634
86.44785194502634
86.44785194502634
86.63280399346152
86.63280399346152
86.79939134278263
86.79939134278263
86.87239402502308
86.87239402502308
86.89333643371135
87.06850046316889
87.23487364015863
87.23487364015863
87.23487364015863
87.24853442149882
87.24853442149882
87.3593769871345
87.51838744232768
87.51838744232768
87.55732408763109
87.6907969779414
87.74782236060283
87.74782236060283
87.74782236060283
87.87169036632832
87.90974891210367
87.90974891210367
87.90974891210367
88.20968224503129
88.20968224503129
88.37473773135949
88.46817697918662
88.7251717754334
88.88108728722524
88.97665928259885
88.97665928259885
89.12457392717404
89.24622471749328
89.24622471749328
89.24622471749328
89.51732961125558
89.60237373888754
89.76690416568456
89.76690416568456
89.76690416568456
89.76690416568456
89.76690416568456
89.89205948926282
89.97866542965349
89.97866542965349
90.03160541104306
90.08415313218126
90.12693222151162
90.25558809360052
90.36113021711272
90.51691887667363
90.51691887667363
90.51691887667363
90.51691887667363
90.631444010376
90.64607380844693
90.73685623993529
90.73685623993529
90.89452058899111
91.06758800132471
91.06758800132471
91.06758800132471
91.06758800132471
91.09831483571662
91.15381005439188
91.19662389284997
91.19662389284997
91.19662389284997
91.19662389284997
91.24188055697573
91.24188055697573
91.31649528587025
91.31649528587025
91.3292511424004
91.52346821436356
91.5547118831093
91.5547118831093
91.59270166407094
91.59939344141137
91.59939344141137
91.59939344141137
91.59939344141137
91.59939344141137
91.76990511944663
91.85062521500876
91.85062521500876
91.92409147466832
91.92409147466832
92.0158123451935
92.0158123451935
92.06691202047925
92.06691202047925
92.1891851103484
92.28088317808235
92.3182697022495
92.5653834220175
92.5653834220175
92.68779553258211
92.76039920069314
92.76039920069314
92.79684299443039
92.92155230670669
92.9562848093713
92.9562848093713
92.9562848093713
93.06477298241434
93.06477298241434
93.06477298241434
93.06477298241434
93.13412369286267
93.13412369286267
93.13412369286267
93.23276574059645
93.24019786339568
93.48319588510475
93.48554674862966
93.56319820433214
93.56319820433214
93.56319820433214
93.61329903366115
93.67890630230737
93.69511188897347
93.79871883311354
93.79871883311354
93.8696259135076
93.87060761857686
93.87060761857686
93.87060761857686
93.9554951869914
93.9554951869914
93.9554951869914
93.99073088304618
94.11755212800752
94.30900435374305
94.30900435374305
94.3551008240777
94.51024270593315
94.53727922974245
94.76778871643928
94.76778871643928
94.87776427449433
94.94122895526978
94.94216730109774
94.94216730109774
94.94216730109774
95.1295572666086
95.25505369986635
95.25505369986635
95.25505369986635
95.38717635751739
95.4476827560027
95.4476827560027
95.4476827560027
95.52600718608404
95.71223325465435
95.71223325465435
95.82425593084896
95.85625717735479
95.85625717735479
95.85625717735479
95.85625717735479
95.85625717735479
96.00782956565722
96.00782956565722
96.14821815475233
96.3386564186687
96.499751177713
96.59559657298004
96.59559657298004
96.74719720852642
96.89350179106081
97.05255812010552
97.12844995115671
97.12844995115671
97.22442278436094
97.30097970836883
97.3875052688569
97.3875052688569
97.3875052688569
97.3875052688569
97.50793756186961
97.50793756186961
97.75976211429347
97.75976211429347
97.90343267647893
98.0838844371365
98.33154064747272
98.33154064747272
98.3523937038323
98.52666616898208
98.52666616898208
98.8281853050988
98.8281853050988
98.8281853050988
98.87159644618858
98.87159644618858
98.87159644618858
98.87159644618858
98.87159644618858
98.88786248494591
98.88786248494591
99.02485984333
99.02485984333
99.02485984333
99.05678072650433
99.29827651823888
99.39265237540509
99.39265237540509
99.39265237540509
99.4965012654813
99.4965012654813
99.62760708149331
99.62760708149331
99.62760708149331
99.62760708149331
99.62760708149331
99.64690819973481
99.64690819973481
99.64690819973481
