0.4280121056642405
0.7202592864072794
0.7560835623951082
0.7560835623951082
1.1666197206430777
1.4144178890928139
1.640619413568617
1.640619413568617
2.075461771751307
2.1749030551652955
2.6714287887984876
3.405117381532622
3.731909329521795
4.1504737262835745
4.902635973669692
4.938979020653237
5.1196293326483175
5.4524215574751675
5.744653707882901
5.914515490866045
6.3242661930510256
6.343431878063735
6.7266904259782665
7.082313059427755
7.2880572024330705
7.506908040071119
7.506908040071119
7.715544400940609
7.795949039778484
8.033697391441367
8.145788715084182
8.333348687573006
8.437562182594947
8.59958510640021
8.693434016193526
8.900033493067275
9.276129305148153
9.276129305148153
9.276129305148153
9.360948237080288
9.494703625928302
9.494703625928302
9.81441828453323
9.81441828453323
10.218963933133274
10.410461979728643
10.475841959635092
10.670462371553654
10.84190979661042
11.036165220584907
11.036165220584907
11.1027878056401
11.146948992172781
11.194698241225034
11.194698241225034
11.194698241225034
11.237505194289295
11.237505194289295
11.237505194289295
11.237505194289295
11.367975071059876
11.459912024373857
11.459912024373857
11.48186359279671
11.553975186734853
11.773871298376083
11.873462081227702
12.101087098394919
12.193662048653477
12.193662048653477
12.193662048653477
12.193662048653477
12.193662048653477
12.206055995018769
12.28954727108617
12.591575627892242
12.591575627892242
12.60893633677668
12.621656439890717
12.669851039635164
12.700112492033815
12.700112492033815
12.820275831707383
12.820275831707383
12.820275831707383
12.820275831707383
12.824753358737338
12.824753358737338
12.935345723375857
12.978006185684693
13.13409557758068
13.228417079430981
13.228417079430981
13.25728106179145
13.25728106179145
13.25728106179145
13.31515375410281
13.31515375410281
13.392555877748546
13.410599713144535
13.410599713144535
13.565869839230254
13.69928735182599
13.69928735182599
13.821065053002258
13.821065053002258
13.856371592443738
13.856371592443738
13.856371592443738
13.856371592443738
13.878018939459542
13.936313459729632
14.239120881819105
14.342163551287074
14.622406553332043
14.622406553332043
14.73560148498267
14.762689877148365
14.949788577408917
15.050308569571401
15.061914161015556
15.061914161015556
15.090980595239841
15.129517488014804
15.135225546366447
15.135225546366447
15.294139120897169
15.427682716757317
15.484798993884807
15.484798993884807
15.484798993884807
15.588256214666531
15.71620077545686
15.806528620554845
15.806528620554845
15.89570662582469
16.01131707840191
16.147460887835752
16.262926584473295
16.55880564385572
16.55880564385572
16.689488088472686
16.708107298722457
16.708107298722457
16.9737356839203
16.9737356839203
16.9737356839203
16.9737356839203
17.034072928124605
17.231398102360334
17.611477713342982
18.063177429146027
18.50731058200338
18.778043380252917
18.778043380252917
18.820348082260555
19.02157081808075
19.02157081808075
19.17930722676155
19.589539144061156
19.589539144061156
19.589539144061156
19.807509623622416
19.984162947592147
19.984162947592147
19.995064714764258
20.389418117833888
20.49296127700711
20.49296127700711
20.49296127700711
20.635867154160234
20.635867154160234
20.851339022083003
20.89977323625983
20.96961962560629
21.102210140189534
21.110253484608673
21.110253484608673
21.337628958714877
21.53886763077139
21.603608312354485
21.846795726539206
21.959813992485632
21.959813992485632
22.11445450163835
22.15392225073364
22.30837149465453
22.52268268310067
22.839057207347537
22.90186027622
23.08783365389104
23.08783365389104
23.328540114661088
23.44824621838973
23.706018693283497
23.859558261606118
23.87371400797085
23.9524026317267
24.078699732757705
24.31755924399233
24.31755924399233
24.3583590419747
24.3583590419747
24.58840669086631
24.694847410184487
24.694847410184487
24.694847410184487
24.694847410184487
24.980944546083393
25.176095551764416
25.355801879310302
25.491363788952622
25.491363788952622
25.491363788952622
25.695468605040226
25.695468605040226
25.874551322552858
25.89407050077278
26.01905690951093
26.025393284530676
26.147592927211786
26.147592927211786
26.189591010333572
26.189591010333572
26.241244309106786
26.43067217829803
26.54823741865315
26.54823741865315
26.58844997037953
26.684605798794845
26.684605798794845
26.949285037601523
27.02529171371143
27.02529171371143
27.084498929170053
27.228327300472372
27.228327300472372
27.228327300472372
27.228327300472372
27.3373247561831
27.3373247561831
27.3373247561831
27.3373247561831
27.3373247561831
27.352338934500757
27.735196371526992
27.870188567909626
27.870188567909626
27.870188567909626
27.925252126817984
27.925252126817984
27.925252126817984
27.925252126817984
27.925252126817984
27.957928850957945
27.957928850957945
28.250929616205806
28.250929616205806
28.453870015334502
28.471101057755366
28.50877641209282
28.50877641209282
28.718446381063718
28.718446381063718
28.80202683099225
28.80202683099225
29.03457861114204
29.181451667231745
29.281563357757502
29.314855180355742
29.438147101077394
29.537044316562383
29.537044316562383
29.618095804312407
29.65675323829251
29.65675323829251
29.866141931202467
30.100233643926167
30.100233643926167
30.184243530729272
30.184243530729272
30.405052321894644
30.405052321894644
30.405052321894644
30.405052321894644
30.446186763738414
30.713435010486958
30.946649530251648
31.00050375791291
31.220894058803513
31.321449597595116
31.51515134718328
31.51515134718328
31.57185185898166
31.57185185898166
31.863557356186732
32.10176052429488
32.114350758311645
32.114350758311645
32.271579736785576
32.271579736785576
32.47513517553222
32.7101105244037
32.77118840504616
32.77118840504616
32.81833886621265
32.866406955244585
32.866406955244585
33.06300601395622
33.413908635971055
33.73891769396775
33.78211268145728
33.78211268145728
33.78211268145728
33.86296563579385
33.86296563579385
33.86296563579385
34.07123016431007
34.18879421133495
34.380693880480926
34.68018233280748
34.76581402709005
34.834886360317334
34.87980532893135
34.87980532893135
35.06421262356529
35.06421262356529
35.06421262356529
35.06421262356529
35.06421262356529
35.12981440537587
35.24544255839386
35.51444431962703
35.51444431962703
35.706677992802746
35.82777107155766
35.82777107155766
36.12650052679107
36.26977789315945
36.35162845968678
36.35162845968678
36.442153298529284
36.49024679331482
36.65292782674616
36.86393497706002
36.86393497706002
37.19172006703273
37.299788736633374
37.299788736633374
37.38533235865331
37.38533235865331
37.589942822870945
37.78436857264638
37.92990234779733
38.033494087235255
38.2677142461275
38.2677142461275
38.32720643974109
38.32720643974109
38.32720643974109
38.34137044736597
38.400228854452585
38.500620441382324
38.72276691273564
38.82969027096633
38.82969027096633
38.82969027096633
38.86470624088443
39.007945382735045
39.007945382735045
39.04056266892773
39.17793599507807
39.213643904579605
39.223670001769094
39.36963747499832
39.46848879578455
39.46848879578455
39.633719642558525
39.748166905024135
39.9929880107393
39.9929880107393
39.9929880107393
40.19797173943891
40.339873397273784
40.339873397273784
40.5389718951143
40.5389718951143
40.5389718951143
40.59148094611374
41.03169360392166
41.16597948082963
41.16597948082963
41.290128147451895
41.59461529615661
41.91273645510265
41.98967169275148
41.98967169275148
41.98967169275148
41.98967169275148
41.98967169275148
42.21401429630207
42.21401429630207
42.32772133836689
42.32772133836689
42.418905285430625
42.73489671904179
42.73489671904179
42.73489671904179
42.73489671904179
43.01002325260078
43.01002325260078
43.0908537417162
43.09806417228179
43.24405553593543
43.24405553593543
43.269083375653764
43.269083375653764
43.29543045511161
43.34977851619456
43.386556687929776
43.386556687929776
43.58709257110863
43.66251746398211
43.66251746398211
43.77567868812407
43.77567868812407
43.802118593835715
43.938252092443136
43.951902672465394
43.9606299873651
43.9606299873651
44.26897251927538
44.30027169597126
44.40479713812078
44.7175565479316
44.74449109833388
44.955290799846296
45.02046938924463
45.02046938924463
45.20266822470886
45.51107417145683
45.66984055352112
45.77473322598982
45.897992686314005
46.09586856077594
46.11947388793733
46.11947388793733
46.11947388793733
46.11947388793733
46.11947388793733
46.11947388793733
46.4278059568875
46.66325132382642
46.66325132382642
46.81534371307131
46.95165188114982
46.95165188114982
46.95165188114982
46.95165188114982
47.090966054992165
47.090966054992165
47.090966054992165
47.261041538490225
47.625489572875594
47.64568594928373
47.757495075941414
47.762584010764684
47.762584010764684
47.874889834592814
47.947157501807794
47.947157501807794
47.947157501807794
47.947157501807794
48.06663819042293
48.13228700952594
48.271221999189706
48.42913572823416
48.54618945295732
48.54618945295732
48.54618945295732
48.54618945295732
48.70168167464032
48.84505611129373
48.902547959604306
48.92650099509087
49.13798412544183
49.269386088191
49.39647976480896
49.39647976480896
49.699781034711144
49.813866507825885
49.90466780775735
50.13662198539553
50.13662198539553
50.3372950131212
50.50566469296649
50.50566469296649
50.7573779372853
50.8381199293628
50.8381199293628
50.90462214100305
50.92055282854367
51.10635844929261
51.49153395633976
51.85676404337929
52.05557930346222
52.05557930346222
52.15082257757939
52.43433186015217
52.6819416621101
52.73522249169496
52.73522249169496
52.73522249169496
52.878236172312384
52.878236172312384
53.00765833988835
53.02685270672752
53.02685270672752
53.04807440660967
53.128774338348
53.19171973891604
53.19171973891604
53.19171973891604
53.19171973891604
53.253217560791605
53.253217560791605
53.26335743411631
53.27050905188564
53.27050905188564
53.27050905188564
53.606029806137265
53.71722669737228
53.792534964250535
53.792534964250535
54.1195706152009
54.1195706152009
54.21631794256329
54.233261336231685
54.37641227534136
54.37641227534136
54.55742538409324
54.55742538409324
54.61998579283105
54.61998579283105
54.72313360000308
54.72313360000308
54.86396418561353
54.86396418561353
54.96910300179387
54.96910300179387
55.03303705140699
55.03303705140699
55.07176270559969
55.08434100820016
55.3092600832786
55.38026978060495
55.38026978060495
55.547596954597324
55.547596954597324
55.547596954597324
55.616829266391775
55.6739745156537
55.85982300365647
55.85982300365647
55.86981831915808
55.98624456803199
56.089819779098455
56.19981955221726
56.24963480820019
56.47331092221363
56.5754279667741
56.82829723023043
56.910871136546895
56.987163382306434
57.072908363480686
57.072908363480686
57.23338161564132
57.23338161564132
57.23338161564132
57.270174074004004
57.270174074004004
57.459400791084846
57.459400791084846
57.459400791084846
57.459400791084846
57.46973018310481
57.46973018310481
57.46973018310481
57.46973018310481
57.46973018310481
57.65890904676357
57.757638321749816
57.757638321749816
57.923983885609715
57.923983885609715
58.1130409337921
58.1130409337921
58.1130409337921
58.1130409337921
58.212106813408255
58.212106813408255
58.212106813408255
58.29289240502448
58.29289240502448
58.339638079794405
58.49196162364704
58.50591914975452
58.598495990483855
58.598495990483855
58.598495990483855
58.675759405619914
58.76231073786098
58.81465630086082
59.178224963162556
59.178224963162556
59.35044744258488
59.52751819651161
59.64844983005524
59.89559046902082
59.89559046902082
59.944319200509206
60.071833078508064
60.071833078508064
60.071833078508064
60.071833078508064
60.087537611222565
60.19129097560858
60.19129097560858
60.19129097560858
60.25069638727355
60.44178556986104
60.44178556986104
60.44178556986104
60.44178556986104
60.4949510041524
60.4949510041524
60.4949510041524
60.53040757321284
60.53040757321284
60.54118419558729
60.54118419558729
60.54118419558729
60.70079388054483
60.77164535135567
60.77164535135567
60.77164535135567
60.77164535135567
60.83951491337175
60.926085970713814
60.926085970713814
61.10572570660794
61.17070984810257
61.28967263590915
61.28967263590915
61.3936866162089
61.3936866162089
61.3936866162089
61.3936866162089
61.48071917444282
61.48071917444282
61.48071917444282
61.48071917444282
61.60291720950344
61.60291720950344
61.67402941066379
61.82522061081983
62.010574694672506
62.010574694672506
62.010574694672506
62.010574694672506
62.213677215231314
62.29651362852868
62.48927939691386
62.48927939691386
62.48927939691386
62.85339362086454
63.041358937336994
63.041358937336994
63.15484718836733
63.28199399952983
63.322169307092814
63.322169307092814
63.322169307092814
63.49301922275306
63.49301922275306
63.56371446460276
63.56371446460276
63.56371446460276
63.56371446460276
63.56371446460276
63.56371446460276
63.56371446460276
63.56371446460276
63.59414256709965
63.59414256709965
63.618548047580866
63.618548047580866
63.618548047580866
63.618548047580866
63.73639833071784
63.73639833071784
63.73639833071784
63.73639833071784
63.73639833071784
63.73639833071784
63.877269976610016
63.886371819029
63.96920923659443
64.1935780217607
64.1935780217607
64.38583059649723
64.446794115423
64.446794115423
64.446794115423
64.54899691777602
64.54899691777602
64.6250704142552
64.6250704142552
64.6250704142552
64.70296417840063
64.72494640549189
64.79738612372722
64.79738612372722
64.79738612372722
64.79738612372722
64.86034018719621
64.86034018719621
65.06286873967608
65.24991856827441
65.28907124138927
65.3805752271416
65.3805752271416
65.46972020723896
65.50524603041079
65.50524603041079
65.50524603041079
65.52738417636914
65.52738417636914
65.52738417636914
65.58233897851444
65.58233897851444
65.61182307348241
65.61182307348241
65.61182307348241
65.61182307348241
65.61182307348241
65.6665508559745
65.6665508559745
65.6665508559745
65.77302042482778
65.77302042482778
65.77302042482778
65.77302042482778
65.77302042482778
65.77302042482778
65.77302042482778
65.96431578999905
66.14512701691314
66.23826491542243
66.23826491542243
66.38191983692704
66.38191983692704
66.38191983692704
66.44494789049385
66.44494789049385
66.44558879144053
66.44558879144053
66.44558879144053
66.44558879144053
66.44558879144053
66.44558879144053
66.44558879144053
66.44558879144053
66.45117449087161
66.45117449087161
66.45117449087161
66.45117449087161
66.45117449087161
66.48935588354237
66.48935588354237
66.48935588354237
66.5153219974695
66.5153219974695
66.5153219974695
66.5153219974695
66.5153219974695
66.54911498979082
66.54911498979082
66.54911498979082
66.54911498979082
66.54911498979082
66.54911498979082
66.54911498979082
66.54911498979082
66.54911498979082
66.54911498979082
66.68134458519317
66.74566064889676
66.84839687266415
66.89983487041363
66.89983487041363
66.89983487041363
66.89983487041363
66.89983487041363
66.89983487041363
66.96784810825042
67.0399270417335
67.13066674137751
67.13066674137751
67.19164163167004
67.19164163167004
67.19164163167004
67.19164163167004
67.19164163167004
67.19164163167004
67.19164163167004
67.19164163167004
67.19164163167004
67.19285704896718
67.19285704896718
67.22173455323225
67.22173455323225
67.23705061142428
67.31421077822446
67.31421077822446
67.31421077822446
67.31421077822446
67.31421077822446
67.31421077822446
67.34546538792145
67.34546538792145
67.34546538792145
67.34546538792145
67.42652771175656
67.42652771175656
67.42652771175656
67.42652771175656
67.42652771175656
67.45586347352473
67.45586347352473
67.45586347352473
67.45586347352473
67.45586347352473
67.57148205449245
67.7454205126117
67.7454205126117
67.91740565400659
67.91740565400659
67.91740565400659
67.91740565400659
67.91740565400659
67.91740565400659
67.95217795642014
67.95217795642014
67.98243961762564
67.98243961762564
67.98243961762564
67.99717426170209
67.99717426170209
68.06485752480351
68.06485752480351
68.06485752480351
68.1654508450817
68.1654508450817
68.17161468958132
68.24985442627049
68.36894480147879
68.42440230825102
68.4940526339176
68.4940526339176
68.55570304872352
68.57924034537251
68.63151858387037
68.63151858387037
68.63151858387037
68.71844584470071
68.71844584470071
68.81275689193704
68.81275689193704
68.81275689193704
68.81275689193704
68.83659354323792
68.83659354323792
68.83659354323792
68.97401748645872
68.97401748645872
69.03871226857476
69.03871226857476
69.03871226857476
69.06582380630772
69.07018837593232
69.07018837593232
69.07018837593232
69.07018837593232
69.07018837593232
69.07018837593232
69.07018837593232
69.07018837593232
69.13112896660321
69.13112896660321
69.13112896660321
69.15665734285737
69.28528094302203
69.3114439503286
69.3114439503286
69.3114439503286
69.3114439503286
69.3114439503286
69.31689272565457
69.31689272565457
69.31689272565457
69.31689272565457
69.31689272565457
69.31689272565457
69.31689272565457
69.44024690312413
69.44024690312413
69.44024690312413
69.44024690312413
69.44024690312413
69.44024690312413
69.44024690312413
69.44024690312413
69.44032853076635
69.44032853076635
69.44032853076635
69.47702252613075
69.47702252613075
69.47702252613075
69.47702252613075
69.47702252613075
69.47702252613075
69.47702252613075
69.47702252613075
69.47702252613075
69.47702252613075
69.47702252613075
69.51732402558768
69.51732402558768
69.51732402558768
69.51732402558768
69.66762107140224
69.66762107140224
69.66762107140224
69.80665262073522
69.80665262073522
69.80665262073522
69.80665262073522
69.80665262073522
69.80665262073522
69.80665262073522
69.85429072167665
69.85429072167665
69.91904597892487
69.91904597892487
69.91904597892487
70.03024909370872
70.03024909370872
70.03024909370872
70.03024909370872
70.03024909370872
70.03024909370872
70.03024909370872
70.03024909370872
70.03024909370872
70.03024909370872
70.03024909370872
70.03024909370872
70.03024909370872
70.03024909370872
70.03024909370872
70.03024909370872
70.03024909370872
70.03024909370872
70.08234641560321
70.08234641560321
70.08234641560321
70.08234641560321
70.08234641560321
70.08234641560321
70.12274143289903
70.12274143289903
70.14558042429917
70.2811511668487
70.2811511668487
70.3451208093715
70.3451208093715
70.3451208093715
70.34880765567968
70.34880765567968
70.34880765567968
70.34880765567968
70.34880765567968
70.41713153958142
70.45004540478703
70.49618820598208
70.61105090035322
70.61105090035322
70.61105090035322
70.70626876324344
