0.660425196504133
1.15507594393169
1.4611141269029562
1.5277998800342352
1.5277998800342352
1.6292825706850027
1.8120660862828672
1.8120660862828672
1.8120660862828672
1.9849497411812926
1.9849497411812926
2.0035051250673512
2.0035051250673512
2.1783791979707376
2.2717072553909543
2.3536697928652126
2.3536697928652126
2.512824809679834
2.512824809679834
2.8659937198059637
2.910365017701396
3.117672844607731
3.189176263782638
3.343619989282057
3.5019687766366925
3.5019687766366925
3.6474910617868495
3.6474910617868495
3.9843419011240497
3.9894387972912817
3.9894387972912817
4.476107030825991
4.751653981268096
4.751653981268096
4.771052758294855
4.902472260427328
5.314331095451008
5.571476976544086
5.60607898339539
5.716608532976367
5.848423178239416
6.029916728141653
6.285819823764933
6.491797701013033
6.782671729466792
7.041806713010069
7.486953448832115
7.883718351368792
8.260547039935727
8.402913773337882
8.566767123923764
8.966181231416819
9.20733696736776
9.774439309408335
10.060383353269193
10.278710624025464
10.824047694528492
10.845596877275867
11.323391066326694
11.323391066326694
11.650641725143164
11.862305820516713
11.862305820516713
11.959666219982575
12.292192394220438
12.361017324975188
12.653783189882589
12.653783189882589
13.011065287730881
13.283213607768063
13.465815783109043
13.86171783563332
13.99558494244262
14.52761575816604
14.624290528180468
14.936925026722774
14.98966208006472
15.371595340275046
15.773767305412667
15.982121703606294
16.25519012460434
16.59920305143827
16.81745625970745
16.951191812679234
17.252510652649438
17.252510652649438
17.457000050699172
17.553983612299728
17.853576847681495
18.007255506732893
18.332748101612545
18.710672508929246
18.98888218707039
19.22045048204914
19.58490172147378
19.808247993100103
19.83905642057011
19.89298015659855
19.89298015659855
19.895024640497862
20.185785849778945
20.271804227116434
20.271804227116434
20.678901014138823
20.968073982282206
21.554690321229202
21.55956600720996
21.885446151688424
22.047624996954408
22.20082343650936
22.584339551931784
22.893500588382565
23.603015575590945
23.69321719462088
24.049727889704386
24.432476330488456
24.56361739428866
24.56361739428866
24.56361739428866
24.76215000839659
24.823099164335684
25.0873546930277
25.32704355789688
25.681227574320594
25.681227574320594
26.22072419157471
26.22072419157471
26.274888206094616
26.29991549723107
26.51558131238274
26.93918955630281
27.458176187014192
27.53232171914315
27.76800647451554
28.107007052962256
28.196620545779712
28.23707844949085
28.400145358548254
28.574153120332316
28.574153120332316
28.574153120332316
28.984978492199172
29.1290984665098
29.68060829641908
29.859918438333885
29.97766099458826
30.282895946776435
30.282895946776435
30.41928409688166
30.967772469929766
30.967772469929766
31.23134160179583
31.58386006841522
31.85895731183313
31.971541797880796
31.971541797880796
32.17019310901407
32.42976851894977
32.42976851894977
32.619170458476475
32.82851006987047
32.87755007584294
32.97823738083937
33.16511649262409
33.16511649262409
33.182818074891856
33.39064422884271
33.75936068954638
33.89418656730341
34.3049426264688
34.63064679016151
35.0368719430529
35.333352315172085
35.59553532325674
35.59553532325674
35.88930512493361
35.96344657469862
36.429651586340476
36.429651586340476
36.64411234795572
36.64411234795572
36.9753156870689
37.18689297251546
37.228816005307735
37.3573934030173
37.47551366908294
37.82166393257635
38.05435235846092
38.34020311292744
38.47293476514105
38.88520372213619
39.55950927723005
39.55950927723005
39.78597822145458
40.11307148511536
40.17873809272124
40.26855589153686
40.589811144296085
40.589811144296085
41.114847516395116
41.243443028193894
41.47909677842541
41.741806798448096
41.76794326867947
41.940766247582246
42.20842743224159
42.20842743224159
42.520326108935286
42.64288474026635
42.98622585260468
43.32927155009691
43.346528258858875
43.65827870113573
43.65827870113573
43.69069511145942
43.69069511145942
43.91330449428553
44.23260272506212
44.290691687171574
44.49447308653065
44.53604044835343
44.896662168001406
45.03760491007107
45.23932744511212
45.6043286936304
46.073858605973754
46.126127027140164
46.1796716072587
46.35547554834934
46.91715454555246
47.106652637365144
47.34637746236177
47.622665572149984
47.85133285248109
48.20482716806868
48.3600024778696
48.61745705738897
48.82115236598372
48.82115236598372
48.84389994354578
49.30257195115019
49.547559398477105
49.93577639652026
50.11626945221928
50.11626945221928
50.11626945221928
50.38076625793491
50.38076625793491
50.63595558649628
50.825380825816225
51.205458980090114
51.205458980090114
51.42965910751813
51.600232895634754
51.772253254908314
51.772253254908314
51.772253254908314
52.12128687373747
52.17370957961323
52.36219959017035
52.407779327552525
52.46036307810053
52.46036307810053
52.46036307810053
52.6867395652045
52.82482054871018
52.82482054871018
52.82482054871018
53.06768320068922
53.06768320068922
53.10148576786197
53.10148576786197
53.10148576786197
53.30913044723957
53.35655556667255
53.35655556667255
53.4397678257204
53.510594827435305
54.03578957948608
54.10041171328561
54.643413322126555
54.643413322126555
54.76109266105933
54.76109266105933
54.82383944061381
54.966895462407194
55.06034766675683
55.068467835127365
55.225658440615895
55.225658440615895
55.378673548767054
55.378673548767054
55.378673548767054
55.60419058294459
55.805036321634184
55.847765321421456
55.847765321421456
55.847765321421456
55.847765321421456
56.04683076180082
56.04683076180082
56.16905713623313
56.16905713623313
56.39622726565312
56.56381379993629
56.56381379993629
56.56381379993629
56.56381379993629
56.56381379993629
56.91914795945669
56.91914795945669
56.91914795945669
57.08049754765509
57.10487748705251
57.10487748705251
57.10487748705251
57.21695036478812
57.3261273128506
57.35560687810195
57.51838826540202
57.68559417663573
57.81827463132063
58.12717457530198
58.12717457530198
58.441103344368365
58.51072499324961
58.728309913114174
58.728309913114174
58.920438545261604
59.18114077889221
59.18114077889221
59.18114077889221
59.20890602011929
59.39301435126555
59.39512037530488
59.39512037530488
59.40899758950918
59.5723521400158
59.5723521400158
59.65159607171542
59.708187839002626
60.01549063186835
60.20723997267364
60.33671770732833
60.50939880039592
60.59123162471206
60.59123162471206
60.60408081620424
60.829728631363906
61.028659028239375
61.53529131487349
61.53529131487349
61.53529131487349
61.575571324473884
61.62522797971084
61.76054293175477
61.80262338454139
61.89791689905735
61.89791689905735
61.89791689905735
62.05339539045381
62.26203145148809
62.26203145148809
62.53551468996417
62.66564185153359
62.84075291790585
62.91000829956365
63.00672386385286
63.00672386385286
63.25374585967723
63.25374585967723
63.552239057564755
63.552239057564755
63.552239057564755
63.75648026601644
63.75648026601644
64.0442765855242
64.48858932839923
64.48858932839923
64.48858932839923
64.5365080999825
64.76177118283321
64.76177118283321
65.02577168092907
65.2718430082137
65.4371617251616
65.50244308047108
65.50244308047108
65.75980291115276
65.93912038060012
66.08994719339417
66.08994719339417
66.10663573848258
66.14643013893192
66.14643013893192
66.24423204460666
66.31922910555278
66.57108387687168
66.57990199464473
66.57990199464473
66.57990199464473
66.57990199464473
66.57990199464473
66.66159100830768
66.69785225995726
66.78740795082993
66.82349653714313
67.13456974976373
67.13456974976373
67.19204495896878
67.37775819770452
67.50543381409744
67.83525878147624
67.83525878147624
67.9196744494708
68.17794045033183
68.17794045033183
68.23148429525531
68.38295367098702
68.39382484377363
68.39382484377363
68.54501947482918
68.64742116961982
68.69882200429709
68.69882200429709
68.80145194796462
68.86854333897466
68.95221861048097
69.14214291226415
69.36296694780994
69.43474560582061
69.54157928553346
69.54157928553346
69.6830207730845
69.6830207730845
69.74430016616412
69.84291244577446
69.84291244577446
69.84291244577446
70.13241672497537
70.2055244050131
70.26324445710215
70.26324445710215
70.40036785553761
70.45636160055447
70.66277822321847
70.7517691474951
70.7517691474951
70.84279675026166
70.84279675026166
70.84279675026166
70.85689314256243
70.85689314256243
70.88503519272633
71.24730716557845
71.56872469708779
71.71347150638162
71.71347150638162
71.8446173931937
72.11881564320778
72.11881564320778
72.189180193741
72.189180193741
72.18949964021785
72.18949964021785
72.1896841466037
72.1926783321516
72.20618212831268
72.20618212831268
72.37015907031447
72.47124774555587
72.47124774555587
72.57834684306057
72.57834684306057
72.75647849150367
72.75647849150367
73.15876182149769
73.26136867795447
73.40846020158027
73.40846020158027
73.4208250613827
73.69515086230845
73.87582334913417
73.90563785819354
73.90563785819354
73.95218973439103
74.02375367364355
74.10132712295173
74.14159288677482
74.2232328950973
74.55364284102743
74.78031362838401
74.78031362838401
75.15536129067225
75.15536129067225
75.15536129067225
75.16322382790571
75.22032324227763
75.22032324227763
75.22032324227763
75.49243052785286
75.49243052785286
75.742220791159
75.80288725702253
76.02233718993074
76.02233718993074
76.07715753943069
76.09811774121341
76.09811774121341
76.16490823930754
76.26783821660528
76.30363423590265
76.54330651394977
76.60507241898136
76.71299099704657
76.71299099704657
76.71299099704657
76.75369432797615
76.75369432797615
76.75369432797615
77.15119571349743
77.22238198763999
77.22238198763999
77.40205058275745
77.43965096520385
77.43965096520385
77.65061725005074
77.65061725005074
77.65061725005074
78.11326419325624
78.19467291314868
78.3427521542749
78.3427521542749
78.59771815306378
78.59771815306378
78.66563411301216
78.82731668968326
79.02055385154634
79.02055385154634
79.21909557157196
79.21909557157196
79.21909557157196
79.38987373038341
79.44552303811102
79.61859985789023
79.75294702020342
79.75294702020342
79.75294702020342
79.75294702020342
79.78502848878307
79.91813395657248
80.23850337960634
80.4268365663591
80.47894651183047
80.47894651183047
80.47894651183047
80.47894651183047
80.47894651183047
80.51578811386884
80.53479611517115
80.53479611517115
80.63371879287517
80.63371879287517
80.63371879287517
80.70260553502192
80.75543774256803
80.75543774256803
80.945550949791
81.13178091443531
81.13178091443531
81.40853970376693
81.40853970376693
81.4149129943534
81.44065229420906
81.52691447570598
81.84475413204585
81.84475413204585
81.88590387134744
82.06615432413156
82.1575337702524
82.20817105471552
82.25143122491345
82.25143122491345
82.42578175497827
82.64734752677569
82.82220117636643
82.96335271412116
82.96335271412116
82.96335271412116
82.96335271412116
82.96335271412116
83.09560685900861
83.2739870413741
83.34443639697598
83.34443639697598
83.34443639697598
83.34443639697598
83.34443639697598
83.34443639697598
83.34443639697598
83.39923980717236
83.39923980717236
83.39923980717236
83.53307626420366
83.75366787042499
83.75366787042499
83.91309881675473
84.02641936046508
84.02641936046508
84.02641936046508
84.02641936046508
84.02641936046508
84.02641936046508
84.02641936046508
84.22790229693013
84.22790229693013
84.28011617541027
84.40711276636817
84.40711276636817
84.40711276636817
84.42507451491805
84.56664726153171
84.56664726153171
84.56664726153171
84.56664726153171
84.61926192181983
84.61926192181983
84.80939260281485
85.03933811619203
85.06347596840813
85.06347596840813
85.26027320782974
85.26027320782974
85.26027320782974
85.26027320782974
85.26027320782974
85.41791312234884
85.41791312234884
85.46397195740916
85.70933391098811
85.71739610122347
85.71739610122347
85.71739610122347
85.8324907188701
85.8324907188701
85.8324907188701
85.8324907188701
85.8324907188701
85.89700131092812
85.89700131092812
85.9156362153812
85.9156362153812
85.9156362153812
85.9156362153812
86.1741502559002
86.1741502559002
86.1741502559002
86.31773271306915
86.31773271306915
86.31773271306915
86.62403131306003
86.68242364196988
86.8566817328835
86.8566817328835
86.93163385668252
86.93163385668252
86.93163385668252
86.93163385668252
86.93163385668252
86.97937995350523
87.12606479123318
87.31306365835438
87.31306365835438
87.35465997687702
87.36038444311244
87.55752204444423
87.55752204444423
87.7169367242986
87.73967357098485
87.74167843551253
87.74167843551253
87.74167843551253
87.74167843551253
87.74167843551253
87.9457863691627
88.07195683129339
88.07195683129339
88.07195683129339
88.10685386738706
88.11181208021269
88.37287618615272
88.37287618615272
88.37847864775368
88.47635014233978
88.47635014233978
88.71783170278938
88.71783170278938
88.9537966808438
88.95983717698839
89.04014693871123
89.04014693871123
89.21555228210036
89.39089207254787
89.39089207254787
89.39089207254787
89.45487458567762
89.4979242733652
89.57490509019453
89.67108548660907
89.85911035960784
89.85911035960784
89.88650649038044
89.99666689225421
89.99666689225421
89.99666689225421
89.99666689225421
90.09196308992261
90.09196308992261
90.09196308992261
90.38155834104779
90.38155834104779
90.4838716785731
90.4838716785731
90.52374065742191
90.54028348185301
90.67052688799845
90.75356133066882
91.02176127718883
91.02176127718883
91.13221420647493
91.13221420647493
91.4032569335207
91.77818225606084
91.77818225606084
91.77818225606084
91.87262692592888
91.87262692592888
91.90688824746623
91.90688824746623
91.90688824746623
91.90688824746623
91.9635372911305
92.00180337324842
92.16838267013497
92.29734861006129
92.33445191101693
92.48633226525536
92.48633226525536
92.62745634545554
92.62745634545554
92.86989313852249
92.92597220057463
92.92597220057463
93.06005848872186
93.06005848872186
93.06005848872186
93.21258061671429
93.33242474554244
93.33242474554244
93.39286443688967
93.61236538672522
93.75720364555082
93.8109242467842
93.85858962319088
93.85858962319088
93.85858962319088
93.85858962319088
94.26250620622913
94.32247450477745
94.32247450477745
94.35324467587022
94.50678083488255
94.62738297017968
94.62738297017968
94.65970755973103
94.65970755973103
94.83276330091299
94.83276330091299
94.83276330091299
95.03354513999928
95.03354513999928
95.03354513999928
95.19708260705264
95.19708260705264
95.28814011351079
95.28814011351079
95.31060908169604
95.31060908169604
95.51274501695798
95.63130403872009
95.68770541901006
95.85098290763865
95.99387372038237
95.99387372038237
96.1939641614452
96.1939641614452
96.1939641614452
96.32404634863998
96.45321632505927
96.45321632505927
96.5583733811097
96.58581526025897
96.82549839158578
97.05061936799339
97.1751171107422
97.4042752883658
97.4042752883658
97.58429598135382
97.68996049820427
97.73461719546357
97.73461719546357
97.98392046519143
98.26021874540587
98.34073392902197
98.37745548193915
98.37745548193915
98.37745548193915
98.38911835561545
98.6276251672183
98.7186685156741
98.7186685156741
98.7186685156741
99.00197324549836
99.00197324549836
99.00197324549836
99.35027272684059
99.72480075440306
99.78376995576781
99.93347173994412
100.08146883389415
100.18197776727908
100.1835867907708
100.1835867907708
100.1835867907708
100.34498076175039
100.34498076175039
100.34944576230082
100.37451774908955
100.37451774908955
100.37451774908955
100.37451774908955
100.5073669549659
100.56193700042127
100.56193700042127
100.65398932566208
100.84238710173037
100.84238710173037
100.84238710173037
100.84238710173037
101.05869063124804
101.3299338124182
101.3299338124182
101.3299338124182
101.36709419039049
101.36709419039049
101.52247852125029
101.59656290161425
101.78759598518327
101.78759598518327
101.78759598518327
101.92034917565283
101.93137205724139
101.93137205724139
102.15382932849207
102.17953327589126
102.20398302480453
102.20398302480453
102.20398302480453
102.20398302480453
102.20398302480453
102.27252538553549
102.27252538553549
102.27252538553549
102.42641291542009
102.4826055205241
102.56783411281354
102.65289918781087
102.65289918781087
102.65289918781087
103.05190944873986
103.1278393454578
103.30809956060526
103.30809956060526
103.55250024750654
103.8601237471889
104.0476423976031
104.0476423976031
104.28064877400526
104.28064877400526
104.34034192187553
104.34034192187553
104.39473057303849
104.39473057303849
104.40702621183975
104.40702621183975
104.40702621183975
104.40702621183975
104.62185400798884
104.62185400798884
104.62185400798884
104.88329281281563
105.00184309090781
105.00184309090781
105.00184309090781
105.00184309090781
105.0820357085368
105.23532762225501
105.32966734535786
105.40785331551581
105.49936925631147
105.63476088014657
105.69748228285313
105.79581635843763
105.87802470720305
106.06787033589318
106.06787033589318
106.08011905110267
106.25359969542008
106.52420902877378
106.52420902877378
106.57935004470917
106.69022494837034
106.80373558716086
106.82219772836315
106.82219772836315
106.82219772836315
106.82219772836315
106.93162536109911
107.06158321952795
107.17658542953808
107.17658542953808
107.38335630345624
107.38335630345624
107.41260956855106
107.60487802965324
107.60487802965324
107.60487802965324
107.99746626784156
108.1650582229417
108.25695683227312
108.3133712228601
108.32798061029992
108.3460734611303
108.7156109481197
108.75991292608424
109.06069283102234
109.06069283102234
109.34373326075523
109.34373326075523
109.34373326075523
109.34373326075523
109.34373326075523
109.38563568914087
109.38563568914087
109.38563568914087
109.38563568914087
109.53094032041359
109.53094032041359
109.63045662377937
109.69544401172223
109.69544401172223
109.71266998650674
109.97704154153553
110.0108297802903
110.09823057039216
110.21468951846146
110.21468951846146
110.5455250543949
110.8393093577482
111.01174282904891
111.01174282904891
111.15740940146028
111.20328410626166
111.28646383902296
111.40480152984259
111.40480152984259
111.40480152984259
111.61002950002916
111.81082525575287
111.82190843735253
111.90698449200862
111.90698449200862
112.10709037918289
112.16929202836069
112.30608696683876
112.37066144151039
112.74124794366085
112.81701765783379
113.04564390335327
113.04564390335327
113.11097900467459
113.11097900467459
113.11097900467459
113.11097900467459
113.11097900467459
113.39238131560599
113.52607938334437
113.52607938334437
113.5799818184626
113.8534000194097
