0.10076465991573466
0.8565522028562992
1.2283668059469877
1.817759742306293
2.374320902288339
2.8862100270038473
3.1520805548087694
3.4745384080836983
3.561414429545418
3.8151365950194838
4.295265558478977
4.295265558478977
4.736756656337562
4.98462879140804
5.480814525870033
5.854069829413802
6.406345929684762
6.724470920656412
7.2241122638623905
7.374871585440355
7.525730271948783
7.595987573582795
7.9808961878491225
8.188092796862014
8.504134604301811
8.890149443647706
9.155508342687497
9.155508342687497
9.155508342687497
9.575507010010226
10.26249589242509
10.501547065874687
10.892540209208008
10.9222436418839
11.522906609380971
11.725240237384346
12.253435713244858
12.375763969586641
12.604552759179606
12.673622012229576
12.961439923544742
13.146497225923916
13.481023782428192
13.481023782428192
13.60518427738771
13.754961615268003
13.954520731986356
14.244046752886408
14.843499344853376
15.148504298379498
15.55167854198174
15.628727945828444
15.738702608404639
15.738702608404639
15.738702608404639
15.738702608404639
16.120205216518766
16.120205216518766
16.56410584469221
16.57087957849892
16.611236542119084
16.654515137115094
16.887597865517016
16.994488703216433
17.135907811030815
17.135907811030815
17.291163119947836
17.45219314502627
17.60688024011352
17.945733076482686
17.954732056438665
18.024155082655167
18.024155082655167
18.192547170091263
18.2695104694264
18.274950454527342
18.59797424119837
18.90451371540483
18.90451371540483
18.917761748688964
18.917761748688964
19.18791827489921
19.293801724414315
19.6721990921459
19.87059472666417
20.133709294871302
20.2786772753644
20.738096351371674
20.738096351371674
21.00004466805212
21.274322354090057
21.739654992278822
21.78626266537278
22.146288082168493
22.291506814561828
22.475586156803327
22.715930599438604
22.965473098541608
23.08733860845693
23.17659587850903
23.26685134288743
23.36450939668102
23.59293638387984
23.755967509389624
24.07912435354234
24.31431729886858
24.549737329302886
24.833574697863817
25.23353135893202
25.421186182437022
25.499515639005025
25.731909069897167
25.859100375050282
25.859100375050282
25.936318238859354
25.936318238859354
26.119694671477045
26.505879064745578
26.887212300426622
26.887212300426622
27.01412269967105
27.01412269967105
27.188906719769893
27.592108857544567
27.875592949606663
27.875592949606663
28.118773565204176
28.119108868416276
28.119108868416276
28.378321926769388
28.4943160686085
28.4943160686085
28.640286412744963
28.640286412744963
28.84614213530555
28.863556173690657
28.900888088543553
28.900888088543553
29.02039910266176
29.51558041935444
29.698676542521063
30.130850347063447
30.392635445846057
30.392635445846057
30.392635445846057
30.601695749657118
30.741365258299254
30.741365258299254
30.741365258299254
31.164032057937504
31.50610255935568
31.922725136757492
32.12472158547739
32.27855366619436
32.62990848461478
32.76845864831374
33.02756609394578
33.04052974687975
33.2288676709948
33.30026558309423
33.30026558309423
33.440953716798205
33.79620755279184
34.07839006294937
34.07839006294937
34.426699290430534
34.831102677258286
34.86024256923377
34.91713783461067
34.91713783461067
34.91713783461067
35.04160722683795
35.27974473929052
35.77694563487369
35.98946110370032
35.98946110370032
36.11352358933874
36.11352358933874
36.11352358933874
36.691668447908
37.00688972276659
37.35241662556525
37.53591267174715
37.63642508278276
37.984296246240234
38.249070599473775
38.904497497351905
39.248208744324266
39.57160369354003
39.57160369354003
39.57160369354003
39.679795368538244
39.679795368538244
39.692558716559724
39.692558716559724
39.848275756074756
39.848275756074756
40.08939263355543
40.41514109889156
40.527925981865685
40.87780904784186
40.994627344758726
41.54488521784388
42.11221211635118
42.28394554785446
42.428119875067495
42.594606471356066
42.95264476215737
43.194160265112735
43.20477818150171
43.51289893076678
43.535150509110906
43.81387882704115
44.28300790112723
44.364661467935974
44.5905282930693
44.60025447258631
44.82972833456151
44.95724794917378
45.02944946409433
45.322105074752045
45.369133725405
45.661729276902804
45.81337794615304
46.05006720220471
46.46826434958111
46.93355354331563
46.93355354331563
46.93355354331563
47.15021493152925
47.25034372350353
47.619169119657265
47.809128382906444
48.048970792687044
48.26647804216915
48.41586315232075
48.49482425384145
48.688307299869834
49.11496715935117
49.11496715935117
49.50268279128201
49.50268279128201
49.769894217317194
50.055971123342545
50.36081591845884
50.57172832498666
50.8428644070876
51.27867047170644
51.59562866551166
51.91882088108073
52.0802823546412
52.202831809761555
52.29952715481604
52.29952715481604
52.67527719003197
52.94531587553507
53.33467019899853
53.5737709565286
53.80358831100575
54.117526219273635
54.6950552784977
54.91179883130214
54.958501732317956
55.04617346877871
55.11078427176591
55.531989886043114
55.80616227607348
55.96653101056581
56.16963406059289
56.55503373099178
56.669556032221244
56.669556032221244
56.754281672995326
56.939373021611274
57.0826711579713
57.0826711579713
57.20016338220692
57.20016338220692
57.36422727171713
57.6723812135186
57.85267691651514
58.079088525390354
58.25348608998153
58.723919251850205
58.723919251850205
58.79429989328221
58.937382539819446
59.08607396593116
59.45869421067491
59.56906540542634
59.687534193804396
59.729748520768865
59.729748520768865
59.99874271556708
60.6121266543879
60.79777474771035
60.95992301759601
61.22905358721129
61.22905358721129
61.323018502776605
61.323018502776605
61.510364213864634
61.630531404322404
61.80225405929792
61.84171161407705
62.172973765636094
62.338379152449996
62.338379152449996
62.410459143896055
62.606441032879125
62.66048417643642
63.17819192955833
63.17819192955833
63.17819192955833
63.47997962983604
63.69421182643448
63.90794789395379
64.0103413802378
64.05434103583153
64.35319035604479
64.44261197522025
64.58657242268079
64.91230843520299
65.29658346695274
65.29658346695274
65.59880552086163
65.81180846954294
65.81180846954294
65.81180846954294
65.81180846954294
65.90341612255162
65.90341612255162
65.96766887473085
66.10878056459411
66.42496767926725
66.9139588416914
67.0047880154911
67.10171111381538
67.31146567886411
67.44843098978446
67.73277775488238
67.99539190728916
68.28909864087586
68.53378142124895
68.71105130345916
68.88479968310146
69.12919981450013
69.44461201786909
69.74297670936872
69.87303808931875
69.87303808931875
70.1899455407907
70.20543090436219
70.20543090436219
70.50203685712566
70.60163806197112
71.01369877905533
71.0406871389228
71.22795370857843
71.51543686354194
71.60969638728945
71.60969638728945
71.68747244537062
72.04106185153101
72.52340990782362
72.87565469824858
73.34396930572181
73.34531820044967
73.35017926481844
73.44368168955721
73.60529930280757
73.66700501107627
73.68850146105055
73.70769413643272
73.70769413643272
73.775990874005
73.775990874005
73.84745652261593
74.2948359267938
74.44478174152168
74.72557070273088
74.82002716763768
75.10273667398727
75.19358309219028
75.36748059707327
75.70717517560816
75.70717517560816
75.98162158982677
76.38933774342085
76.5179531757505
76.81898632858773
76.89876041201066
76.92714177375018
77.33564531341725
77.50838501701628
77.67818389675425
77.9580982536787
78.18572849337653
78.65855562169162
78.7689006624056
78.89940715260346
79.11845670147156
79.14343694398052
79.21478699449251
79.30189192894247
79.48010461407458
79.53330047163351
79.73373769211749
79.73373769211749
79.73373769211749
79.75121608279053
79.87854489249678
80.10480372112463
80.11869043518075
80.1798728012737
80.4049141437328
80.4049141437328
80.43769515825024
80.65138457343384
80.9997833370293
81.17478451685191
81.24156408613499
81.68151182898832
81.68151182898832
81.68151182898832
81.9168312254424
81.93357635457883
81.93357635457883
82.1289135214221
82.15491312812316
82.24544330887943
82.40091644861948
82.40091644861948
82.59242602900956
82.6637293123716
82.6637293123716
82.67028040794277
82.67028040794277
83.02058733322417
83.02058733322417
83.02058733322417
83.30997109511583
83.5590382122587
83.5590382122587
83.89828706701579
84.07769576196439
84.07769576196439
84.48516532876795
84.48516532876795
84.48516532876795
84.57484846144467
84.57484846144467
84.69918115948971
84.70352851899018
84.88301645148282
84.88301645148282
84.92552801564577
85.00680857291493
85.06709492033308
85.06709492033308
85.06709492033308
85.13301895194091
85.15877388886831
85.28608590226007
85.28608590226007
85.28608590226007
85.47690815637714
85.5728737175021
85.95269654614839
85.98951105495556
86.2428650643603
86.70641622385322
86.9216635718329
87.09824968320389
87.50439438806946
87.68697883883279
87.68697883883279
87.68697883883279
87.79962684957624
87.79962684957624
88.1856289413398
88.20702333317035
88.46822124508695
88.65294667291045
88.65294667291045
88.90092190782612
88.90092190782612
88.90092190782612
88.90092190782612
88.98414997629517
89.26411352509723
89.48620099643259
89.63402018331398
89.91971266621363
89.91971266621363
90.02070766274294
90.11322592514803
90.11322592514803
90.11322592514803
90.11322592514803
90.34507995752688
90.58399724230422
90.94233419653273
90.9962523813262
91.12322817649599
91.2191810028526
91.46102261421329
91.7567725073172
91.96973939136015
92.02051721090204
92.1597600333635
92.46457245924402
92.46457245924402
92.68878644792633
92.85049502662541
92.85049502662541
93.00485288218279
93.00485288218279
93.00485288218279
93.00485288218279
93.00485288218279
93.13030390710735
93.37352236822264
93.63192796502996
93.63192796502996
93.63192796502996
94.32055477801316
94.37228782500237
94.40282301554849
94.69149883499303
94.69149883499303
94.69149883499303
94.78013005010294
94.80315993251429
95.16845467386395
95.16845467386395
95.47609100365729
95.60287715228702
95.73211424124877
95.88968767610692
95.88968767610692
96.05172605787605
96.05172605787605
96.144274033009
96.144274033009
96.144274033009
96.19828100380528
96.19828100380528
96.19828100380528
96.19828100380528
96.19828100380528
96.45848064701883
96.53227567976238
96.58888770476756
96.61097891865002
96.63273444738184
96.79405673686874
96.81358950363871
96.86840982070918
97.23141596787518
97.50272480107226
97.50272480107226
97.55686898357406
97.61827520690359
97.87477158789176
98.20520734845553
98.20520734845553
98.66692273053813
98.82191268122068
98.8375290626759
98.95997522662711
99.0426679390678
99.0426679390678
99.0426679390678
99.0426679390678
99.29603461422492
99.49397763885257
99.49397763885257
99.7853154232747
100.08658782317829
100.08658782317829
100.08658782317829
100.25994553350336
100.25994553350336
100.25994553350336
100.25994553350336
100.35667280244299
100.74052252427661
100.96158309343824
100.96158309343824
100.96158309343824
100.96158309343824
100.96158309343824
100.99712751305955
101.18849978029138
101.19751238888088
101.35437677356913
101.7121949783502
101.7121949783502
101.7121949783502
101.7121949783502
101.76302426064188
101.9909475835993
102.10012248061616
102.15540566135655
102.21858306582374
102.23712658302966
102.24163522799273
102.24163522799273
102.24163522799273
102.24163522799273
102.35965067506419
102.54728897064142
102.54728897064142
102.58663831273024
102.8734555829068
102.95747741856688
102.95747741856688
102.95747741856688
102.95747741856688
103.11129829777539
103.19679979509985
103.19679979509985
103.19679979509985
103.19679979509985
103.19679979509985
103.27669147442757
103.27669147442757
103.42066904261496
103.53377045581877
103.64871576654032
103.64871576654032
103.64871576654032
103.64871576654032
103.92192103017682
103.92192103017682
104.18051817780186
104.18051817780186
104.18051817780186
104.19685425572206
104.19685425572206
104.19685425572206
104.19685425572206
104.28569375350224
104.3298010028857
104.42505715808772
104.69225208862292
104.69225208862292
104.84361264002426
104.84361264002426
104.968252302639
105.15869987973947
105.36064679950479
105.45043858752082
105.5510386486969
105.63726687989602
105.68266717101794
105.68266717101794
105.68266717101794
105.7564948178655
105.7564948178655
105.8104226223479
105.92420605619533
106.02352738741722
106.02352738741722
106.03677917773243
106.08768894703041
106.12654169854434
106.12654169854434
106.23144734577669
106.23144734577669
106.30370163852574
106.30370163852574
106.56548859411176
106.56548859411176
106.56548859411176
106.65249306263043
106.65249306263043
106.80625292932359
106.9519152665835
106.96181886581144
106.96181886581144
106.96181886581144
107.01358843472458
107.11811269850283
107.36986472136559
107.55744729455994
107.58449282143816
107.58449282143816
107.7687016568242
107.95874293059038
108.14637346424479
108.2784330480051
108.2784330480051
108.32026883118438
108.47270874070665
108.47270874070665
108.57154488098129
108.57154488098129
108.57154488098129
108.79194625283384
108.83062027455526
108.97145705893382
109.19581004721289
109.26206598976297
109.26206598976297
109.2675210765525
109.34584312855841
109.50935207475013
109.50935207475013
109.50935207475013
109.53782591057164
109.53782591057164
109.53782591057164
109.53782591057164
109.6761611489458
109.81427111221767
109.92334445014313
109.92334445014313
109.92334445014313
109.92334445014313
109.99211135477931
109.99211135477931
110.1584074407169
110.22262055149834
110.34536867786437
110.34536867786437
110.58697007916045
110.61011217922109
110.74245085532134
110.74245085532134
110.87853027252739
110.92796348935491
111.00454385063853
111.14909829883202
111.32818182194823
111.32818182194823
111.32818182194823
111.32818182194823
111.32818182194823
111.34857600409914
111.34857600409914
111.48627650548828
111.48627650548828
111.49549714710507
111.85532559632064
112.13158646696441
112.15499611836754
112.21656062502205
112.32043898518272
112.32043898518272
112.54690620777379
112.54690620777379
112.54690620777379
112.54690620777379
112.54690620777379
112.91697132192745
112.91697132192745
112.9220570315139
112.9220570315139
112.9220570315139
113.12715261590743
113.16126867145357
113.31151602461591
113.31151602461591
113.31151602461591
113.31151602461591
113.31151602461591
113.31151602461591
113.46596012940215
113.58954302153066
113.58954302153066
113.58954302153066
113.58954302153066
113.82134009216404
113.84789060487729
114.01670427618873
114.1642427219909
114.1642427219909
114.1642427219909
114.20692275285093
114.3706956572065
114.3706956572065
114.5234109375152
114.5234109375152
114.5234109375152
114.66860918506507
114.66860918506507
114.66860918506507
114.90547845629675
115.03163389311878
115.2859578183182
115.35725550057394
115.44270875650474
115.44270875650474
115.44270875650474
115.63808412783348
115.63808412783348
115.64172771568599
115.64172771568599
115.64172771568599
115.64172771568599
116.0588859207531
116.06763898409523
116.06763898409523
116.06763898409523
116.1080335109873
116.4119760641631
116.46986850803096
116.46986850803096
116.46986850803096
116.46986850803096
116.6158453060557
116.67754991397109
116.67754991397109
116.75989227573137
116.89971750059541
116.99104017881602
117.01619505407342
117.02661976655973
117.11444894795476
117.11444894795476
117.34447969853984
117.34447969853984
117.4219219578453
117.44361781514795
117.44361781514795
117.52350743549889
117.52350743549889
117.8372329817048
117.88801416020448
118.0202307829244
118.06688920160914
118.06688920160914
118.09998527591287
118.09998527591287
118.09998527591287
118.22117536293432
118.22117536293432
118.37675226502749
118.43783643365883
118.63550153473233
118.66957960357266
118.83476217706182
119.05880475264566
119.05880475264566
119.10875713153953
119.19538547350906
119.51821258979597
119.55067267556325
119.55067267556325
119.62244050196988
119.64265117513634
119.83541144640405
120.13319958692759
120.2739531698799
120.54230545751017
120.54230545751017
120.54230545751017
120.70629466483177
120.70629466483177
120.73318478289134
120.80561340962291
120.83621174325043
121.02828039597135
121.08925576032543
121.11472710031971
121.13328531453726
121.27165316878487
121.45993751991934
121.52949137233797
121.54318786521067
121.60828105351398
121.60828105351398
121.73396428617482
121.9967396800334
121.9967396800334
122.04437728480329
122.22170925814196
122.33774750127962
122.33774750127962
122.41479790211878
122.54792591263059
122.79866299271639
122.84825914993863
122.84825914993863
122.9566462263056
123.05252640974965
123.20358846295977
123.27113012689156
123.31414636472319
123.57117451580298
123.57117451580298
123.72430616006778
123.72430616006778
123.769575299158
124.00935462955113
124.05486911171494
124.28091487453887
124.28091487453887
124.28091487453887
124.37647128978068
124.48532465843728
124.67490479917707
124.67490479917707
124.67490479917707
124.7233801133946
124.73123241878295
124.73123241878295
124.75160051187463
124.75160051187463
124.80022927257123
124.81153788369453
124.81153788369453
124.81153788369453
124.81153788369453
124.81153788369453
124.81153788369453
124.81153788369453
124.89566147074203
124.93470047724925
124.93470047724925
124.93470047724925
125.032987987871
125.03474726155962
125.03474726155962
125.15497827124096
125.15497827124096
125.15698954254071
125.1639303710762
125.32350023910242
125.32350023910242
125.34757706190076
125.34757706190076
125.41383380653872
125.57486591509455
125.62014777002898
125.62014777002898
125.62014777002898
125.62014777002898
125.62014777002898
125.62014777002898
125.67022692510098
125.81487829340232
126.02057398148521
126.11156364556619
126.11156364556619
126.18616443201853
126.27461232407367
126.27461232407367
126.27461232407367
126.27461232407367
126.27461232407367
126.35169404810807
126.48969013049334
126.5330252478913
126.54802406009811
126.7687448332087
126.79615020128398
126.79615020128398
126.81794528531907
126.81794528531907
126.8493985643108
126.8493985643108
126.92985067683426
126.92985067683426
127.09759665483381
127.09759665483381
127.09759665483381
127.15213785955574
127.15213785955574
127.15213785955574
127.22255471429024
127.22255471429024
127.22255471429024
127.25135919397513
127.25135919397513
127.33078698777268
127.33078698777268
127.33078698777268
127.35490346338013
127.35490346338013
127.44627954441671
127.53119767470761
127.63052154273828
127.80625714998472
127.9430050922327
128.0200251341474
128.04539382634968
128.04539382634968
128.04539382634968
128.29131128936353
128.29131128936353
128.29131128936353
128.29131128936353
128.34733305091112
128.3788208345891
128.55584118952416
128.5683296171097
128.5683296171097
