0.3511373846783448
0.793571537384442
1.176932403967439
1.427180921937719
1.5910938391626694
1.974812345439294
2.7082555383885323
3.017480658933618
3.1996141429554923
3.6039046636765484
3.9864445214542803
4.207900443963388
4.207900443963388
4.409357165570763
5.004389427899428
5.362308409101117
5.570288662876071
5.735644330254119
5.994600943475376
6.263526769171779
7.093534236671406
7.095394821856116
7.504955723953504
7.810150135573146
7.875836679236205
7.875836679236205
7.97206427482609
7.97206427482609
7.97206427482609
7.97206427482609
7.97206427482609
8.322357060708057
8.51674708352075
8.6599361675503
8.67311020908864
8.906615958720877
9.104726604806679
9.23987646827243
9.492267970509975
9.52509242348565
9.652067805071441
9.769067698785369
10.104462696120356
10.144648896727933
10.266028194090984
10.59930169152651
10.621042692638504
10.80408716227616
10.847958899713953
10.847958899713953
10.847958899713953
11.078508199984352
11.292652599300535
11.506332464337333
11.708940574878481
11.708940574878481
12.09427115522874
12.09427115522874
12.09427115522874
12.09427115522874
12.115651514883304
12.165732413292465
12.277007347569207
12.277007347569207
12.42663830719384
12.48054960093348
12.554345891559764
12.554345891559764
12.554345891559764
12.895540734500704
12.895540734500704
12.961236237810168
13.195038293816122
13.195038293816122
13.651795398940902
13.75294004282302
13.863444716140274
13.863444716140274
13.87127894372117
13.87127894372117
14.023876568327342
14.023876568327342
14.21344619740747
14.269666689470219
14.432870481245372
14.432870481245372
14.651706755345437
14.651706755345437
14.651706755345437
14.69331004824321
14.946727728233423
15.077996531659116
15.109943815038712
15.109943815038712
15.109943815038712
15.12749773841691
15.12749773841691
15.12749773841691
15.12749773841691
15.23709902057821
15.23709902057821
15.421512293928323
15.421512293928323
15.421512293928323
15.421512293928323
15.505519574148295
15.505519574148295
15.651132829265615
15.796844325286227
15.894020028794715
15.940301621723401
15.940301621723401
16.13091501308544
16.13091501308544
16.245991161731766
16.393263680523447
16.577088879777445
16.577088879777445
16.577088879777445
16.781500700395743
16.883808054721126
16.883808054721126
16.883808054721126
16.883808054721126
16.883808054721126
16.883808054721126
16.972548377511032
17.025896681988925
17.025896681988925
17.08812799851289
17.19465346234561
17.252221979952996
17.252221979952996
17.335135861322858
17.335135861322858
17.335135861322858
17.3929443132089
17.39677099492173
17.39677099492173
17.39677099492173
17.569508230102524
17.62440115141577
17.686325864719286
17.686325864719286
17.686325864719286
17.686325864719286
17.686325864719286
17.686325864719286
17.747816704678062
17.747816704678062
17.747816704678062
17.747816704678062
17.747816704678062
17.747816704678062
17.79666508003469
17.79666508003469
17.79666508003469
17.80328053808095
17.80328053808095
17.80328053808095
17.80328053808095
17.896361441433164
17.896361441433164
17.896361441433164
18.008415058830938
18.008415058830938
18.008415058830938
18.02338838006297
18.02338838006297
18.02338838006297
18.03956111098478
18.03956111098478
18.05756364378814
18.338820584652687
18.38242476380121
18.38242476380121
18.38242476380121
18.38242476380121
18.38242476380121
18.44240961774851
18.486518093766236
18.486518093766236
18.486518093766236
18.486518093766236
18.486518093766236
18.486518093766236
18.486518093766236
18.686535758395067
18.686535758395067
18.76548270854228
18.76548270854228
18.816193151795602
18.816193151795602
18.816193151795602
18.816193151795602
18.816193151795602
18.816193151795602
18.974062390002544
19.01190859630716
19.01190859630716
19.113748332464883
19.113748332464883
19.113748332464883
19.113748332464883
19.113748332464883
19.113748332464883
19.274170611884696
19.274170611884696
19.274170611884696
19.362032964033055
19.362032964033055
19.362032964033055
19.362032964033055
19.362032964033055
19.40580853318067
19.40580853318067
19.40580853318067
19.40580853318067
19.445623376449877
19.445623376449877
19.550735530149304
19.550735530149304
19.550735530149304
19.550735530149304
19.550735530149304
19.687761749735838
19.687761749735838
19.69222648473567
19.69222648473567
19.69222648473567
19.69222648473567
19.731378952450473
19.750589950653332
19.750589950653332
19.750589950653332
19.750589950653332
19.797282305454562
19.797282305454562
19.95272897295532
19.95272897295532
20.01400577504067
20.146254370568066
20.146254370568066
20.146254370568066
20.146254370568066
20.146254370568066
20.146254370568066
20.146254370568066
20.146254370568066
20.21157560915323
20.36159883851285
20.384473186566094
20.384473186566094
20.384473186566094
20.407062461351362
20.407062461351362
20.461489469899117
20.461489469899117
20.590023804237347
20.590023804237347
20.590023804237347
20.590023804237347
20.590023804237347
20.590023804237347
20.67628126569404
20.74405454103535
20.74405454103535
20.83247328633691
20.93198032592988
20.93198032592988
21.05786829512152
21.132650083339662
21.21277440450196
21.358492497237123
21.45033474937598
21.545942648909158
21.626349264276037
21.626349264276037
21.626349264276037
21.626349264276037
21.771460597290368
21.874206968636233
21.874206968636233
21.91320238995662
21.91320238995662
21.91320238995662
21.91320238995662
21.988035007123884
21.988035007123884
22.158677846886853
22.158677846886853
22.158677846886853
22.175171194845028
22.175171194845028
22.177081827575922
22.177081827575922
22.29366024396677
22.54387440164061
22.624238316979664
22.624238316979664
22.65027221719288
22.65027221719288
22.740074400930236
22.740074400930236
22.762360732940042
22.762360732940042
22.897941692514788
22.897941692514788
22.897941692514788
22.897941692514788
22.926694620591984
22.926694620591984
23.135279728214122
23.261127967601606
23.492171542077916
23.492171542077916
23.58896547657203
23.680845365577312
23.680845365577312
23.790255803670238
23.790255803670238
23.790255803670238
23.91924271570509
23.91924271570509
23.91924271570509
23.91924271570509
23.91924271570509
23.91924271570509
24.049618414623055
24.049618414623055
24.25312959349369
24.594591712558447
24.62010975784468
24.62010975784468
24.62010975784468
24.62010975784468
24.62010975784468
24.64626458916504
24.67578774088306
24.723380773255702
24.723380773255702
24.723380773255702
24.723380773255702
24.723380773255702
24.85600500918227
25.040703515593375
25.040703515593375
25.040703515593375
25.040703515593375
25.040703515593375
25.040703515593375
25.129080612993736
25.129080612993736
25.129080612993736
25.129080612993736
25.179952574662497
25.179952574662497
25.179952574662497
25.179952574662497
25.179952574662497
25.388160189237766
25.532147531825412
25.532147531825412
25.56024131663776
25.583836338721895
25.74985868128409
25.74985868128409
25.74985868128409
25.8755977784059
25.8755977784059
25.9928767779784
26.03716972699782
26.1969536578029
26.224325431618272
26.285121976684085
26.376078227043752
26.376078227043752
26.60066722925775
26.60066722925775
26.787774443410445
26.787774443410445
26.787774443410445
26.787774443410445
26.905131330693695
26.905131330693695
26.905131330693695
26.905131330693695
26.941573027650765
26.965894435703582
27.02681342369296
27.02681342369296
27.02681342369296
27.02681342369296
27.02681342369296
27.074831950222258
27.074831950222258
27.074831950222258
27.074831950222258
27.178647755366026
27.178647755366026
27.20322754370023
27.20322754370023
27.268470326133993
27.327409712494834
27.327409712494834
27.54953579553463
27.54953579553463
27.54953579553463
27.671742175833067
27.671742175833067
27.671742175833067
27.671742175833067
27.671742175833067
27.671742175833067
27.671742175833067
27.714788751189843
27.714788751189843
27.748418763715996
27.897287850338444
27.897287850338444
28.06689317165862
28.06689317165862
28.06689317165862
28.06689317165862
28.06689317165862
28.06689317165862
28.27275240359631
28.296681267124804
28.296681267124804
28.551068604549048
28.72822588404935
28.828859431902814
28.828859431902814
28.96877330908215
28.96877330908215
28.96877330908215
28.96877330908215
29.033464619661917
29.033464619661917
29.033464619661917
29.033464619661917
29.135805301688762
29.135805301688762
29.250044400388674
29.343531183880707
29.343531183880707
29.35212657628915
29.35212657628915
29.390882444874677
29.43927371999166
29.43927371999166
29.43927371999166
29.43927371999166
29.43927371999166
29.6067223122952
29.6067223122952
29.6646249330312
29.6646249330312
29.838136947893922
29.951231444602957
29.951231444602957
29.951231444602957
30.016455079736833
30.016455079736833
30.04402057236255
30.04402057236255
30.14915343817228
30.159372012878286
30.183879920530803
30.183879920530803
30.183879920530803
30.183879920530803
30.183879920530803
30.2011341881977
30.2011341881977
30.2011341881977
30.2011341881977
30.2011341881977
30.2011341881977
30.285187011641096
30.285187011641096
30.285187011641096
30.285187011641096
30.403505625087263
30.46500747247864
30.500837187846635
30.500837187846635
30.71905093716962
30.71905093716962
30.886520478172198
30.886520478172198
30.984583475251032
31.073200037230144
31.073200037230144
31.073200037230144
31.18883105335617
31.18883105335617
31.18883105335617
31.28222405995528
31.323542621335797
31.323542621335797
31.5108428059078
31.5108428059078
31.58414911354856
31.58414911354856
31.58414911354856
31.58414911354856
31.7297313662071
31.7297313662071
31.7297313662071
31.7297313662071
31.77332567574009
31.77332567574009
31.87953290904499
31.87953290904499
32.03514299985632
32.10756716429783
32.11099627249187
32.11099627249187
32.11099627249187
32.11099627249187
32.11099627249187
32.11099627249187
32.12004710438154
32.12004710438154
32.26197068448033
32.26197068448033
32.27015309898697
32.27015309898697
32.27015309898697
32.37375516851257
32.50954214689777
32.569340080882164
32.569340080882164
32.925646164827675
32.925646164827675
33.028686297386315
33.214300142018025
33.34677403914717
33.34677403914717
33.34677403914717
33.751597577177726
33.751597577177726
33.83066432000472
33.83066432000472
33.83066432000472
33.83066432000472
33.912247321395135
34.05581794030937
34.207372061945286
34.207372061945286
34.24412836066563
34.358861792812256
34.358861792812256
34.358861792812256
34.358861792812256
34.358861792812256
34.358861792812256
34.466610880980525
34.588738682905216
34.814154486375074
34.814154486375074
34.814154486375074
34.89165210001151
35.19704529968657
35.19704529968657
35.19704529968657
35.31057842749983
35.494288667881456
35.494288667881456
35.494288667881456
35.652330303076134
35.669522674951644
35.78466030560794
36.2084255162587
36.2084255162587
36.2084255162587
36.383512281524105
36.383512281524105
36.383512281524105
36.50881737334018
36.50881737334018
36.53219886109502
36.53219886109502
36.68570001465973
36.68570001465973
36.68570001465973
37.10065689799453
37.10065689799453
37.10065689799453
37.108483515409
37.108483515409
37.13822183930821
37.13822183930821
37.13822183930821
37.23895599510444
37.23895599510444
37.26842124756295
37.26842124756295
37.300122161563216
37.47117527876652
37.67146841017571
37.76879806386023
38.001226805465144
38.01379415740692
38.045485425727264
38.13151339896057
38.13151339896057
38.13151339896057
38.20961700414512
38.31434612360515
38.37437410915647
38.40909130868673
38.466813260271536
38.494616561205866
38.73652000570887
38.94778843697115
38.94778843697115
39.041636597551566
39.09451385924479
39.336005229162986
39.336005229162986
39.37178825986872
39.5311884806202
39.5311884806202
39.675170026866766
39.70401658411224
39.73359768589595
39.780557204905364
39.89672625173031
39.907497636882994
40.04114959995858
40.04114959995858
40.13223391912022
40.13930555018332
40.13930555018332
40.13930555018332
40.13930555018332
40.23295255339324
40.23295255339324
40.25991225025795
40.53775643183073
40.740396065637356
40.740396065637356
40.792764788278085
41.019355524189635
41.064134541003824
41.26275131128996
41.26275131128996
41.428572843652304
41.53201926750751
41.61202937978008
41.61202937978008
41.69841347683602
41.69841347683602
41.69841347683602
41.746611975334496
41.81562586675301
41.81562586675301
41.81562586675301
42.053143395922575
42.053143395922575
42.10402616310081
42.153123166837844
42.29718432491301
42.29718432491301
42.357968195144984
42.412760117636644
42.46536696592375
42.68112708912615
42.68112708912615
42.86760634752703
42.86760634752703
42.97097528265885
42.97097528265885
42.97097528265885
43.06767379494466
43.12019314623372
43.12019314623372
43.12019314623372
43.12019314623372
43.12019314623372
43.18378674714392
43.28892411632085
43.44760468149064
43.49712066089778
43.49712066089778
43.49712066089778
43.49712066089778
43.51616063722873
43.51616063722873
43.51616063722873
43.652177683908675
43.660263341247855
43.86092526913269
43.86092526913269
44.08647277302672
44.18394058402213
44.18394058402213
44.332186463023014
44.332186463023014
44.537399660288976
44.537399660288976
44.537399660288976
44.61652153339263
44.661780023477476
44.79623681375023
44.886353780727596
44.906903468021746
44.906903468021746
45.12792039968673
45.363728047380896
45.735023204056276
45.735023204056276
45.85831910728507
45.90929531712951
45.90929531712951
45.90929531712951
45.90929531712951
45.90929531712951
46.06367845673417
46.06367845673417
46.06367845673417
46.06367845673417
46.12923813184281
46.12923813184281
46.12923813184281
46.393085511347415
46.46537697264463
46.52498719457694
46.585598180793845
46.585598180793845
46.585598180793845
46.585598180793845
46.74362246283969
46.761801875229665
46.761801875229665
46.83004026687664
46.93765549056704
46.93765549056704
46.93765549056704
46.93765549056704
46.93765549056704
47.03690971768113
47.03690971768113
47.03690971768113
47.03915972715712
47.132749656974376
47.132749656974376
47.132749656974376
47.38121783869329
47.38121783869329
47.441727945715606
47.52914146913046
47.676484863628
47.949737542612816
47.949737542612816
47.980385095245616
48.01286421703447
48.22155612733389
48.22155612733389
48.33067846405397
48.375550698732184
48.44041526739169
48.46855090986504
48.46855090986504
48.62500665796541
48.83800224672242
48.83800224672242
48.83800224672242
48.94680469347531
48.98520605435256
48.98520605435256
48.98520605435256
49.08025024938356
49.11732763237492
49.11732763237492
49.11732763237492
49.23529366162643
49.374158593230554
49.40236142624166
49.40236142624166
49.40236142624166
49.471561861705325
49.471561861705325
49.471561861705325
49.471561861705325
49.69140659700419
49.73096106772054
49.73096106772054
49.73096106772054
49.73096106772054
49.73096106772054
49.73096106772054
49.83981622569671
49.83981622569671
49.83981622569671
49.83981622569671
49.83981622569671
49.83981622569671
49.83981622569671
49.9263731642892
49.9263731642892
49.9263731642892
49.9263731642892
50.03243459074049
50.03243459074049
50.06347389099621
50.06347389099621
50.21325567752143
50.30163342289531
50.30163342289531
50.30163342289531
50.30163342289531
50.37193861537749
50.5137295558004
50.675814587981414
50.675814587981414
50.675814587981414
50.675814587981414
50.696861332395144
50.853002591818104
50.90271416111979
50.90271416111979
50.92622670932399
50.92622670932399
51.16494089320927
51.16494089320927
51.30987927086656
51.37271453294917
51.612290835154276
51.75393448133006
51.75393448133006
51.75393448133006
51.77882664269985
51.77882664269985
51.837277743745474
51.837277743745474
52.134775350411466
52.263465226596836
52.279187539458235
52.279187539458235
52.31698636112133
52.493391173368884
52.49734841579304
52.77765150737598
52.84540561112324
52.84540561112324
53.00625691618486
53.00625691618486
53.28932866026838
53.31184107681233
53.53714024566938
53.53714024566938
53.54653801442539
53.64502510038692
53.71911368572733
53.92078484630882
53.92960909534142
54.07040271088496
54.36484078468594
54.38754561719985
54.38754561719985
54.580415169402244
54.65510072553889
54.929020193969606
55.047663112503955
55.07533106455648
55.12446496180193
55.13917326037475
55.13917326037475
55.13917326037475
55.13917326037475
55.419269700365014
55.51517099278597
55.51517099278597
55.579112505018834
55.591645533912825
55.591645533912825
55.591645533912825
55.591645533912825
55.63358756387374
55.63358756387374
55.63358756387374
55.76782188212601
55.77524218207188
55.77524218207188
55.98605960397585
56.030023290345106
56.23557208850183
56.23557208850183
56.23557208850183
56.23557208850183
56.37340007855272
56.45237883081401
56.45237883081401
56.556900655660144
56.556900655660144
56.70398143640381
56.85030996151693
57.3601523631044
57.3601523631044
57.3601523631044
57.3601523631044
57.48615057306833
57.48615057306833
57.71265373303355
57.73169114680945
57.73169114680945
57.95863465512729
57.95863465512729
57.969492121951795
57.99852625423095
57.99852625423095
58.06712478046388
58.06712478046388
58.33097353731268
58.33097353731268
58.33097353731268
58.42414575621299
58.42414575621299
58.53100604812749
58.53100604812749
58.53100604812749
58.569422143152856
58.59709518311998
58.59709518311998
58.59709518311998
58.59709518311998
58.60414828678361
58.60414828678361
58.60414828678361
58.64537635371499
58.71108004291745
58.71108004291745
58.868563847930396
58.868563847930396
58.98672160536895
59.13247254503104
59.13247254503104
59.13247254503104
59.2422618782546
59.2422618782546
59.2422618782546
59.28163110693108
59.28163110693108
59.38655692898339
59.38655692898339
59.44597347123447
59.47684041372949
59.540907855479084
59.90032911422751
59.90032911422751
60.06272577533012
60.06272577533012
60.2482226385229
60.358214593555495
60.358214593555495
60.358214593555495
60.47027402841674
60.492707274252396
60.492707274252396
60.492707274252396
60.70921984380656
60.715456544021556
60.715456544021556
60.715456544021556
60.82838346910145
60.899170789899564
61.19787151510757
61.19787151510757
61.4182949738289
61.60620765542792
61.60620765542792
61.60620765542792
61.82318041847854
61.928133999388734
62.002272252457864
62.044140331801124
62.114638838007856
62.114638838007856
62.114638838007856
62.114638838007856
62.114638838007856
62.29384595870147
62.38303803474073
62.38303803474073
62.38303803474073
62.6744209778528
62.76970524995564
62.954809932545
63.05259168527454
63.05259168527454
63.27673487559759
63.320440010665834
63.353098583539506
63.36900772349878
63.46915151060353
63.46915151060353
63.46915151060353
