0.46432445084715
1.0585231382550635
1.0585231382550635
1.414945873407847
1.9039922399040563
2.527362899550644
3.162851411352516
3.5397778794545944
3.723471151082409
4.667379815399292
5.359209023394893
5.909139670787285
6.25228807576687
6.748761866542723
6.938537592452285
7.413570439697946
7.844031060548864
8.350313089722734
8.350313089722734
9.127236224407742
10.104523304359828
10.621208584081565
10.639507126247763
10.846894591979403
11.00779871867021
11.281487302366198
11.437244570631977
11.437244570631977
11.914038821355955
12.098664157919675
12.597751497937907
13.423044632861197
13.913919462653022
14.189875411909684
14.627290089726717
14.627290089726717
14.905675558373211
15.37771371625085
15.700837578616088
16.167213794670882
16.67141928325273
16.879119226669342
17.41512637808903
17.41512637808903
17.89807056162664
18.37444566648637
18.99407640860591
19.797634470731325
20.208274763671458
20.53738771629381
20.85721989092536
21.017279280400913
21.595427198248508
21.595427198248508
21.955496453321754
22.537914571800144
23.124061502097394
23.327954855671976
23.781784804018685
24.088002670425542
24.088002670425542
24.477868766162768
24.894356528075903
25.587397994277683
25.903915387634086
26.235767680873213
26.422802271169658
26.93661071790867
27.723335097784123
27.953234178634546
28.638835320283448
28.638835320283448
29.00637347667883
29.550744153568523
29.702400533316382
30.040660237212123
30.33096903988981
30.62614114325464
31.333534991512945
31.896631008613586
32.383908438610256
32.77721989225329
32.96375145084796
32.96375145084796
33.590126661701234
33.64384872063226
33.897450687533706
34.216371017011035
34.639498460531634
35.18044543169488
35.64667447881229
35.77113084355207
35.903981644412596
35.903981644412596
35.903981644412596
36.339759584586886
36.6693522301194
37.13296940004452
37.23466451269649
37.34158878861187
37.51179035308606
38.033956727401616
38.033956727401616
38.041259802472446
38.178462161530646
38.54151328793791
38.6416912163066
38.785980015268336
39.16114246354965
39.36826526661956
39.51060159075255
39.85213438201503
40.74707092731705
40.95029622519793
41.25330802646939
41.31319714161909
41.67357563098611
42.42660052984465
42.42660052984465
42.47911259228076
43.13544863811717
43.35917582616074
43.67450865095094
43.942985182679166
44.20640884114684
44.90611654658881
45.19913809124581
45.8690160117213
46.38675759962437
46.450215063868924
46.450215063868924
46.451718316911304
46.891844095943945
47.42798772657311
47.48144352696171
47.48144352696171
47.595973154594525
47.595973154594525
47.84492757824849
47.84492757824849
47.84492757824849
47.84492757824849
48.01759934004758
48.552581168884046
48.573283490456454
49.16782466690879
49.34285043581657
49.34285043581657
49.68115076150033
50.19269401616278
50.23037072923072
50.535155676613314
50.64401177453006
50.64401177453006
51.11377303778704
51.35699143853415
51.820040407435265
52.29223866858721
52.29223866858721
52.63269591979827
52.69002991964295
52.69002991964295
53.0021085901867
53.216229846837
53.408593680794795
53.46202684559285
54.05680694497201
54.05680694497201
54.214913791584216
54.40628652422424
54.54161544714024
54.92154737226353
54.97623724995256
55.362684652250536
55.759677723383504
56.10702967709498
56.25072732800159
56.25072732800159
56.57412672193289
56.77056065722785
56.93218317674502
57.548119163065664
57.548119163065664
57.879020889669654
58.22368529981425
58.22368529981425
58.46003688660765
58.786914531075574
58.786914531075574
59.18795779694133
59.18795779694133
59.52651646700112
59.633733337906484
59.87168823865497
59.907181219597646
59.907181219597646
60.076206292924944
60.457480782549275
60.6474005012534
60.90037171812843
61.036706574997424
61.036706574997424
61.48587930725304
61.640849027015314
62.20522861173686
62.318185563534534
62.658419291536774
62.86316568454547
62.86316568454547
62.86316568454547
63.031368281067564
63.3518985813817
63.3518985813817
63.3518985813817
63.45874193286277
63.71237786742269
64.07281619154517
64.07281619154517
64.22968443298069
64.29803477726334
64.29803477726334
64.46762534521986
64.47435649057788
64.70021211533415
64.81914964281744
64.81914964281744
64.9033992380164
64.9033992380164
65.33231470659449
65.59947157679464
65.59947157679464
65.59947157679464
65.79370936786424
65.84367760373293
65.94286363115428
66.0391598498802
66.34138659565424
66.52935967611643
66.6107282240837
66.6107282240837
66.66950777665883
66.66950777665883
66.97071074100316
67.15024299157365
67.30410833932648
67.4101678820343
67.4101678820343
67.4101678820343
67.4101678820343
67.4101678820343
67.4101678820343
67.4101678820343
67.56747279000136
67.56747279000136
67.71413136399559
67.72366825149525
67.72366825149525
67.87516752660167
67.98707264699094
68.20519796584516
68.20519796584516
68.20519796584516
68.20519796584516
68.40286111034216
68.40286111034216
68.40286111034216
68.54576203070917
68.66238127694697
68.96380559720932
69.19900497178114
69.3176982790377
69.44164899301303
69.44164899301303
69.44164899301303
69.44164899301303
69.44164899301303
69.44164899301303
69.47579812198005
69.47579812198005
69.49575854956677
69.8648332323659
69.8648332323659
69.8648332323659
69.91498884554565
69.91498884554565
70.00736254161946
70.00736254161946
70.00736254161946
70.00736254161946
70.06655932684478
70.06655932684478
70.06655932684478
70.25691297752427
70.26665741251846
70.26665741251846
70.26665741251846
70.26665741251846
70.26665741251846
70.37532691389652
70.37532691389652
70.48296707962147
70.48296707962147
70.58489998894748
70.58489998894748
70.64792026931129
70.64792026931129
70.7765381600659
70.7765381600659
70.7765381600659
70.7765381600659
70.7765381600659
70.7765381600659
70.7765381600659
70.8676540643284
70.8676540643284
71.18616810036508
71.18616810036508
71.18616810036508
71.18616810036508
71.18616810036508
71.21252371527159
71.3833243723968
71.3833243723968
71.3833243723968
71.3833243723968
71.3833243723968
71.3833243723968
71.3833243723968
71.3833243723968
71.38566365385104
71.38566365385104
71.40013053458671
71.40013053458671
71.40013053458671
71.50460231924022
71.50460231924022
71.55947604409607
71.55947604409607
71.77651275940829
71.77651275940829
71.86464658543197
72.02991067296153
72.13996998012364
72.15241958123504
72.15241958123504
72.15241958123504
72.15241958123504
72.15241958123504
72.17161298341725
72.18090525759914
72.18090525759914
72.29974888117333
72.50387061779765
72.50387061779765
72.96457575824077
72.96457575824077
72.96457575824077
73.00329739841914
73.00329739841914
73.08624428362617
73.08624428362617
73.09106941889374
73.1659951561552
73.1659951561552
73.31681448665177
73.31681448665177
73.34835929679919
73.45135705810513
73.66264846739747
73.81274809181578
74.01689356833411
74.01689356833411
74.0712197856007
74.30951724421465
74.30951724421465
74.44018677924882
74.44018677924882
74.536836699694
74.536836699694
74.536836699694
74.70444014740478
74.70444014740478
74.70444014740478
74.89483338748369
74.89483338748369
74.89483338748369
74.89483338748369
74.89483338748369
74.98837660226845
74.98837660226845
74.98837660226845
75.04686074221922
75.04686074221922
75.1165864363989
75.1165864363989
75.28219657520712
75.28219657520712
75.47811524912015
75.54736120461669
75.54736120461669
75.54736120461669
75.71787637750056
75.75555829582713
75.81054386767067
75.83438027099544
75.83438027099544
75.927591609608
75.927591609608
75.95844798226982
76.06111605702856
76.06111605702856
76.1524875482824
76.18100158885561
76.18100158885561
76.19095931857088
76.19095931857088
76.19095931857088
76.23553005605372
76.23824773430144
76.23824773430144
76.38050768922375
76.42650789937893
76.55471842803041
76.55471842803041
76.66842062279207
76.66842062279207
76.66842062279207
76.75796456276295
77.01765374936956
77.1999861664362
77.1999861664362
77.1999861664362
77.47698366525113
77.47698366525113
77.47698366525113
77.47698366525113
77.47698366525113
77.47698366525113
77.5604123060243
77.5604123060243
77.5604123060243
77.59498308464093
77.59498308464093
77.6672239705009
77.7214157821269
77.80825275247152
77.80825275247152
77.81829232538601
77.81829232538601
78.01515362024408
78.01747171063343
78.01747171063343
78.19316677450055
78.21951334655554
78.3904932144028
78.3904932144028
78.48456995649587
78.48456995649587
78.48456995649587
78.48456995649587
78.48456995649587
78.48456995649587
78.48456995649587
78.48456995649587
78.48456995649587
78.57813101175967
78.57813101175967
78.57813101175967
78.63360558601927
78.63360558601927
78.66278555539687
78.67261346480396
78.67261346480396
78.67261346480396
78.75985431751465
78.75985431751465
78.75985431751465
78.75985431751465
78.87287840813211
78.87287840813211
79.18825201597282
79.2825642368882
79.2825642368882
79.42733668625273
79.42733668625273
79.54454584358902
79.54454584358902
79.54454584358902
79.56984154151621
79.56984154151621
79.56984154151621
79.56984154151621
79.72553584880391
79.72553584880391
79.72553584880391
79.72553584880391
79.72553584880391
79.72553584880391
79.72553584880391
79.72553584880391
79.7775629684844
79.81871560109117
79.81871560109117
79.81871560109117
79.81871560109117
79.81871560109117
79.81871560109117
79.81871560109117
79.81871560109117
79.81871560109117
79.81871560109117
79.86831836556378
79.86831836556378
79.86831836556378
79.86831836556378
79.99797027952128
79.99797027952128
79.99797027952128
79.99797027952128
79.99797027952128
79.99797027952128
79.99797027952128
79.99797027952128
79.99797027952128
79.99797027952128
79.99797027952128
80.17793716353948
80.17793716353948
80.25060939493409
80.25060939493409
80.35032535793282
80.47199207830398
80.47199207830398
80.69498139876389
80.69498139876389
80.69498139876389
80.69498139876389
80.69498139876389
80.8202830518079
80.8202830518079
80.8202830518079
80.84148605855034
80.87550833509226
80.87550833509226
80.87550833509226
80.87550833509226
80.87550833509226
80.87550833509226
80.89207979559008
81.25065300221279
81.25065300221279
81.25065300221279
81.25065300221279
81.25065300221279
81.25065300221279
81.25065300221279
81.30358323930038
81.30358323930038
81.32757057446798
81.49275391075977
81.49275391075977
81.49275391075977
81.49275391075977
81.55463658663396
81.69965520441536
81.81108141751834
81.81791668019382
81.81791668019382
81.81791668019382
81.84998843307952
81.84998843307952
82.00350344463494
82.00350344463494
82.07943824163232
82.07943824163232
82.07943824163232
82.20568150375311
82.20568150375311
82.20568150375311
82.20850202262308
82.20850202262308
82.20850202262308
82.21329350685912
82.21329350685912
82.21329350685912
82.27904400922037
82.27904400922037
82.63482877955818
82.63482877955818
82.64331966145325
82.76141479148062
82.825012252439
82.825012252439
82.825012252439
82.98943178503258
82.98943178503258
83.00799356182804
83.13375993383073
83.23219856136663
83.23219856136663
83.23219856136663
83.23219856136663
83.24324382573504
83.24324382573504
83.24324382573504
83.24324382573504
83.46751503845357
83.49366090971263
83.60340330942715
83.60340330942715
83.67033281354578
83.92873715037348
83.92873715037348
83.93973133086219
83.93973133086219
83.93973133086219
83.99662582081302
83.99662582081302
84.04994066657476
84.04994066657476
84.26470503998725
84.2818277482815
84.2818277482815
84.50748603604373
84.50748603604373
84.50748603604373
84.50748603604373
84.53960392503329
84.57864595624577
84.57864595624577
84.57864595624577
84.57864595624577
84.74521572004038
84.87992833599426
84.87992833599426
84.87992833599426
84.87992833599426
84.95132463024186
85.13772800419409
85.13772800419409
85.13772800419409
85.3352586350017
85.3352586350017
85.46323584363778
85.59045400345799
85.59045400345799
85.68267036430795
85.68267036430795
85.92929867070336
85.92929867070336
85.92929867070336
86.09174125792892
86.1315125683358
86.2457204462367
86.29876683567474
86.56475024273657
86.77013583435146
86.77013583435146
86.77013583435146
86.77013583435146
86.77864611972707
86.77864611972707
86.77864611972707
87.0509026132496
87.11440868256328
87.11440868256328
87.2990817219769
87.465048998204
87.465048998204
87.76460713827471
87.76460713827471
87.76460713827471
88.0665506531426
88.35225440528595
88.38446357669194
88.38446357669194
88.4586718457441
88.71395830357916
88.71395830357916
88.86450905176807
88.86450905176807
88.86450905176807
88.9531872669141
88.9531872669141
89.10633728790096
89.10633728790096
89.30139733215817
89.30139733215817
89.30139733215817
89.40807577917946
89.52598852658633
89.52598852658633
89.52598852658633
89.5949569680463
89.74598517788381
89.78164879443884
89.78164879443884
89.78164879443884
89.85709949527686
89.85709949527686
89.85709949527686
89.9901315956008
90.2044577234712
90.23683070022587
90.25382994300605
90.25382994300605
90.2947157390422
90.35473985752074
90.35473985752074
90.53669716351568
90.57870850788453
90.86797112863177
90.86797112863177
90.86797112863177
90.89760896369975
90.89760896369975
90.89760896369975
90.89760896369975
90.96880303487067
91.12805097868103
91.12805097868103
91.1315989968619
91.17227058362128
91.17227058362128
91.17227058362128
91.17227058362128
91.17227058362128
91.17227058362128
91.21084644560244
91.2843384451244
91.2843384451244
91.2843384451244
91.2843384451244
91.44764071517727
91.5757480696537
91.5757480696537
91.64836629589988
91.7373697211909
91.9101035153098
91.9101035153098
91.9101035153098
91.9101035153098
92.02304447748392
92.03745532388395
92.03745532388395
92.10140515307052
92.1902137264176
92.1902137264176
92.30066699956541
92.30066699956541
92.30066699956541
92.30066699956541
92.30066699956541
92.53732063695662
92.53732063695662
92.77325362825916
92.77325362825916
92.85299951110174
92.85299951110174
92.97506309201651
92.97506309201651
92.97506309201651
92.97506309201651
92.97506309201651
92.97506309201651
92.97506309201651
92.97506309201651
92.97506309201651
93.04583633648161
93.04583633648161
93.19927016228749
93.19927016228749
93.19927016228749
93.19927016228749
93.31122798674333
93.3537459106752
93.3537459106752
93.3537459106752
93.3537459106752
93.3537459106752
93.3735858188582
93.50088789067009
93.50088789067009
93.50088789067009
93.61802286114813
93.61802286114813
93.6635875081816
93.81024971747797
93.87334636660927
94.10811601378781
94.20967202251593
94.20967202251593
94.37377734032005
94.37377734032005
94.37377734032005
94.37377734032005
94.37377734032005
94.37377734032005
94.37377734032005
94.37377734032005
94.37377734032005
94.66002018406095
94.66002018406095
94.66002018406095
94.80724096182583
94.80724096182583
95.01304163732327
95.10625408649227
95.10625408649227
95.10625408649227
95.2338927944221
95.23426589429953
95.25696549893777
95.33930195808244
95.38279397545065
95.38279397545065
95.54464359315558
95.54464359315558
95.54464359315558
95.54464359315558
95.54464359315558
95.54464359315558
95.64585342465666
95.64585342465666
95.64585342465666
95.89733761581397
95.92209422134977
95.92209422134977
96.15502367140404
96.15502367140404
96.15502367140404
96.15502367140404
96.28013431919226
96.28013431919226
96.28013431919226
96.28013431919226
96.28013431919226
96.51739234303024
96.65072235766563
96.65072235766563
96.65072235766563
96.65072235766563
96.65072235766563
96.65072235766563
96.85311606710697
96.98198980422247
96.98198980422247
96.98198980422247
96.98198980422247
96.98198980422247
96.98198980422247
96.98198980422247
97.08394208243676
97.17924243780136
97.17924243780136
97.33780679990424
97.33780679990424
97.33780679990424
97.33780679990424
97.53273974449593
97.53273974449593
97.59368094470553
97.59368094470553
97.59510791110358
97.59510791110358
97.60087075301837
97.60087075301837
97.69432106761607
97.89039555898985
97.89039555898985
97.89039555898985
97.89039555898985
98.10607326860757
98.13107106423912
98.13107106423912
98.13107106423912
98.13107106423912
98.30446790174862
98.30446790174862
98.35745376536991
98.45284923156834
98.45284923156834
98.45284923156834
98.58971762694176
98.58971762694176
98.58971762694176
98.6259234715654
98.6259234715654
98.6259234715654
98.62907764332094
98.77210990033751
98.77210990033751
98.77210990033751
98.869588755657
98.869588755657
98.87344251697422
98.87344251697422
98.9205570921966
98.9999593940851
98.9999593940851
98.9999593940851
99.05558233688986
99.07395515669603
99.07395515669603
99.07395515669603
99.22910666760318
99.25620376660943
99.25620376660943
99.27295024087894
99.27295024087894
99.27368304769657
99.27368304769657
99.27368304769657
99.3217134993253
99.41815051331422
99.48666763707321
99.52739132124108
99.52739132124108
99.53290377843075
99.71816034451922
99.71816034451922
99.71816034451922
99.82847253629738
99.82847253629738
99.82847253629738
99.82847253629738
99.93718731314274
100.10086901678018
100.10086901678018
100.10086901678018
100.10086901678018
100.10086901678018
100.10086901678018
100.24006190659526
100.24006190659526
100.30186738333008
100.30186738333008
100.30186738333008
100.3323961817276
100.3323961817276
100.3323961817276
100.3323961817276
100.37556549210079
100.37556549210079
100.37556549210079
100.48817401624669
100.48817401624669
100.53042362103604
100.72723441323554
100.77913588429297
100.77913588429297
100.79374965485879
100.98474269061529
100.98474269061529
101.0865602103989
101.11464888255882
101.11464888255882
101.11464888255882
101.11464888255882
101.22478450084564
101.22478450084564
101.22478450084564
101.22478450084564
101.22478450084564
101.27583616850467
101.3099350730645
101.56000888586036
101.56000888586036
101.68554563682999
101.68554563682999
101.68554563682999
101.68554563682999
101.86568346424741
101.90181984696024
101.90181984696024
101.90181984696024
102.04172574857348
102.04172574857348
102.04172574857348
102.04172574857348
102.04172574857348
102.15103807786149
102.15103807786149
102.15103807786149
102.15103807786149
102.15103807786149
102.15103807786149
102.26889754694744
102.26889754694744
102.26889754694744
102.27164926713712
102.29235095584981
102.32735984633102
102.32735984633102
102.32735984633102
102.32735984633102
102.32735984633102
102.42673404674564
102.49425488173749
102.49425488173749
