0.11885457739204808
0.8200740127048328
1.3126667127418798
1.6269988592991367
1.8286296020837702
2.31993143873695
2.9445828708704167
2.9504755336330977
3.0601863501509614
3.4813193560509603
3.818693950075336
4.037564288463924
4.472267137355566
4.935238199424986
5.2615154931634684
5.2615154931634684
5.332155063563395
5.61847219805124
5.61847219805124
5.630508780089967
5.93898600260658
6.014604346228806
6.291105757729878
6.422346091859429
6.4411441880355715
6.7491187636978305
6.767148121583129
6.962415525113117
6.963404304714858
7.098995705719627
7.680061479734734
7.74766617716825
8.05219372954267
8.16177503895146
8.221295745744255
8.359579719567773
8.40871667330079
8.749179870196288
9.095434975847029
9.344386918483197
9.589342819087918
9.70016407921091
9.796479969019298
10.163542575627153
10.23698434754587
10.36317502463483
10.595555285467547
10.595555285467547
10.622121748945696
10.773308791125727
10.784353298492851
11.058229028839257
11.421672187442475
11.474943300197426
11.484153831210001
11.498016167706535
11.681031380126718
12.044439373334225
12.250418751080035
12.266229687323893
12.372789548786841
13.00551441732895
13.146291099228064
13.146291099228064
13.146291099228064
13.341382294946673
13.442008315743522
13.55340327239909
13.55340327239909
13.55340327239909
13.95824414607568
14.323380192607766
14.60630990171541
14.954564199283588
14.980293596665993
15.40920839669902
15.728897590083012
15.728897590083012
15.728897590083012
16.2474109925402
16.462576786198397
16.83856396752072
16.83856396752072
16.913597513051293
16.98713627720306
17.531859129527916
17.873321424829115
18.015589617669125
18.015589617669125
18.20795159527831
18.20795159527831
18.50254220104671
18.80756451810307
19.143554103055436
19.2351737675252
19.26572697535459
19.294647379806005
19.294647379806005
19.382462739190018
19.726589266976344
19.747098627409244
19.754138481656952
19.915581512418363
20.222401327801553
20.456011488716292
20.456011488716292
20.631174849446612
20.631174849446612
20.72340121122975
20.72340121122975
20.72340121122975
21.105219043048503
21.271316454551815
21.336634853018875
21.45546520961274
21.761021333251186
21.88545864768976
22.018325617493073
22.214773686686538
22.45755885435839
22.45755885435839
22.45755885435839
22.522012935825778
22.97572067896731
22.97572067896731
23.030295409676874
23.41011631098288
23.689642905557264
24.094530226643794
24.543618821943408
24.543618821943408
24.82224599203737
24.82224599203737
25.1052040061075
25.164033297706954
25.23117222409963
25.23117222409963
25.427771617538443
25.92436099719332
26.292993791939658
26.611198832250885
26.65335371516779
26.68034352983817
26.68034352983817
26.68034352983817
26.68034352983817
26.975565135178794
27.005443413079963
27.005443413079963
27.005443413079963
27.21768847058004
27.51247374416585
27.999279131865276
28.256428225086328
28.5530061981446
28.771572209870456
28.844567440321807
28.844567440321807
28.968376941576693
29.130867773439814
29.389312990991854
29.52343316271674
29.52343316271674
29.553235838022704
29.665514497599425
30.001113960790683
30.001113960790683
30.178929408226203
30.322253487282378
30.322253487282378
30.322253487282378
30.50715277857369
30.50715277857369
30.775611213784067
30.775611213784067
30.800441203554268
31.1139916958986
31.17372142537344
31.56372284025957
31.8476997057747
31.8476997057747
31.98667081040543
32.15819957104833
32.36094122267801
32.40318356160715
32.7090599032504
33.1374064560666
33.1374064560666
33.169297121108784
33.52242735352697
33.57753953466524
33.796791711410634
34.141318887036824
34.141318887036824
34.141318887036824
34.21683695011625
34.725827240062515
34.79052138462192
34.79052138462192
34.79052138462192
34.79052138462192
34.79575394299653
34.82312431462088
34.82312431462088
35.13412390667168
35.13412390667168
35.273410574023075
35.344819229728095
35.643457217943606
35.75530150156703
35.98654613507977
36.151442577716196
36.447453749803834
36.447453749803834
36.599098687282066
36.64841047452177
36.78614572505463
37.10968503704697
37.10968503704697
37.15897032200372
37.23676209877754
37.61003093338849
37.88605934225937
37.94823754765805
38.04127150246166
38.04127150246166
38.43566940817889
38.72842090490871
38.9192408014763
39.20107621387341
39.52483526443226
39.580278661481145
39.61494952354605
39.885181428323044
40.00131593508793
40.00131593508793
40.00131593508793
40.00131593508793
40.043233151563705
40.043233151563705
40.043233151563705
40.043233151563705
40.19631204711274
40.40149879096742
40.7785582560265
40.89641420620891
40.91589667694143
40.91589667694143
41.068246352964636
41.068246352964636
41.23193177868895
41.54269386116557
41.73909622666273
41.73909622666273
41.78832523863679
42.00393576464422
42.07258518322082
42.3437135843643
42.45084753380436
42.45084753380436
42.75864370415712
42.78657699742306
42.78657699742306
42.84616848929448
43.280749472799066
43.28095304982203
43.31968467034094
43.73502412813739
44.0815518857361
44.221161585380045
44.29230183055088
44.626764195581565
44.94948750706971
45.24230532772064
45.49388363687907
45.49388363687907
45.70221575364204
45.95827341879538
45.95827341879538
46.138706173347714
46.395668221676054
46.68679005603284
47.04528972253766
47.143037389208764
47.143037389208764
47.32235888823174
47.59569206098877
47.59569206098877
47.84741298513441
48.242550096049456
48.26828136147474
48.70736249715639
48.74408505530472
48.8870122841805
49.239734745851294
49.33743585395235
49.616529666382995
49.887867191584
50.160614988431696
50.26486214164595
50.58395174016599
51.12979343989868
51.391004647476414
51.482347771763735
51.912419364272985
51.912419364272985
52.164662810651876
52.164662810651876
52.17009348460032
52.19910751873316
52.22376061453265
52.39429210603457
52.678474840834056
52.92995169776094
53.14005315245594
53.35916739139564
53.76480203236954
53.92671481798925
54.32980271169646
54.72969780063904
54.96688953591641
55.13496788339802
55.18455335159726
55.19832440794673
55.47933231629714
55.49364773254034
55.68787178393143
55.73411726323286
55.849598972554986
55.86012564980427
55.86012564980427
56.11604607524582
56.138679156180025
56.289498157141885
56.30627015903449
56.30627015903449
56.508663802124616
56.60709913889889
56.709023746967425
56.709023746967425
56.841429543656965
56.985900393044936
57.13696417535865
57.18705587263293
57.18705587263293
57.275574078210695
57.31125138847728
57.65960949965767
57.99327723687101
58.13849581512865
58.51152070103324
58.54882993961987
58.945866574069136
59.077616329203806
59.21683307001649
59.39193562420787
59.66285716666562
59.86944454415184
60.14306706613344
60.56666145586552
60.63241591005021
60.687186513265175
60.687186513265175
60.72789148143204
60.8430705310298
60.8430705310298
61.02292104109832
61.087898391040945
61.527641398675414
61.78817933736467
62.080192646125724
62.080192646125724
62.50353802465896
62.612132562602795
62.612132562602795
62.7621667250591
62.7621667250591
63.194808408032685
63.435071261450474
63.69256391347917
64.00242500503641
64.06896797462063
64.31095138873023
64.52484823601341
64.52484823601341
64.911326203653
65.06305041374951
65.33939557825433
65.41536304883445
65.79954048842451
65.94170255860388
65.94170255860388
66.0176256273362
66.35053155118706
66.35053155118706
66.50327849865327
66.65925011968366
66.65925011968366
66.79104128623656
67.16945567407252
67.16945567407252
67.19490331610741
67.3007256870937
67.48844603580301
67.48844603580301
67.50834750031838
67.64107995137488
67.75583406405289
67.8482585461817
67.96589073601844
67.96589073601844
68.13592617646769
68.26386139619967
68.40730072165405
68.40730072165405
68.40730072165405
68.40730072165405
68.69096909588669
68.90118360781987
69.21899075247885
69.21899075247885
69.48774908356899
69.60255664310895
69.60555872897686
69.87299852523647
70.20253191875402
70.30187107443774
70.33151250661803
70.46463647419705
70.49432401460577
70.6917829984576
70.87143766013253
71.01344128544878
71.40285586983208
71.65483236293272
71.65483236293272
71.75921380082359
71.86019173329827
71.97290198203761
72.06844181639694
72.06844181639694
72.06844181639694
72.08266523767941
72.08266523767941
72.33786764143049
72.50500701170961
72.91218432455271
72.91218432455271
72.99509128804145
72.99509128804145
72.99509128804145
72.99509128804145
73.03048651275905
73.1310469627036
73.1310469627036
73.1310469627036
73.1310469627036
73.19890687224884
73.20171921205961
73.25005269941686
73.51860848261987
73.51860848261987
73.51860848261987
73.57768063386249
73.57768063386249
73.73117437106048
73.90421004432208
74.0476060886013
74.19848714991336
74.19848714991336
74.34163261507996
74.4436766148835
74.51719135690598
74.51719135690598
74.72752135959618
74.72752135959618
74.8124918570584
75.00288214162802
75.12417137197916
75.12417137197916
75.1742667886045
75.22250383747789
75.58387546778525
76.06106345614057
76.19735003547575
76.19735003547575
76.19735003547575
76.20565760602558
76.25199743371249
76.307284816605
76.307284816605
76.307284816605
76.307284816605
76.307284816605
76.56162031295065
76.56162031295065
76.74565465480052
76.74565465480052
76.74565465480052
77.20672218659111
77.20672218659111
77.29721425633416
77.45199894194464
77.56755228166743
77.85784670568427
77.90624841829758
78.15462820158042
78.35799322596543
78.35799322596543
78.35799322596543
78.35799322596543
78.41050938992672
78.61029033499617
78.90027956863412
78.99832755009847
79.10833961011792
79.21260672727102
79.24100864304528
79.24100864304528
79.37111308504895
79.50116969605077
79.71119154677923
79.71119154677923
79.99055507302133
79.99730188206561
79.99730188206561
79.99730188206561
79.99730188206561
79.99730188206561
79.99730188206561
80.0090577451872
80.23626306270802
80.3451439404274
80.40628486046553
80.46312074140617
80.46312074140617
80.78087523019171
80.79946052157332
80.96424824262134
81.10433957737091
81.31043150300607
81.31043150300607
81.3701765733487
81.44478004045084
81.49142941788851
81.49142941788851
81.50717016699436
81.65326677131178
81.78933033226208
82.04734320077858
82.04734320077858
82.04734320077858
82.2753915157196
82.2753915157196
82.40407884846422
82.40407884846422
82.63133190142807
82.74556121482208
82.87523106655637
82.87523106655637
82.97261769793366
83.31571758911187
83.31571758911187
83.44871377820884
83.6886512521459
83.6886512521459
83.79207011755359
83.98423223174511
84.15866795315837
84.15866795315837
84.43040185537897
84.54310328700957
84.87105619388299
85.23109054693326
85.35960402805323
85.53692545737262
85.65108472496719
85.6642423559431
85.76833633051692
85.78789919988266
85.84495423118489
85.99131377104924
86.30484096706475
86.41732978504838
86.55275066003539
86.70711545279869
87.07519546124074
87.07519546124074
87.13673754655545
87.13673754655545
87.13673754655545
87.30897358441236
87.30897358441236
87.56404903920412
87.87791174140115
87.93122852850338
87.97285994303272
87.97285994303272
88.19916755128808
88.19916755128808
88.19916755128808
88.25974457001689
88.44250511279652
88.44250511279652
88.69350180910403
88.79575348335568
88.79575348335568
88.9024527763931
88.92101918833261
88.92101918833261
88.92101918833261
88.92101918833261
89.11759623248693
89.4779774369746
89.4779774369746
89.77403386200268
89.77403386200268
89.85050230477188
89.96694132935103
89.96694132935103
89.96694132935103
90.05987458351052
90.05987458351052
90.06501056561605
90.204585270013
90.4003822022782
90.4003822022782
90.4052985418717
90.56862115068101
90.85626559787168
90.85626559787168
90.85626559787168
91.0839076323753
91.20689073055179
91.20689073055179
91.20689073055179
91.20689073055179
91.29850917373173
91.29850917373173
91.39539971398052
91.39539971398052
91.39539971398052
91.39539971398052
91.4799721489939
91.4799721489939
91.51100910990274
91.7184889544137
91.83353041197566
91.83353041197566
91.83353041197566
91.83353041197566
91.83420921110084
91.83420921110084
91.83420921110084
91.92098209327128
92.12214742830253
92.24840185069543
92.29923414021789
92.29923414021789
92.29923414021789
92.29923414021789
92.42974313768327
92.64571563630588
92.64571563630588
92.64571563630588
92.93437291186703
92.94823403846682
93.01793317778211
93.1966536636759
93.28288392607259
93.34601146010111
93.38310819372755
93.38310819372755
93.38310819372755
93.42657969900182
93.52080841142117
93.52080841142117
93.69063683311487
93.7974817382216
93.7974817382216
94.08723442777006
94.08723442777006
94.08723442777006
94.1229884469217
94.1229884469217
94.1229884469217
94.32307432154687
94.45263925730708
94.58656825117248
94.61894757917771
94.65349601168224
94.76129875909163
94.76129875909163
94.76129875909163
94.81564542839045
94.83073828078614
94.83073828078614
94.9227476231528
94.99770273068576
95.12319391920641
95.15973134064859
95.36727871553721
95.49364347574304
95.49364347574304
95.50327615084495
95.54464404984577
95.57293813869153
95.57601243170733
95.57601243170733
95.77790085905977
95.77790085905977
95.77790085905977
95.89291420077328
95.89291420077328
95.90159358962319
95.94218144430414
96.07783954794456
96.08839563945588
96.17742429266592
96.17742429266592
96.17742429266592
96.17742429266592
96.17742429266592
96.17742429266592
96.21236537239052
96.21885857081938
96.29738035261468
96.29738035261468
96.63446873912383
96.7429951708137
96.7429951708137
96.75877355469639
96.90594882853979
97.19664626349058
97.38409942391473
97.38409942391473
97.38409942391473
97.42676985508147
97.57956109558812
97.5872924792863
97.5872924792863
97.63397171727946
97.63397171727946
97.63397171727946
97.63755138348023
97.66464951112904
97.66464951112904
97.83961504695068
97.89941949703373
98.01194150801304
98.04473957158201
98.04473957158201
98.20161253809692
98.38285627370124
98.5092138669672
98.5660630499034
98.67869277166072
98.72436625248908
98.72436625248908
98.89907576866638
98.91437126256433
98.91437126256433
98.91437126256433
99.04068858368306
99.04068858368306
99.0844742122371
99.0844742122371
99.0844742122371
99.0844742122371
99.22476051237196
99.57398910244582
99.57398910244582
99.72952775530464
99.72952775530464
100.02263783758715
100.0511695450733
100.0511695450733
100.20134893851608
100.21711977763425
100.21711977763425
100.37066358859
100.7079511170715
100.7079511170715
100.73825918240829
100.83251271558818
100.86900842424863
101.06477229987195
101.2593735861174
101.37972775482498
101.37972775482498
101.48155885258713
101.48155885258713
101.65890567078088
101.73479963803963
101.94998722738761
101.96214890316574
101.96214890316574
101.96214890316574
102.05273582575484
102.0849767296471
102.11171566205404
102.11171566205404
102.16898080150922
102.24474643463387
102.43720516456983
102.50545311690745
102.88592033777125
102.92149264296901
102.94513859713206
103.0820236466177
103.0820236466177
103.0820236466177
103.1657866749278
103.28165328971357
103.28165328971357
103.28165328971357
103.28165328971357
103.48614843727127
103.48614843727127
103.53109919212676
103.53109919212676
103.80258574862118
103.94245968164458
103.94295719360744
103.94295719360744
103.94295719360744
104.00489448575372
104.16691664234327
104.32179606164956
104.4156673869705
104.64341934695324
104.64341934695324
104.64341934695324
104.73685109765844
104.73685109765844
104.9084409992432
104.97678964700405
105.06031599102724
105.06567218300356
105.06567218300356
105.23660210453467
105.23660210453467
105.3645404133871
105.45956188394399
105.72361085107629
105.84396551436089
105.84396551436089
106.03620409569335
106.24420191214264
106.67747194799453
106.9094416106974
106.9094416106974
106.9094416106974
107.05058352972046
107.21160674271381
107.50945669980928
107.66463390331849
107.66463390331849
107.855085205592
107.89073553096256
107.89073553096256
107.89073553096256
108.0209210952336
108.0209210952336
108.16793287660772
108.33298466062223
108.6125396055853
108.67216919165966
109.12191591924154
109.18227114066653
109.35253678724239
109.42734921560874
109.42734921560874
109.47216007388235
109.47216007388235
109.57976339459327
109.8180506594984
109.93003163687986
110.19874196032154
110.42298551874093
110.82524224472854
111.07583751393932
111.07583751393932
111.10017472921763
111.10017472921763
111.1372313333003
111.15984654793913
111.20254203163827
111.24101494493911
111.32581398276582
111.32581398276582
111.61806676719323
111.84130959923662
111.84130959923662
111.92390427029252
112.1451909314843
112.1451909314843
112.25830495840462
112.38508840933089
112.38508840933089
112.38508840933089
112.38508840933089
112.49945649699394
112.49945649699394
112.49945649699394
112.76757385029877
112.76757385029877
112.88256029903876
113.0536789320505
113.14797664763005
113.14797664763005
113.14797664763005
113.14797664763005
113.20396011122317
113.21965179168677
113.44866231147574
113.66546728357713
113.85895985009246
114.01368242789191
114.27477229200056
114.37306836606427
114.51352505509773
114.51352505509773
114.51352505509773
114.7621566484736
115.05641906460285
115.19290223132717
115.39422001241805
115.39422001241805
115.54312502459723
115.66408456490358
115.76527452625483
116.01619277937694
116.12659457653471
116.29290432075342
116.48652272866794
116.80482995570296
116.80482995570296
117.03597972165673
117.06073306416367
117.1757543177395
117.29297148165871
117.29297148165871
117.29297148165871
117.33117924178276
117.33117924178276
117.33117924178276
117.40661910586783
117.40661910586783
117.5523603066606
117.77013285177894
117.90453940375846
117.96678699319985
118.06991057232207
118.06991057232207
118.09700538357818
118.18386648515674
118.35328478455367
118.35328478455367
118.35328478455367
118.60082879287593
118.60082879287593
118.76346358879161
118.90106866432824
119.09740233251416
119.09740233251416
119.32449575703652
119.32449575703652
119.41056681726778
119.41056681726778
119.53753531628827
119.82865443477078
120.03224652015317
120.03224652015317
120.03224652015317
120.11930608660903
120.11930608660903
120.29157204045396
120.43216765508627
120.47901998312585
120.47901998312585
120.79735120690863
120.80139049316092
120.80139049316092
120.81435514600065
120.81435514600065
120.81435514600065
120.83064311159717
121.01882056201946
121.14761503368004
121.14761503368004
121.41989728302758
121.70053308060251
121.71764524255195
121.71764524255195
121.8774964436629
122.10847810964928
122.10847810964928
122.19520314475292
122.24226687356162
