0.14387242627802282
0.5220527786922023
1.076442413013429
1.2351738795411251
1.3191564809794958
1.6717394890176398
2.0690104627776083
2.4969992257658227
2.890854413530741
2.927787750321171
3.1376047659969504
3.544448340653187
3.5862626526843795
3.5862626526843795
3.993033674678958
4.351332287979775
4.650724934556687
4.731499653712019
5.192159740360527
5.622546524609305
5.899076653965606
6.531753869522094
6.556433372264583
6.836567710604857
7.370560432355392
7.853490221778432
8.36778029852003
8.594485694286375
8.901128999548865
9.630927395036249
9.976238382657447
10.68054420648149
11.013813135241575
11.289134683910628
11.732271518007014
12.218701217250802
12.73584388419768
13.001652650707053
13.442575785272954
13.97844750937994
14.479793991020795
15.098750653530182
15.36988769363291
16.076542609798935
16.586971715110696
16.806296405524215
17.11237856565061
17.574711678661423
18.018607949614694
18.29732085655001
18.624858082248494
19.103449083210567
19.18785192675049
19.958815980145246
20.17388640203567
20.620815127474426
20.85418675146179
21.211456509259744
21.48411292976114
22.020377451024313
22.358492512987716
22.64364867490222
22.70461146379803
23.0601354429174
23.095525009900577
23.725683622009644
24.32707774027772
24.507716838390525
24.616813072119857
25.26913788318678
25.819547112163868
26.328975572201546
26.48544802341852
27.00184312107816
27.505216280465355
27.805955379430646
27.805955379430646
28.316120062456328
28.92401375214052
29.344095142878338
29.657880478608824
29.86097351605302
30.176337858531596
30.942681420012622
31.128241494233755
31.817726495970916
32.19815093421143
32.63451080055644
33.06903102044403
33.82553310747857
34.40397749085717
34.46264901844034
34.698692372908305
35.37208191471733
36.11229456011716
36.31159097475172
36.7917371279612
37.41756389905519
37.795163265041595
38.42448008672983
39.18269011779133
39.38368803861068
39.50424083664908
40.23732263281362
40.83637961789033
41.14437518402862
41.453313929647365
41.94546298467449
42.58028875188581
42.8238771407858
43.23785407963384
43.555829138720505
43.808476766905486
44.14856509279973
44.43597760862558
44.6140287725988
44.96891673280017
45.33233268137877
45.423568720362624
45.988985378265866
46.402332374053515
46.61500665647068
47.177054113312906
47.671212034822474
48.339317904290205
48.64895646824119
49.078209439805605
49.276925139201325
49.63937086146817
50.17550759295896
50.17550759295896
50.5592656625064
50.57959568503774
51.215281666064904
51.61137781804187
51.975496517052804
52.238081958902725
52.55989000023543
52.98910112019361
53.3517255689239
54.025129716589866
54.558637577374945
55.28033677456425
55.87724819319872
56.32316694715425
56.85990562324959
57.008850437668606
57.91097521589628
57.9920322971827
58.033258820770286
58.470117180182534
58.6366717893019
58.79508105285139
59.03812789752252
59.333429583713
59.54952267397892
60.00258859413589
60.41452659447104
60.863500169758396
61.3022009956223
61.41583039659356
61.945888210340286
62.53006678918155
62.58898632291781
62.58898632291781
62.87719921391023
63.50098621893712
63.80773802378039
64.15750825743912
64.35562650685098
64.92404118465012
65.095488524184
65.51294278063217
65.77592178600695
65.7998065901964
66.54122972092006
67.00091498958932
67.20854969358406
67.40681472872012
67.70211810244402
68.23901330329727
68.75970940243654
69.04102904807418
69.5802371620312
70.159431764745
70.70853279871702
71.1733674803509
71.79845345207467
72.04636523080615
72.44592399842067
72.44592399842067
72.66602495067538
72.79857867741694
72.88738098453354
72.88738098453354
73.22891889507642
73.56077203534862
73.92524211605331
74.05046114802558
74.37200746991482
74.94167451945584
75.13893526904748
75.23551699941598
75.48718218080224
75.77253440912118
75.90528885189188
75.90528885189188
76.0958655151698
76.41795310539442
76.42928017780943
76.68458196578462
76.86425134349618
77.21397040497854
77.62376502038228
78.17398820030309
78.28909124793803
78.36757874000874
78.761524319571
79.13689010796726
79.43335013180331
79.72986555859703
79.85399851495015
80.01323510853462
80.13712372700638
80.16205328112518
80.37392025993782
80.37392025993782
80.67205452613592
81.21603318273424
81.28654731367206
81.71430636089626
81.9171218474862
82.2478533017649
82.68451410012226
82.95793209646577
82.95793209646577
83.07720671883747
83.42899331569127
83.85761199761936
84.15694760902062
84.33793194377077
84.92004143857275
85.30469137674193
85.33997263963197
85.33997263963197
85.95636927947189
85.95636927947189
86.1468690499369
86.3997006223778
86.3997006223778
86.40486311463232
86.54504317047848
86.68695442549492
87.11753426682276
87.43281367633104
87.71060676834995
88.04002907891511
88.26441775398399
88.58703010512275
88.64731436312249
89.18851743796648
89.49245055838936
89.77326738638544
89.96372293320924
90.3988161940106
90.49099440586487
90.58980036249051
90.97286683480614
91.20136359414172
91.20136359414172
91.31677812947245
91.43441275544981
91.43441275544981
91.65739158962029
91.6705446446635
91.7145176565948
91.71822614710194
91.83627599965206
91.83627599965206
91.83627599965206
92.1130301103701
92.1130301103701
92.3613081419941
92.79169883736432
93.02492000332622
93.14429748438137
93.21534388383121
93.55237828365857
94.04017089899152
94.30469687708847
94.55463809592742
94.68148209908546
94.92901571914113
94.96551482487054
95.07155580580631
95.419047035341
95.56007881762343
95.812312649417
95.812312649417
96.18580725132735
96.55730723016815
96.91065474891165
97.20061762544917
97.30163338743095
97.3500186301925
97.47758373117463
97.49753743775416
97.58919075204561
97.70710135366946
97.92566703581683
98.14826192949171
98.56325820478044
98.70390864144899
98.94466771071137
98.99501127823383
99.35141029344291
99.53804492625659
99.63717863492087
99.81513480482897
99.83715939769841
99.83715939769841
100.05554984559001
100.4198243687272
100.72066120204418
100.81080961663102
100.89533993443968
101.12568521141577
101.2328527014284
101.2328527014284
101.5072324809396
101.5081248381625
101.70805877458619
101.70805877458619
101.92931600361493
102.17238390711731
102.62830170773356
102.62830170773356
102.7042523577677
102.9921218583072
103.00044823682809
103.26946751544753
103.51424692589927
104.1522264626095
104.2267016632629
104.30871487556819
104.405912902193
104.405912902193
104.77595248601898
105.13696592369213
105.63888053053755
105.76374313232803
106.04752248866056
106.04752248866056
106.57002650084921
106.64099173176315
106.94815623792218
107.29472908173963
107.64792439518236
107.92769319649103
107.99702468203905
108.09344205260592
108.14544891571285
108.57569402235292
109.00343969849214
109.10290959662728
109.35486899867801
109.42888037193718
109.54054316896433
110.09653363821909
110.11883854088123
110.51793832489201
110.82185343837364
110.82185343837364
110.94152074871411
111.39724059798861
111.4183150313481
111.59877014651931
111.89376267691729
112.13360028261717
112.31019631999258
112.52772257663453
112.94546819260309
113.15351647554525
113.15351647554525
113.15351647554525
113.41413995947477
113.41413995947477
113.68258825703568
113.68258825703568
113.92836089000218
114.1861028050843
114.39118296312593
114.40283515469852
114.40283515469852
114.51305217868793
114.81048271396482
115.34808242991753
115.68259434008273
116.10860860860143
116.39694458043618
116.85882057864318
117.31291618271823
117.66026829859726
117.935143991939
118.123950649691
118.123950649691
118.28995619739005
118.60844794148394
118.97272166487234
119.51164931639362
119.70652944953395
119.86158047567332
120.12466014527578
120.41005921416887
120.41005921416887
120.98164667849886
120.9865675274757
121.42619638553495
121.43320096407842
121.57257977441434
121.57257977441434
121.68686474108938
121.80101802008679
122.22906767758218
122.32795145483408
122.32795145483408
122.47446817120088
122.62513549914448
123.01349816488532
123.01776774928307
123.1092377622116
123.56107883072652
124.0269313674495
124.3140692828549
124.54234751866849
124.78789292198348
125.34754581583421
125.38263754967569
125.86676061973743
125.99393413145734
126.00002196786926
126.00002196786926
126.38734049243483
126.55961424856208
126.6229717168777
126.7618489216699
126.92280062366763
127.33435513651378
127.46816636053661
127.46816636053661
127.51266253089892
127.71971440033907
127.71971440033907
127.84759797575677
128.1473386477636
128.20016721996473
128.35888090808558
128.578139924401
128.83182396358197
128.96571456707014
129.2419554897012
129.4017756638947
129.47331061969967
129.73044379654218
130.07031383973748
130.50348350259173
130.5703596127113
130.90591976410647
131.00434735404437
131.18273275995543
131.57495109396174
131.57495109396174
131.8834170787163
132.00432409721756
132.40088155276754
132.91969950966043
133.06788249772933
133.38897479654622
133.6999223451728
133.9578302776333
134.53855254319947
134.62028312227483
134.62028312227483
135.03023997080712
135.05276459336486
135.11758875739554
135.50562885551017
135.50562885551017
135.50562885551017
135.59221099137088
135.59221099137088
135.9292950579977
136.26283644686478
136.3826941795709
136.47693470891713
136.5169286495671
136.5169286495671
136.5169286495671
136.77048362476987
136.77048362476987
136.8707897776138
137.21319125050564
137.5149110317453
137.570694239178
137.6349481968018
137.6349481968018
137.6349481968018
137.69591963974656
138.07572752336614
138.07572752336614
138.07572752336614
138.37536780619985
138.61018916809044
138.90147526186865
139.13723408266281
139.46178693089976
139.49061304446144
139.7108539961462
139.81662994863245
140.38356726746235
140.61195979668136
140.77571480516104
140.77571480516104
140.80444919190984
141.17025665167253
141.17025665167253
141.23728809345928
141.73741161011088
141.9352862318536
142.04167410776208
142.46714055471696
142.74780805779915
142.8451720329767
143.0485495876486
143.35851097342962
143.35851097342962
143.49907099345174
143.49997236299356
143.49997236299356
143.49997236299356
143.96646012590955
144.238413410187
144.238413410187
144.26930846294792
144.26930846294792
144.5643606036316
144.8526412522832
144.8526412522832
145.02245268997086
145.1363864720811
145.1910125752916
145.3679330956231
145.3679330956231
145.60820659328365
145.76250918090477
145.98477017997084
146.19047040099827
146.19047040099827
146.19047040099827
146.30909221845863
146.45041707417545
146.45041707417545
146.7741668657929
147.30286374747072
147.5590997965105
147.74387796943242
147.77726681470847
147.88386026970733
148.20333692441864
148.20333692441864
148.2312056266973
148.3770173514905
148.3770173514905
148.3770173514905
148.51691236435423
148.73724233083402
149.0814184483751
149.0814184483751
149.27256225281084
149.42206876362624
149.67991929138284
149.85116139376845
149.94473444045974
149.9714279462958
150.2004931045842
150.3454308858624
150.3454308858624
150.7806554967441
151.12102651700656
151.12647280647593
151.12647280647593
151.33749195142576
151.51813665720422
151.59031591578656
151.7573062910019
152.12108198567844
152.44065130909823
152.66164011158077
152.82482553936435
153.13598740530784
153.49054965772677
153.63226292756391
153.7863370800218
153.7863370800218
153.84951901094485
154.25126683025684
154.25126683025684
154.51491098591342
154.69205471638222
154.84996214753525
154.84996214753525
155.2654519016728
155.44973903517746
155.4642574250147
155.59208175573065
155.7252321187086
155.9627450554965
156.093042256998
156.14932817142713
156.31251359792176
156.5703044053576
156.63604758262085
156.63604758262085
156.63730483859433
156.63730483859433
156.63730483859433
156.63730483859433
156.81710766815124
156.81710766815124
156.84737622094642
157.00777654484116
157.00777654484116
157.64443574103802
158.03019268963814
158.34437363433682
158.34437363433682
158.51404742404188
158.72270076030108
158.92845255716105
159.38971923665667
159.61734778028546
159.85355362132066
159.85355362132066
160.10973228340225
160.3313264956084
160.47863391039067
160.47863391039067
160.54439342024398
160.54439342024398
160.7545601897358
160.991656321706
161.04407536003808
161.04407536003808
161.32416613784116
161.32416613784116
161.4307248693897
161.5933339550297
161.70754453465594
161.70754453465594
161.75910750752308
162.26033276820925
162.26033276820925
162.50701519747363
162.70730327568256
163.28748746560095
163.3144227253598
163.62420910681413
163.70984981328695
164.43102887049207
164.43102887049207
164.49235843621554
164.49235843621554
164.49235843621554
164.49235843621554
164.5232232028791
164.5232232028791
164.7325765750764
165.02582950854884
165.1083372366221
165.19927119486405
165.25270345751565
165.53722157498316
165.54871954532717
165.54871954532717
165.58225753263562
165.7637233464125
166.0730118445884
166.0730118445884
166.0730118445884
166.0730118445884
166.11542195100958
166.40389264025518
166.53227084487676
166.8050017914652
166.9659580222829
166.9659580222829
166.9659580222829
167.1159232676471
167.1159232676471
167.35916069192675
167.53911612315002
167.60500239242327
167.84351085191494
167.84351085191494
167.84351085191494
167.84351085191494
167.95620408652195
167.95620408652195
168.0848456652576
168.41307274270952
168.60313862813805
168.60313862813805
168.71532190329978
168.94725902313377
168.94725902313377
168.94725902313377
168.94725902313377
168.94725902313377
168.94725902313377
168.94725902313377
169.09763023257474
169.09763023257474
169.09763023257474
169.16838258412548
169.303979910189
169.303979910189
169.333595138245
169.333595138245
169.38776290720378
169.38776290720378
169.55782452443452
169.73136888632715
170.01128609666114
170.27127970791474
170.36116656126399
170.45181800605167
170.4692605665733
170.62839628690787
170.71258660291542
170.7195891850451
170.96644144932512
171.38485652546854
171.4190323151688
171.53760763609904
171.66045309856875
171.82224188563967
172.0142159780939
172.18706748823735
172.45738863808518
172.55226308994943
172.55226308994943
172.70663436857782
172.96897499658874
173.1934404471405
173.2000027182305
173.35397415827163
173.35397415827163
173.37592390066072
173.50360092653227
173.53202275995983
173.65011905761972
173.96952451889172
174.04918137985877
174.1337046859893
174.1337046859893
174.1337046859893
174.26207023626503
174.46660095281416
174.46660095281416
174.74244142017292
174.9327025794002
175.06403784573246
175.27962478670085
175.27962478670085
175.27962478670085
175.27962478670085
175.41938930626148
175.41938930626148
175.41938930626148
175.49804749941725
175.71002984127406
176.03445206765986
176.06388876140275
176.2660445082924
176.73884176322966
176.73884176322966
176.73884176322966
176.73884176322966
176.9567140840729
177.22667284084991
177.22667284084991
177.33901971523298
177.72038649379957
177.78142155615802
177.78142155615802
177.78870063519983
177.96335023803627
178.12062362872652
178.12062362872652
178.34213870877147
178.34213870877147
178.34213870877147
178.65984727459218
178.82983227999532
178.92178453393126
179.19260281390015
179.25801440254935
179.25801440254935
179.62387435245958
179.64658933055915
179.7613023729276
179.90476048414027
180.25734783532806
180.47930305122762
180.5130250629683
180.5610956648536
180.5610956648536
180.86042333923277
181.1948134103552
181.34601415156493
181.42703750207974
181.42703750207974
181.47536696334856
181.49754807645974
181.5266773209762
181.55758403947982
181.65273837555526
181.8401572720379
181.8401572720379
182.06603049617425
182.07566746116254
182.38759171737496
182.38759171737496
182.38759171737496
182.38759171737496
182.445317638864
182.48608085635956
182.52078154628103
182.68796160596804
182.68796160596804
182.73755681856176
182.79506580782814
182.79506580782814
182.88478751811184
183.06405506495005
183.06405506495005
183.2149921450065
183.2149921450065
183.2149921450065
183.27082584959197
183.27082584959197
183.27082584959197
183.4207186034151
183.58258248028312
183.58258248028312
183.58391934223087
183.60165492608274
184.00784054673352
184.19308030868635
184.30417652610092
184.30417652610092
184.30417652610092
184.6558316218277
185.0108035630975
185.21460707538188
185.2866651650476
185.44580933177681
185.6996994824187
185.6996994824187
185.72599435585823
185.73605850300132
185.73605850300132
185.73605850300132
185.73605850300132
186.0495724530228
186.06111046721293
186.21112743936388
186.40886304409818
186.63083026292645
186.63083026292645
186.82048147341445
186.82048147341445
186.82048147341445
186.98765119205586
187.0548004457306
187.08390134179663
187.1670068969615
187.1670068969615
187.27638074653066
187.4859649661089
187.71865595976686
187.73002262909156
187.95309661320823
187.95309661320823
188.08617743564864
188.30776463159967
188.40824652512427
188.57044769656906
188.57044769656906
188.5850778902796
188.5850778902796
188.59282889795782
188.71966401214723
188.71966401214723
188.72527776659996
188.72527776659996
188.72527776659996
188.72527776659996
188.72527776659996
189.05236439102322
189.12885743867417
189.12885743867417
189.12885743867417
189.3188697644134
189.3188697644134
189.4725161527755
189.50563856792522
189.706405738526
189.706405738526
189.7200111573372
189.79611340569838
189.8973814035183
189.98784183154982
190.15969738190546
190.52361682020953
190.52361682020953
190.6527094577687
190.78889498412738
190.78889498412738
190.78889498412738
190.78889498412738
190.97467314423244
191.12577843578805
191.2144277481385
191.2144277481385
191.2527047335838
191.2527047335838
191.351069042906
191.351069042906
191.3757492871483
191.3757492871483
191.39416170865104
191.39416170865104
191.39416170865104
191.4183523837699
191.4183523837699
191.4183523837699
191.49939249606672
191.49939249606672
191.49939249606672
191.53221628844338
191.53221628844338
191.53221628844338
191.57229551889344
191.70256593249871
191.95794776809143
191.95794776809143
192.14013294079
192.4234921154839
192.46879568215607
192.46879568215607
192.46879568215607
192.5355595114234
192.5355595114234
192.63239614726228
192.63239614726228
192.78141498254624
192.93640846195737
193.06693542412546
193.06693542412546
193.15898567381845
193.15898567381845
193.15898567381845
193.33598939738303
193.33598939738303
193.33598939738303
193.47247247527778
193.47247247527778
193.62887335915585
193.8276100983492
193.8276100983492
193.8576709967714
194.02420005820815
194.02420005820815
194.02420005820815
194.0918123805458
194.0918123805458
194.0918123805458
194.18957258013998
194.25621207246925
194.25621207246925
194.2678920148642
194.2678920148642
194.3217207006543
194.37770779047702
194.53342639113774
194.53342639113774
194.53664348778415
194.53664348778415
194.53664348778415
