0.5087780636587829
0.9713670890807603
1.5666583784275527
1.9342207675576755
2.590328321644799
2.590328321644799
3.2462493836688293
3.3327332675586474
3.8336935281414175
3.9060096485252638
4.287988281479969
4.8363740298489155
5.564016600622686
6.106277915608383
6.94027216094712
7.6361888393531245
8.46049109728401
8.71891472741683
9.356305523524606
9.364606395272713
9.53346388031776
10.118313213808843
10.486256189851645
10.952430578176422
11.330359458199819
11.841817507181373
12.076632317412724
12.555444233218402
13.024777268304335
13.23213435052422
13.396991167484884
13.666774159932302
14.521795938734359
14.928370528115769
15.058805668281767
15.201001389735561
15.644997506902028
15.698359866479716
16.27253221628173
16.694711223314975
16.87843084432458
17.54710316813551
17.864007667612736
17.864007667612736
18.32837379370979
18.702123635125172
19.330976260576378
19.841787452551483
20.15206388370446
20.15206388370446
20.363106412573273
20.65363235527397
21.006786941909844
21.478552561629105
21.478552561629105
21.929239920398196
22.46585106130216
23.18582105327808
23.688139264143345
23.989150549561362
24.150491417233496
24.150491417233496
24.204861988322968
24.73946476149379
24.73946476149379
24.73946476149379
25.10471006538962
25.63335393432858
26.113135621534404
26.684614417793053
26.688850906893354
27.382522342810244
28.087299569912293
28.60443794116346
28.94346165469445
29.299536248402116
29.353401026138556
29.753131386543586
29.883408771567225
30.39186400194039
30.517845543368747
30.87980216736972
31.057842575683413
31.126997143743456
31.724607611628894
31.88568137822564
32.44436476521211
32.64608085921319
32.737141183718244
33.19734651246044
33.78643030660133
34.028135370859
34.172302805428515
34.38297177616795
34.88149114191773
35.1097730836779
35.42236643379926
35.631990132645356
36.10044090420259
36.28680272225429
36.49219313347846
36.770580280130034
37.00110745019031
37.22553341063426
37.424325592810696
37.424325592810696
37.442389727960396
37.84709292308172
37.84709292308172
38.14303523829697
38.491314613975405
38.66617789528241
39.07978377672006
39.64220620843585
39.729380855563285
39.729380855563285
39.92838881449278
39.92838881449278
39.92838881449278
39.92838881449278
40.178589617227644
40.434145540604796
40.65424646685061
41.396804600361946
41.396804600361946
41.696281316642924
41.79733131038387
41.96511568373856
41.96511568373856
42.19696624062508
42.43424517450271
42.46393824518003
42.61938249382305
42.63367360152548
42.730647224059986
42.730647224059986
43.19943675094608
43.19943675094608
43.65369729886458
43.93833629817845
44.148440520396356
44.44719065300106
44.44719065300106
44.69655809811405
44.941758774203905
45.27072423858718
45.62268666195326
45.639829039124464
46.07975253395185
46.07975253395185
46.115357851624154
46.115357851624154
46.30084644894187
46.33548459916885
46.4475090006852
46.45622739102028
46.71171353143323
46.94653473681483
46.94653473681483
47.3399148775532
47.3399148775532
47.80499923753624
47.80499923753624
47.80499923753624
48.13578905799325
48.31807179543574
48.77039854837921
48.90632964407849
49.10151438116477
49.18188834240442
49.18188834240442
49.24599675431706
49.409854661413455
49.578613452189636
49.578613452189636
49.578613452189636
49.578613452189636
49.578613452189636
49.86845914509758
49.92071219081772
50.054952947406484
50.230239250636494
50.230239250636494
50.67051243943356
50.81519991081284
50.83873692956992
50.83873692956992
50.94347111828916
50.964425397695045
51.253420218856704
51.51219669150544
51.848463623930385
51.848463623930385
51.89074692721209
51.96730746400578
52.42724344884205
52.53601073348408
52.53601073348408
52.81328784919867
53.001531788520744
53.001531788520744
53.072467331545155
53.169742822962284
53.169742822962284
53.3471096380651
53.696050645136836
53.77382695276844
53.91814606235675
54.23283362733803
54.409933283368815
54.409933283368815
54.73224553066661
54.73224553066661
54.73224553066661
54.827516941070535
54.84705932241647
54.84705932241647
54.84705932241647
54.923181494650954
54.923181494650954
55.050568084906196
55.14068580926578
55.423864429791884
55.423864429791884
55.465636792193955
55.5598336505381
55.83228524730044
55.8975880593105
55.949866554939135
55.968609467346255
56.44255064739679
56.549940496521856
56.76947693785053
56.872595352387364
56.872595352387364
56.946604547149676
56.946604547149676
57.08703460905561
57.177511442058716
57.177511442058716
57.177511442058716
57.3492660647653
57.56465262411585
57.566872863622095
57.88530073804639
57.88530073804639
57.88530073804639
57.88530073804639
57.88530073804639
57.88530073804639
57.88530073804639
57.90151854318481
58.116274063215194
58.23705525621695
58.23705525621695
58.23705525621695
58.23705525621695
58.23890676192108
58.23890676192108
58.23890676192108
58.52077299116871
58.52077299116871
58.76936611004253
59.012946770915754
59.012946770915754
59.08912248865996
59.08912248865996
59.09592450037551
59.09592450037551
59.18225557244943
59.18225557244943
59.35937299720942
59.42474161976027
59.63885962526583
60.05828793950402
60.201291791681996
60.51033964710236
60.647134411586975
60.70946595431484
60.797186792067805
60.83652258450975
60.83652258450975
61.09570796735573
61.208322496327526
61.36570406681282
61.473394183392635
61.473394183392635
61.7933407566378
61.83481725239801
61.8958249815645
61.8958249815645
62.00187913249551
62.18390269730063
62.25946019760872
62.53039118341171
62.6874565059474
62.6874565059474
62.8986179213431
62.931634184333795
63.2178439682787
63.26220385981428
63.444383595417726
63.452672608044494
63.841089353455104
64.12999247062073
64.1953442576428
64.1953442576428
64.1953442576428
64.1953442576428
64.20648724021083
64.4758783586061
64.4758783586061
64.4758783586061
64.4758783586061
64.4758783586061
64.52619699814498
64.52619699814498
64.52619699814498
64.52619699814498
64.7648059265327
64.7648059265327
65.0243038452671
65.22180266279784
65.40864802670568
65.48927840788218
65.58419845716952
65.65166197729283
65.65166197729283
65.65166197729283
65.65166197729283
65.65166197729283
65.65547293197002
65.65547293197002
65.65547293197002
65.65547293197002
65.65547293197002
66.07417272631265
66.07417272631265
66.45687526199421
66.45687526199421
66.45687526199421
66.63912240203888
66.63912240203888
66.63912240203888
66.67375634066491
66.67375634066491
67.02267631308273
67.02267631308273
67.10004678708927
67.27238128555769
67.46992065670794
67.46992065670794
67.46992065670794
67.59018196746123
67.75468022019052
67.90794750912421
68.25512320964428
68.44942393466035
68.68777030868404
68.96392294685175
68.96392294685175
68.96392294685175
68.96392294685175
68.99444186133316
69.03143238731718
69.11210085731828
69.11210085731828
69.11210085731828
69.11210085731828
69.11210085731828
69.17391878274448
69.20821272934948
69.2574386669372
69.2574386669372
69.2574386669372
69.39435488450022
69.39435488450022
69.4608927480488
69.4608927480488
69.50308069805835
69.50308069805835
69.50308069805835
69.50308069805835
69.58817099073632
69.7065589894443
70.14674678975757
70.14674678975757
70.14674678975757
70.25227455459734
70.25227455459734
70.25227455459734
70.35567331959463
70.38310148995154
70.45061390707612
70.45061390707612
70.45061390707612
70.54115548784567
70.71698757794915
70.71698757794915
70.80635825760844
70.9354322452846
70.9354322452846
70.98414707248712
70.98414707248712
71.1742287924371
71.24475124417648
71.24475124417648
71.24475124417648
71.3637005903821
71.47678862046635
71.47678862046635
71.72909213762108
71.82744490886344
71.82744490886344
71.9330015906247
72.09100390818155
72.13680868903967
72.19355907258296
72.29371966619568
72.29371966619568
72.29371966619568
72.64799987654978
72.64799987654978
72.7858009656291
72.7858009656291
72.90192040464706
72.96645899395837
73.13076712305741
73.16650581742401
73.19377278521857
73.43937549589674
73.51571415727341
73.51571415727341
73.6605786676939
73.76520181851357
73.76520181851357
74.08034872429398
74.08034872429398
74.10075211321674
74.36315543373422
74.36315543373422
74.36315543373422
74.466892720078
74.6081915778892
74.61189335664045
74.61189335664045
74.61189335664045
74.61189335664045
74.67732126060514
74.75244475458626
74.75244475458626
74.75244475458626
74.75244475458626
74.75244475458626
74.75244475458626
74.8159861770236
75.0586213275904
75.0586213275904
75.0586213275904
75.05965752624209
75.05965752624209
75.27689446497433
75.33245024244643
75.33245024244643
75.57466660293196
75.77139372175071
75.81618070529937
75.98153890380316
76.14092435875371
76.42550878005572
76.42550878005572
76.66148805841488
76.66148805841488
76.66148805841488
76.66148805841488
76.66148805841488
76.90191071883017
77.12786866832242
77.12786866832242
77.23453475353068
77.30220161593061
77.30220161593061
77.54278083307692
77.5923109596189
77.6532711722666
77.6532711722666
77.79535080621272
77.8323063826413
77.83699821687416
77.97341201325318
77.97341201325318
78.00195274377242
78.0547186374612
78.0547186374612
78.0547186374612
78.0547186374612
78.0547186374612
78.10267368799556
78.10267368799556
78.10267368799556
78.10267368799556
78.16553269426328
78.16553269426328
78.16553269426328
78.26960373603067
78.26960373603067
78.40882442805652
78.40882442805652
78.50511899265294
78.50511899265294
78.50511899265294
78.50511899265294
78.59827588788679
78.59827588788679
78.69085259785979
78.69085259785979
78.69085259785979
78.69085259785979
78.72331230922708
78.73984603665079
78.89490499289937
78.89490499289937
79.10943694337598
79.10943694337598
79.27240441605329
79.27240441605329
79.44333170513436
79.54862867706736
79.74228957254152
79.74901072211424
79.79676923383433
79.79676923383433
79.79676923383433
79.79676923383433
79.8945565077026
79.8945565077026
79.95486615701371
80.05522894888153
80.05522894888153
80.05522894888153
80.44072847670652
80.44072847670652
80.71549906605338
80.71549906605338
80.71549906605338
80.71549906605338
80.71549906605338
80.82079539363936
80.82079539363936
80.86865765047916
80.86865765047916
80.86865765047916
81.00984423665253
81.00984423665253
81.06505700486488
81.09178420957643
81.09178420957643
81.09178420957643
81.09178420957643
81.09178420957643
81.21593594837718
81.21593594837718
81.22047073217644
81.22047073217644
81.38901758283512
81.38901758283512
81.38901758283512
81.38901758283512
81.38901758283512
81.38901758283512
81.38901758283512
81.79033041059384
81.98879597996618
81.98879597996618
82.07510624977168
82.07510624977168
82.07510624977168
82.19188555512731
82.19188555512731
82.19188555512731
82.19188555512731
82.19188555512731
82.19188555512731
82.24183495082055
82.24183495082055
82.24183495082055
82.27022058167947
82.27022058167947
82.27022058167947
82.27022058167947
82.27022058167947
82.27022058167947
82.27022058167947
82.27022058167947
82.27022058167947
82.27022058167947
82.27022058167947
82.27022058167947
82.27022058167947
82.30216941753103
82.30216941753103
82.30216941753103
82.30216941753103
82.30216941753103
82.30216941753103
82.40061174453193
82.40061174453193
82.40061174453193
82.40061174453193
82.40061174453193
82.40061174453193
82.40061174453193
82.40368824680723
82.40368824680723
82.40368824680723
82.40368824680723
82.40368824680723
82.40368824680723
82.40368824680723
82.44783837441288
82.44783837441288
82.45465633747142
82.45465633747142
82.45465633747142
82.45465633747142
82.45465633747142
82.45465633747142
82.45465633747142
82.50901391832282
82.50901391832282
82.50901391832282
82.50901391832282
82.64119317823831
82.77249724919807
82.77249724919807
82.77249724919807
83.0289573922119
83.0289573922119
83.0289573922119
83.0289573922119
83.0905000959894
83.0905000959894
83.0905000959894
83.23462667713437
83.23462667713437
83.23462667713437
83.23462667713437
83.30733477048724
83.44148328598196
83.49519082733643
83.49519082733643
83.54611549966654
83.54611549966654
83.81572021386735
83.81572021386735
83.81572021386735
83.81572021386735
83.9335614701008
83.9335614701008
83.9335614701008
83.9864262846888
83.9864262846888
84.15958208460272
84.17436975563858
84.27511038764486
84.37561203025567
84.37561203025567
84.45963101873525
84.49520239393081
84.49520239393081
84.49520239393081
84.74268928328217
84.74268928328217
84.8396810504079
85.37492931656466
85.37492931656466
85.40464260216488
85.46701361027561
85.56157157185609
85.56157157185609
85.56157157185609
85.56157157185609
85.90319090164468
86.07425199787156
86.25198305257378
86.25198305257378
86.29358373627701
86.29358373627701
86.29358373627701
86.34964302720574
86.46231714366566
86.46231714366566
86.46231714366566
86.46231714366566
86.52381443130052
86.52381443130052
86.52381443130052
86.52381443130052
86.65859643332637
86.69692784006762
86.69692784006762
86.69692784006762
86.69692784006762
86.80276649230592
86.98742517429392
86.98742517429392
86.98742517429392
87.08364366693498
87.10531848219885
87.10531848219885
87.10531848219885
87.10531848219885
87.10531848219885
87.10531848219885
87.10531848219885
87.10531848219885
87.10531848219885
87.10531848219885
87.27885960504486
87.27885960504486
87.34282804250883
87.34282804250883
87.34282804250883
87.4467276407173
87.47066211973605
87.66815296756194
87.66815296756194
87.66815296756194
87.66815296756194
87.66815296756194
87.66815296756194
87.66815296756194
87.66815296756194
87.66815296756194
87.66815296756194
87.66815296756194
87.66815296756194
87.66815296756194
87.66815296756194
87.7248467189271
87.7248467189271
87.7248467189271
87.7248467189271
87.7248467189271
87.7248467189271
87.7248467189271
87.80280796852618
87.80280796852618
87.80280796852618
87.80280796852618
87.80280796852618
87.80280796852618
87.95685387117226
87.95685387117226
87.95685387117226
87.95685387117226
87.95685387117226
88.06953264543462
88.06953264543462
88.06953264543462
88.22616559831897
88.22616559831897
88.22616559831897
88.22616559831897
88.22616559831897
88.22616559831897
88.22616559831897
88.22616559831897
88.22616559831897
88.3326372820841
88.45684753519193
88.45684753519193
88.54401280518482
88.54401280518482
88.69344504998709
88.69344504998709
88.69344504998709
88.69344504998709
88.69344504998709
88.81494010014065
88.81494010014065
88.93608485906185
88.93608485906185
88.93608485906185
88.93608485906185
88.93608485906185
88.93608485906185
89.05841896310395
89.05841896310395
89.10785308877534
89.10785308877534
89.10785308877534
89.10785308877534
89.10785308877534
89.10785308877534
89.10785308877534
89.10785308877534
89.10785308877534
89.2163665220181
89.2163665220181
89.2163665220181
89.2163665220181
89.2163665220181
89.2163665220181
89.25501810297364
89.25501810297364
89.25501810297364
89.25501810297364
89.28727137356152
89.28727137356152
89.32204045540597
89.40044637579186
89.59778224315767
89.6281058689968
89.6281058689968
89.6281058689968
89.6281058689968
89.68951942577381
89.68951942577381
89.75397366819364
89.75397366819364
89.81299679717607
89.81299679717607
89.81299679717607
89.81299679717607
89.81299679717607
89.81299679717607
89.81299679717607
89.91004629883727
89.91004629883727
89.9365659545361
89.9365659545361
89.9365659545361
89.9365659545361
89.9365659545361
90.04649108432413
90.18816378803344
90.25624107517189
90.25624107517189
90.25624107517189
90.25624107517189
90.26727213345993
90.45802443611609
90.45802443611609
90.54407345809406
90.54407345809406
90.54407345809406
90.54407345809406
90.54407345809406
90.54407345809406
90.54407345809406
90.54407345809406
90.66604813015621
90.7984400614796
90.7984400614796
90.7984400614796
90.7984400614796
90.84178026114938
91.00822008190451
91.00822008190451
91.00822008190451
91.03447596351648
91.03447596351648
91.03447596351648
91.24605842607706
91.24605842607706
91.24605842607706
91.24605842607706
91.35116720007562
91.35116720007562
91.35116720007562
91.35116720007562
91.35116720007562
91.35116720007562
91.41901689124059
91.41901689124059
91.45864131793735
91.45864131793735
91.45864131793735
91.45864131793735
91.54905435621612
91.54905435621612
91.76467804865119
91.85669349163825
91.85669349163825
91.85669349163825
91.85669349163825
91.85669349163825
92.01850961931267
92.14282480770855
92.3442313167526
92.34612113554961
92.34612113554961
92.41971360054718
92.41971360054718
92.46948245136737
92.53644017243992
92.53644017243992
92.53644017243992
92.53644017243992
92.53644017243992
92.53644017243992
92.53644017243992
92.53644017243992
92.53644017243992
92.53644017243992
92.53644017243992
92.53644017243992
92.66243180397716
92.66243180397716
92.66243180397716
92.66243180397716
92.86873709719765
93.04710015236857
93.04710015236857
93.1023989716417
93.13596156188798
93.21106987298899
93.21106987298899
93.21106987298899
93.28987370740934
93.28987370740934
93.28987370740934
93.50521597365241
93.50521597365241
93.64706905429635
93.64706905429635
93.64706905429635
93.64706905429635
93.64706905429635
93.65648644414878
93.65648644414878
93.81893647390298
93.81893647390298
93.81893647390298
93.81893647390298
93.82049718260865
93.82049718260865
93.82049718260865
93.82049718260865
93.83949888949313
93.83949888949313
93.83949888949313
93.83949888949313
93.96043033789614
93.96043033789614
93.96043033789614
93.9800516217414
93.9800516217414
93.9800516217414
93.9800516217414
93.9800516217414
93.9800516217414
94.09503258434384
94.31211220285928
94.42337146027747
94.59982924834114
94.59982924834114
94.59982924834114
94.59982924834114
94.59982924834114
94.74941079694864
94.74941079694864
94.74941079694864
94.83186038093977
94.90761321488344
94.90761321488344
94.96126110162318
94.96126110162318
95.10229912595479
95.10229912595479
95.10229912595479
95.14620973557126
95.14620973557126
95.14620973557126
95.14620973557126
95.18601228478477
95.24703738382568
95.24703738382568
95.44027667915158
95.44027667915158
95.47191221724776
95.47191221724776
95.47191221724776
95.53533059565297
95.53533059565297
95.53602788973531
95.63927014125909
95.63927014125909
95.63927014125909
95.63927014125909
95.65742201549656
95.65742201549656
95.73904117977742
95.73904117977742
95.766815662355
95.766815662355
95.766815662355
95.80402702523565
95.80402702523565
