0.5786865163963989
1.1317965278687288
1.2767961710450952
1.2767961710450952
1.8283071035052356
2.591224943250142
3.3894063679501474
3.5835032950947427
4.030181808883331
4.598697509021385
4.929241766653837
5.363585323831437
5.475577603304243
5.989575655399756
6.58904919405971
7.326824479675169
7.806307523964354
7.933666107852092
8.315826251363058
8.579416606363807
8.687304851166495
9.369753366357475
9.80834031858389
10.008296483124898
10.883769055033907
11.508011765548611
11.981993126673846
12.330952184100058
12.850818195863352
12.973490302362213
13.109664580816034
13.109664580816034
13.429789044558193
13.746681266313605
14.32136189613981
14.59036080571092
15.147691013858688
15.38165763522735
15.86956854892258
16.624140710516883
17.33280281266826
17.475468835359074
18.17118696464828
18.463630398409872
18.70298229176924
19.180509241874798
19.43816506051149
19.570651146829878
19.585150261891723
20.285669274885333
21.11418499140524
22.090335139345882
22.59001742421318
22.67514865129091
22.734477800726676
23.05147159359356
23.08426927972419
23.40921041302049
23.62859870818918
24.500931178725907
24.911472966896156
25.36564462266384
25.95101047312739
25.97494202693023
26.32437756885313
26.468601693468855
27.030182171022812
27.61587113288634
28.293675069561388
28.996958709896354
29.30621045896864
29.85010463978079
30.15777851611937
30.15777851611937
30.226182269844333
30.682161175529306
31.28170378716145
31.569997675764416
32.2564262743279
32.646798461239804
32.94239218823932
33.3940512848095
33.68202410494784
34.163642608773586
34.608575218917565
35.275173066437276
35.92412398937992
36.320110758916414
37.01681416399887
37.430684095438046
37.802928894521514
38.18015628404604
38.84348513260234
39.556440814881235
40.32138630255236
40.70466332215299
40.77805797256075
41.37700594520009
42.11052013436645
42.558056183347276
42.92312539161588
43.57387333852141
43.57387333852141
44.48806887377942
44.75689096462133
44.8235285278852
44.8235285278852
45.70281239660966
45.94790867185925
46.477531433323406
46.70362967629214
46.79082927216422
46.96957300445659
47.57363500415971
48.12072917942326
48.25921777643965
48.58834442823931
49.53032800952373
49.665894122168
50.135274454433365
50.542568455773306
50.85628491677285
51.01111453931997
51.01111453931997
51.614508333566114
51.75708035911847
52.08855071726919
52.17608106891385
52.418536298034205
53.06356710863627
53.281540155106754
53.34645244117863
53.77530243096624
54.13358432043027
54.57793659824615
54.898158145418094
55.34264314961233
55.34264314961233
55.761720306609746
56.23684199536178
56.25148137195977
56.3357147416779
57.08848361468122
57.08848361468122
57.355317506321434
57.58267943750038
57.908876911660606
58.43987669685364
58.53959930398473
58.8223237796176
58.86999316571023
59.045632670637055
59.363075793594476
59.386211974711365
59.67080000406972
60.12670243494926
60.23750958732966
60.590777612200185
60.590777612200185
60.9652292385085
61.19890172600062
61.411858924787694
61.591311715760185
62.04582190851305
62.13004108512836
62.19689871575872
62.19689871575872
62.616278676994625
62.79593485197049
62.940616537269264
62.940616537269264
62.940616537269264
63.26121957451861
63.26121957451861
63.860272033554644
64.44154462541908
64.68138763261832
64.68138763261832
64.68138763261832
64.68138763261832
64.68138763261832
64.948058182263
64.948058182263
65.7795329018841
65.7795329018841
66.22978399652239
66.65670946947579
67.07943335028796
67.46859032701101
67.57684906874904
67.81732737903445
67.92979919297643
68.0369201171157
68.09606942716098
68.09606942716098
68.09606942716098
68.09606942716098
68.18829577577766
68.23800415453837
68.44626219642078
68.5077538141914
68.5077538141914
68.5077538141914
68.7436599408772
69.18523104711758
69.3409700839443
69.75488976207771
69.75488976207771
69.86390183318275
70.06069510997807
70.51819833580474
70.57193674701642
70.83179697572916
71.28201739383482
71.32931730602255
72.11777195216477
72.45988915463154
72.59127980085356
72.59127980085356
73.06031418781994
73.55010292496695
73.95949323687681
74.35403826440776
74.45889198493644
74.8651141920575
74.8651141920575
74.8651141920575
75.0904920080524
75.0904920080524
75.4127348481972
75.73558763009837
75.93377382319562
76.14656639517926
76.14656639517926
76.19704114075438
76.19704114075438
76.42965101287572
76.57949006183532
76.80413514780462
76.81345738395825
76.90479687423712
77.53962070866244
77.53962070866244
77.73488095954772
77.80022306960156
77.97289058579437
78.5661789037553
78.93368002125887
79.00105663945607
79.28797628383101
79.28797628383101
79.28797628383101
79.29395648050739
79.36391644015595
79.5139787000027
79.5139787000027
79.69092281910625
80.10649228832382
80.707996707974
81.09574695861734
81.14006401182877
81.23803806966983
81.73399570752586
81.83819280155677
82.13275622187318
82.3483504410681
82.47995743793777
82.85006660096033
82.94176521846025
83.02070142995521
83.02070142995521
83.50123747767776
83.58677365133664
83.58677365133664
83.58677365133664
84.15360442921937
84.38955353396496
84.38955353396496
84.68262176189282
84.87954842685168
85.08622943330126
85.25648386348448
86.2881238186024
86.60177144330976
86.84206779061145
86.84206779061145
86.84206779061145
87.18497696636935
87.43235310327775
87.69744863220997
87.69744863220997
87.90266293857904
88.40513364456854
88.40513364456854
88.69771304526954
89.10022791698142
89.41401830349862
89.55128575457526
90.1087322693465
90.27425438731709
90.27425438731709
90.51293471005337
90.72802496720173
91.08205645750509
91.38486425910178
91.38486425910178
91.44339183368196
92.04834132918226
92.0952338127621
92.3398005880841
92.6989366629472
92.93288032983371
93.17142272028741
93.74714941649478
94.00590634140711
94.15323032834975
94.38478507606527
94.67306869172556
94.7582032944238
94.96284211393665
95.4717273367041
95.56623414685464
96.04151442342449
96.37666269135792
96.37666269135792
96.88752124221865
97.04623903967438
97.04623903967438
97.11369232503401
97.24172682131345
97.30265638045978
97.30265638045978
97.39656006073513
97.59340035938149
97.7334606072426
97.8114854038063
97.90891698190958
97.90891698190958
98.02960106337176
98.61132773710412
98.61132773710412
98.93058801364221
98.97563697996252
98.97563697996252
98.97563697996252
99.37080631738945
99.89293725607124
99.89293725607124
99.91284247440161
100.21051587322948
100.54357211998341
100.8578939964968
100.97344353026135
101.33914601043246
101.76801428802706
101.9013328428016
102.2476537794411
102.46281407187836
103.0911272454082
103.0911272454082
103.0911272454082
103.0911272454082
103.1178068060178
103.35856663622009
103.88956206110304
103.97425529132424
104.04543987950973
104.23511151802133
104.43606473001577
104.49078922633535
104.6358161260023
104.90830833708898
105.16154268772777
105.31842165558729
105.72121085773539
105.72121085773539
106.11265204614872
106.35416094255861
106.81219793224969
107.03122081070799
107.3821404233143
107.95918278118224
108.01142694644449
108.32344443341016
108.64781883301762
108.81750531000891
109.01495746557698
109.4800729957469
110.00562331742023
110.21591473860607
110.36670088872194
110.36670088872194
110.93950015454944
111.21791121793359
111.54609293383513
111.5889915057509
111.76847073319973
111.76847073319973
111.76847073319973
111.9676149977824
111.9676149977824
112.37988435954726
112.75784071394182
112.75784071394182
113.16056209509776
113.2328097868937
113.2328097868937
113.44056127162469
113.54910192621435
113.68099429972949
114.48627620660615
114.75838479013329
114.99170733668701
115.24413875502673
115.36263663203984
115.68589143250264
116.00408693353538
116.02085122698287
116.31172778524815
116.50918063133628
116.50918063133628
116.84929086581701
117.07494303833201
117.38017848687116
117.85076472642709
117.85076472642709
118.29268226731315
118.48622497098046
119.06047337214832
119.30687426160414
119.58979331453244
119.90336830670664
120.2153932799811
120.33301720845151
120.93848647446809
121.15617221922594
121.41587260885149
121.72109683751
121.72109683751
122.06387562711427
122.2364704343625
122.51493284987883
122.72140539488943
122.81007474692315
122.81007474692315
122.97290289680292
123.13543066059685
123.13543066059685
123.23789866899763
123.43066996738708
123.54746133995926
123.54746133995926
123.85213876004576
124.24400194306861
124.29734759947563
124.37013790932231
124.46339793672234
125.0762830569511
125.12133685302737
125.56127533222714
125.65704410706091
125.89779854920779
125.89878571017273
126.13302809071124
126.3825072713265
126.6212439189493
126.88724074612011
126.88724074612011
127.34528279683586
127.74255150253023
127.95128782981425
127.95128782981425
127.95128782981425
128.2518119741747
128.3917195344206
128.7233396674017
128.8233199017097
128.8233199017097
129.2705405587053
129.49792488754383
129.49792488754383
129.74568984097698
129.74568984097698
129.81223049555751
130.12785299821397
130.267943872207
130.267943872207
130.53815879770232
131.31964138649158
131.56050328170207
131.91895448541572
131.91895448541572
132.06575546507733
132.5607547619805
132.86488910216775
132.99151937669637
133.2925300449701
133.580941896397
133.86896817465134
134.02856818018319
134.17810620917024
134.31147018548396
134.3301542975241
134.3301542975241
134.63926976392338
134.63926976392338
135.11731523944493
135.30577148776416
135.30577148776416
135.30577148776416
135.30577148776416
135.8152848288141
136.05818678219973
136.1754113550128
136.1754113550128
136.2020099312609
136.3541807785146
136.55376188027537
136.77515625774612
137.25673588118514
137.38290694153605
137.38290694153605
137.70236522986366
137.80327464462118
137.80327464462118
137.96837224962394
138.1208211450196
138.1208211450196
138.22287472288474
138.22287472288474
138.22287472288474
138.22287472288474
138.5244376874313
138.73959845145586
138.73959845145586
138.82838319224595
139.19014245054214
139.19014245054214
139.19812580908356
139.19812580908356
139.44864450692887
139.62057020560957
139.62057020560957
139.8001501370299
139.880091335852
139.880091335852
140.0657746072401
140.3988301771883
140.5966238932304
140.7999909340527
141.06889596611953
141.06889596611953
141.1942963794232
141.78062641525
142.0209940412211
142.25175122978095
142.25175122978095
142.25175122978095
142.25175122978095
142.3994668808855
142.68569165435514
143.20737616369837
143.5921075314179
143.7461980884322
143.7461980884322
143.94162183894306
144.52714589469986
144.62511113176475
145.01902552348596
145.341662535457
145.68235128718243
145.68235128718243
145.71673859719755
146.05855661879093
146.19581248925067
146.19581248925067
146.21303118794447
146.21303118794447
146.73944119454978
147.1077089406887
147.57127404591128
147.57127404591128
147.98331963844012
148.25943623011656
148.5494214566788
148.78212353861537
148.78212353861537
148.8988133936382
149.1723228128407
149.2687066394825
149.2687066394825
149.33914831562709
149.33914831562709
149.5213987398878
149.61806579359035
149.66184677704015
149.66184677704015
149.87452375581734
149.87452375581734
149.87452375581734
150.20153029854174
150.2074635737927
150.3777573179499
150.6673279890536
150.95392129356654
150.95392129356654
151.41104169649182
151.41104169649182
151.42760380722007
151.57817396863828
151.93425904354325
151.93425904354325
152.25957883505234
152.26344733845428
152.47668930289376
152.7115191416333
152.7762758743124
152.9243336152355
152.9243336152355
152.9243336152355
152.9243336152355
152.9243336152355
152.9243336152355
152.9243336152355
153.1108318909819
153.15807229872414
153.29200058731303
153.70875879214503
153.70875879214503
153.79265534008687
154.20044653343967
154.3104963359635
154.72731744764425
155.13122611503303
155.3321317328512
155.55977693582955
155.55977693582955
155.55977693582955
155.73545962955083
155.9471340415862
156.09603908824212
156.09603908824212
156.11641323743436
156.39033913156155
156.4775425339085
156.589810376566
157.02845930532956
157.24920376802072
157.57742612223413
157.57742612223413
157.60563759836492
157.60563759836492
157.60563759836492
157.60563759836492
157.65828485654822
157.7190736290899
158.0513280976418
158.2795233490948
158.2795233490948
158.2795233490948
158.2795233490948
158.2795233490948
158.34723158675362
158.5055960267593
158.95886738879557
158.97398420466385
159.04150753808904
159.04150753808904
159.04150753808904
159.43710615435145
159.68574898944473
159.68574898944473
159.68574898944473
160.0172272292363
160.46949259180957
160.46949259180957
160.8592190859921
160.8592190859921
160.9439305621209
160.9439305621209
161.02983977779473
161.02983977779473
161.02983977779473
161.02983977779473
161.02983977779473
161.02983977779473
161.02983977779473
161.02983977779473
161.2889975388106
161.3380459960033
161.38290145263812
161.38290145263812
161.38290145263812
161.38290145263812
161.42641032646588
161.45840044857994
161.45840044857994
161.6314288174072
161.78827886296793
162.03529836507659
162.15074425048624
162.15074425048624
162.15074425048624
162.21956462381638
162.21956462381638
162.26757813956252
162.26757813956252
162.36380174531052
162.4651910426166
162.51933232442124
162.75881143097723
162.75881143097723
162.80585316116247
162.98237315423853
162.98237315423853
162.98237315423853
163.0598439547533
163.3826511186551
163.5312151947812
163.5312151947812
163.5312151947812
163.5312151947812
163.5312151947812
164.16004604960892
164.16004604960892
164.22099774879456
164.47476124933522
164.67565331788094
164.82881741206893
164.83000047439063
164.83000047439063
165.04577740199278
165.06677235339453
165.06677235339453
165.3152599307847
165.37327149774288
165.5231794653829
165.5231794653829
165.6056637793718
165.6056637793718
165.88712182071595
165.88712182071595
165.88712182071595
166.09530855955663
166.53329462846048
166.53329462846048
166.676655648198
166.676655648198
166.73783636362518
166.73783636362518
166.77491443308327
167.05884536290267
167.1564761913978
167.40169952196953
167.40169952196953
167.4171087250404
167.4171087250404
167.78370368613102
167.8188038729443
167.8188038729443
167.94470793291705
167.94470793291705
168.0745557805719
168.18567851801043
168.18567851801043
168.18567851801043
168.18567851801043
168.31026868669042
168.31026868669042
168.31026868669042
168.31026868669042
168.31026868669042
168.3489782478087
168.57530425949625
168.57530425949625
168.57530425949625
168.57530425949625
168.57530425949625
168.57530425949625
168.57530425949625
168.57530425949625
168.62554300112075
168.62554300112075
168.62554300112075
168.73421852758423
168.73421852758423
168.73451815888654
168.87056382332466
168.87056382332466
168.96964669087714
168.96964669087714
168.96964669087714
168.96964669087714
169.21709825316435
169.27611414781492
169.31459386801
169.31459386801
169.31673172188815
169.4243522684304
169.68620101694736
169.68620101694736
170.02539212974142
170.02539212974142
170.02539212974142
170.02539212974142
170.02539212974142
170.02539212974142
170.4672257634757
170.4672257634757
170.4672257634757
170.4672257634757
170.4672257634757
170.4672257634757
170.4672257634757
170.48395538455773
170.48395538455773
170.48395538455773
170.52309496366672
170.52309496366672
170.52309496366672
170.52309496366672
170.61317554075052
170.67431257694335
170.67431257694335
170.67431257694335
170.69374565264863
170.69374565264863
170.69374565264863
170.77512929811274
170.77512929811274
170.77512929811274
170.77512929811274
170.77512929811274
170.77512929811274
170.77512929811274
170.86775916724133
170.94416944237685
170.94416944237685
171.11363774718498
171.11363774718498
171.11363774718498
171.11363774718498
171.11363774718498
171.11363774718498
171.31455925008493
171.31455925008493
171.54473777558405
171.54473777558405
171.54473777558405
171.54473777558405
171.54473777558405
171.83457543246092
171.84172853255603
171.84172853255603
171.85641314910987
172.12241295273088
172.2388596222375
172.29306037867184
172.29306037867184
172.29306037867184
172.29306037867184
172.29306037867184
172.43230700710876
172.43230700710876
172.69004320714646
172.69004320714646
172.98328849687405
172.99590715744944
172.99590715744944
172.99590715744944
173.23430936329743
173.32058020204624
173.6748068842211
173.6748068842211
173.72814345044353
173.72814345044353
173.72814345044353
173.72814345044353
173.72814345044353
173.86989817007597
173.86989817007597
173.86989817007597
173.86989817007597
173.94274561113915
174.1444366110119
174.1444366110119
174.1444366110119
174.1444366110119
174.1444366110119
174.1444366110119
174.1444366110119
174.1444366110119
174.1444366110119
174.27248351909313
174.27248351909313
174.3032826266619
174.36921258087688
174.36921258087688
174.36921258087688
174.36921258087688
174.36921258087688
174.38784118358507
174.46089322165054
174.5997910624148
174.5997910624148
174.62939740354574
174.62939740354574
174.62939740354574
174.88521707500544
174.88521707500544
174.88521707500544
174.88521707500544
175.09457991857016
175.29461036338176
175.29461036338176
175.63956385252078
175.63956385252078
175.63956385252078
175.63956385252078
175.63956385252078
175.63956385252078
175.68891675064825
175.68891675064825
175.68891675064825
175.68891675064825
176.01731357579698
176.07213435210036
176.07213435210036
176.07653863552773
176.43128375195346
176.53167802249797
176.6785431915167
176.6785431915167
176.77655368982496
176.77655368982496
176.8445932742817
177.00728157899954
177.00728157899954
177.25172743827707
177.40229631958076
177.40229631958076
177.4081874458043
177.63460524946217
177.64075366351946
177.7148011774412
177.74943536076492
177.74943536076492
177.86099474094186
178.03460301306293
178.10733916180294
178.10733916180294
178.10733916180294
178.10733916180294
178.10733916180294
178.10733916180294
178.42798590741646
178.42798590741646
178.5682880147236
178.67744132312157
178.67744132312157
178.77106748579996
178.77106748579996
178.9892405512981
178.9892405512981
179.23707359705656
179.23707359705656
179.23707359705656
179.23707359705656
179.41691381902368
179.60195984723921
179.6839696484706
179.8092644916719
179.98897350528196
179.98897350528196
180.26123295467514
180.3281002073457
180.3281002073457
180.3281002073457
180.3281002073457
180.61028738274422
180.88235560054056
181.08293070002242
181.08293070002242
181.1362052645393
181.23915139243962
181.23915139243962
181.41196575711115
181.41196575711115
181.47377775732716
181.71734815476347
181.71734815476347
181.71734815476347
181.71734815476347
181.71734815476347
181.78778507822102
181.78778507822102
181.78778507822102
181.78778507822102
181.78778507822102
181.8357138738717
