0.4190354866808912
0.9973650051375451
1.3870012200151298
1.3870012200151298
1.6987601527467995
2.449998335190723
2.7897068896278805
2.7897068896278805
2.90214870974173
3.0752061630342036
3.926465547529503
4.113539849323423
4.198469935107697
4.878017049417497
4.878017049417497
5.730808639993091
6.341065248180447
7.249810351289146
8.014922882733146
8.541030520113777
8.718705287914265
9.226599348386992
9.452601484234911
9.728899952037388
9.893544138378894
9.980897987181237
10.155147580428858
10.236433000410704
10.776530585359879
11.13382267804711
11.446705692551388
12.033957670770103
12.866287027923828
13.237905054699604
13.748102222391381
14.013988074187944
14.5061417244149
14.923897221717642
15.112395919302953
15.537596243837097
16.285099314025395
16.8115114611457
17.147505195700035
17.48000790689125
17.90629042333637
18.18168827294086
18.251901613306952
18.987787325285645
19.4519886288792
20.258162507283288
21.075281285107682
21.47848761047706
21.72486280894767
21.835649985271335
22.172643347232253
22.364632455250405
22.719223562255856
23.215102436663265
23.66357455442359
23.66357455442359
23.920672242133524
24.177658644574322
25.029279035527917
25.642600517982988
26.042627828278235
26.208376258466853
26.234968663388877
26.928931131213435
27.33386822680418
27.880261444980047
28.306806238865757
28.96515039405158
29.183929471634023
29.30981011957778
29.928666311668515
30.768743365703884
31.29948870371317
31.763167837019566
32.28993520571122
32.63090391302076
33.35246101260524
33.67398739779035
34.455345043764346
35.07284491158155
35.07284491158155
35.71721008647489
36.32819695260955
36.32819695260955
36.812551410032526
37.34264965859246
37.772291987300726
38.077385329232065
38.26741159991034
38.580962416917096
38.580962416917096
38.854883060467756
39.21731184451297
39.77858144654188
40.13621637164842
40.42143286363162
40.54573791193018
40.54573791193018
40.96741540320152
41.024048240265806
41.024048240265806
41.024048240265806
41.26873010299145
41.26873010299145
41.772014769328266
41.772014769328266
41.772014769328266
42.191804474172166
42.564262900170824
42.624218483809
42.624218483809
43.1485447850611
43.250853782235296
43.51607194905309
44.09204621742099
44.1584464499715
44.1584464499715
44.593420159129245
44.70624355508285
45.369827923441505
45.799194473732015
46.01985707736987
46.01985707736987
46.424849922192834
46.9231733631147
47.201407468368316
47.47612271338147
47.54644108683218
47.666959719845984
47.666959719845984
47.776528646406156
48.00857508542686
48.036708323836265
48.036708323836265
48.15307498535665
48.18022624206423
48.43712423441025
48.9557087279858
49.45257188716533
49.45257188716533
49.74015471525588
50.204290200719214
50.55551978329045
50.86896322970885
51.339393491256594
51.74271210055669
51.74817596125307
51.74817596125307
52.052480488443045
52.052480488443045
52.052480488443045
52.09064156678079
52.66039856011481
52.72821373747772
52.72821373747772
52.8558182765886
52.97014959028359
53.31310722949937
53.638653693753966
53.731211301690756
53.97223519580037
54.32441736507125
54.621395067862466
54.65681217614039
54.95223170349325
54.95223170349325
55.08623645312885
55.237412643945255
55.237412643945255
55.364386638843314
55.62621853353945
56.21620600932933
56.56685050730581
56.930629101242964
57.24368440935097
57.77814384485056
58.04267014424913
58.39683561582645
58.69981269225143
59.208816755911705
59.68749563237013
60.09345601072721
60.09345601072721
60.09345601072721
60.22415656617141
60.22415656617141
60.22415656617141
60.552360896396095
60.552360896396095
60.552360896396095
60.88849427343717
60.88849427343717
61.30573757441516
61.30888779813929
61.93500406141481
62.146507797171125
62.146507797171125
62.322228712005405
62.952378532263985
63.03820523556321
63.307011445099505
63.36590298423725
63.36590298423725
63.36590298423725
63.36590298423725
63.405607420527645
63.405607420527645
63.74882081134304
64.04598059626487
64.09899530132151
64.6664147281674
65.04983646564781
65.04983646564781
65.20423036140457
65.26092985442614
65.86308934742728
65.95586264023407
66.32439787239454
66.66199445643315
66.84487577621658
66.98773734775331
67.07943256144016
67.07943256144016
67.30678711752319
67.51208355618932
67.51208355618932
67.78165928125858
68.38724408544303
68.62383360685773
68.9260391753769
69.35688025349238
69.88600867415101
70.20986002382017
70.81031187405614
71.10923138806668
71.62618998943074
72.11031015299706
72.59365934333026
72.91243755691517
73.35905635248167
73.74627242917157
74.25222692050588
74.67856458386704
74.95917824756047
75.65999243216437
75.65999243216437
75.81133556123548
75.93965185520868
76.26547248909087
76.79191863379708
77.23996579142562
77.572828722371
78.06005986929922
78.06005986929922
78.3046003646852
78.66380277492358
79.04547638679941
79.64460253603195
80.34562598720306
80.34562598720306
80.88399870856004
81.28761989540591
81.5181009280899
81.65281053866993
81.87516891163963
82.01906160257273
82.26451888393825
82.4563841787015
82.89291620341663
83.15867769285232
83.36305287714075
83.63596735167776
83.92700194401363
84.09363189371285
84.61224156715475
84.89676252227976
84.89676252227976
85.03807454673418
85.52995446122773
85.5363867233348
85.5363867233348
85.5363867233348
85.5363867233348
85.67744140061842
85.84441595065316
85.84441595065316
86.65085419168425
86.8380588096661
87.07533136628852
87.27702460614945
87.40037180626926
87.8646496794517
87.8646496794517
87.86989966106974
88.00993282736127
88.00993282736127
88.45413285515117
88.87378369078748
88.87378369078748
89.07116064043865
89.7312714108011
90.09102314624995
90.09102314624995
90.56678369163923
90.81723613100927
90.93444149186067
91.02358467797212
91.64437287885998
92.07235524701042
92.07235524701042
92.43641819048042
92.88790141590583
93.32438409075633
93.59498302456933
93.59498302456933
93.95463171560627
94.24842953302296
94.70491086855078
94.87312960092606
95.25962352986986
95.70939295451801
95.70939295451801
96.26306471216827
96.67585282614087
97.14249580942523
97.14249580942523
97.53448236795613
98.24882778114112
98.68175259655843
98.93651761939023
99.17387344579635
99.51030851490904
100.01479661542001
100.01479661542001
100.19442130302612
100.68384702139278
101.0426943283403
101.15620797454935
101.3131429191793
101.37605357015778
101.62755102792634
101.62755102792634
101.86662566707147
102.15920840551644
102.42608001268405
102.60133233856376
102.61329127197143
102.61329127197143
102.93415773414611
102.93415773414611
102.93415773414611
102.93415773414611
102.93415773414611
103.22619818942891
103.51334032225897
103.96537123201281
104.32306938212449
104.62394604243468
105.08971056847962
105.27829650478313
105.89908867182073
106.2232607359752
106.46499388350313
107.06716966989946
107.10216500772367
107.13568905124886
107.13568905124886
107.47707451269292
107.67311398211214
107.90549994879346
108.21923489913543
108.47149587882454
108.58842018302177
108.88224708629225
109.04938522198968
109.41852933166045
109.51932714013039
109.51932714013039
109.7861522963075
109.8250018021899
110.00199734078154
110.09650330493706
110.09650330493706
110.27557021097273
110.40111258747108
110.63586316890566
110.8992932663985
111.4394769592414
111.53195824169354
112.13112490393578
112.13112490393578
112.13112490393578
112.3297786896132
112.38470826007563
112.67407927964275
113.18586173236149
113.53451111522405
113.53451111522405
113.90444053152156
113.90444053152156
114.03566607707829
114.21620159104273
114.21620159104273
114.45546040703161
114.46624050784949
114.68769436484088
115.08052726807801
115.23760726665495
115.24083949050335
115.35871124669352
115.35871124669352
115.63836382485113
115.9068421445167
116.24800355522999
116.51463213796384
116.63850147117253
116.71104456235034
116.9931675057468
117.28703923186133
117.41690473073079
117.69137144953744
117.72651864338125
118.0465006509056
118.12523455378192
118.56898766551144
118.9990979179778
118.9990979179778
119.10154201668409
119.2619890803938
119.3587146245963
119.3587146245963
119.60200915493999
119.71553879575012
119.92593451647261
120.09178965902896
120.17667603462483
120.17667603462483
120.17667603462483
120.24494291053547
120.29060626048948
120.29060626048948
120.30617191262357
120.30617191262357
120.6419398387742
120.6419398387742
120.68604785403807
120.96026849259438
121.14226010284581
121.14226010284581
121.17885397281248
121.53030310547163
121.73990675291964
122.0794478566268
122.26479619390415
122.31674569263102
122.36723461209272
122.52780161183377
122.52780161183377
122.5698493811548
122.5698493811548
122.5698493811548
122.5698493811548
123.14504561611062
123.21764005055547
123.21764005055547
123.30964794591667
123.65377045828949
123.7154763274236
123.92231417338505
123.92231417338505
123.92231417338505
123.92231417338505
124.03954488925713
124.13204842375838
124.26411662672953
124.27285282518909
124.64694804728758
124.64694804728758
124.64694804728758
124.6992936498169
124.80031123205279
124.80031123205279
124.93359978603729
125.21819764558504
125.21819764558504
125.21819764558504
125.32009532659865
125.43115302231679
125.43115302231679
125.64478005156887
125.64478005156887
125.8639290906256
125.8918468742866
125.8918468742866
125.8918468742866
126.14646879892969
126.14646879892969
126.29631218403662
126.29631218403662
126.29631218403662
126.39444347689083
126.44210491195153
126.55646924883132
126.67733964706554
126.67733964706554
126.8371991754684
127.31589278735052
127.44572718272772
127.5912723945651
127.76831140092685
127.84427264056893
128.14999282981722
128.6487566151631
128.6855623921909
128.70835132487412
128.97852820878458
129.00067247450224
129.00067247450224
129.03443041343033
129.03443041343033
129.03443041343033
129.03443041343033
129.03443041343033
129.03443041343033
129.03443041343033
129.03443041343033
129.03443041343033
129.03443041343033
129.03443041343033
129.17149763361564
129.17149763361564
129.37288753957682
129.46884053251986
129.7061164156252
129.93787969836907
129.93787969836907
130.17977650833913
130.23695641020774
130.8547447309657
130.8547447309657
130.95474368975508
131.08807539334268
131.2711015150346
131.2711015150346
131.2711015150346
131.3147880146062
131.3147880146062
131.3147880146062
131.4815812712512
131.4815812712512
131.4815812712512
131.75693397670463
131.8282637657831
131.91012430667868
131.91012430667868
132.0362503742452
132.0362503742452
132.25378028826404
132.25378028826404
132.33291254841305
132.4635933343808
132.4635933343808
132.4635933343808
132.4635933343808
132.7016104403581
132.7016104403581
132.7016104403581
132.7016104403581
132.7955758775907
132.7955758775907
132.7955758775907
132.7955758775907
132.7955758775907
132.85953175135194
133.1646940406546
133.24571145546557
133.37677794400116
133.57017839300315
133.57017839300315
134.01609451976148
134.03525563022956
134.0439677955458
134.39633719769287
134.54946407732834
134.94335581129056
134.94335581129056
135.04195655303997
135.46757561085363
135.85544117603453
136.1560117006977
136.1560117006977
136.1560117006977
136.1560117006977
136.1560117006977
136.1560117006977
136.25090246681367
136.25090246681367
136.5747333195798
136.71388132486598
136.88911638533722
136.9078308781972
136.9078308781972
137.14399491967052
137.38426558469442
137.73817643450224
137.885929628656
138.3277510511033
138.3687247717879
138.43157132660392
138.4966880725014
138.7219260571018
138.79205203698874
139.20417958104608
139.20417958104608
139.45588330936715
139.80000600059503
139.80000600059503
139.8834793701083
140.35003920418345
140.4797834275429
140.74988652535103
140.98247935631795
141.32403323977576
141.79291699296866
142.07011192214873
142.42147253275482
142.6169209839758
142.91118986190799
143.07992545442605
143.07992545442605
143.37859975122382
143.3866755421942
143.3866755421942
143.49054987487725
143.73154553453537
143.92692959969517
144.26433458839261
144.26620223837122
144.45957004833406
144.7657446912064
145.02316009410038
145.02316009410038
145.02316009410038
145.10483600790073
145.10483600790073
145.10483600790073
145.15856846405018
145.30083151333906
145.3581446433361
145.6140723000994
145.84167544023933
145.9225519510299
145.9225519510299
146.20966111170418
146.23127314674574
146.23127314674574
146.23127314674574
146.23127314674574
146.23127314674574
146.39124442510493
146.39124442510493
146.46964086281977
146.73955858981716
147.07301341548387
147.2202050069786
147.2202050069786
147.2202050069786
147.2202050069786
147.57442902937572
148.32236642174752
148.32236642174752
148.65506932644286
149.0321535864895
149.24093481964
149.24093481964
149.24093481964
149.29422505622452
149.54845300936358
149.78294719736002
149.95587202761567
150.1178218624023
150.35321286059894
150.4927651210361
151.0838265264352
151.48107228637718
151.6249335731574
152.0537708590117
152.12224168165818
152.2510886137574
152.39365273619896
152.4493232181754
152.55594161559299
152.55594161559299
152.90193674132132
153.28051785586533
153.61863428452347
153.70018672544214
154.06028719787685
154.06028719787685
154.1188967876738
154.1188967876738
154.39428172300848
154.62674989675781
154.658638846712
154.93670888210684
155.0437355897687
155.1694682946768
155.3607934792606
155.3607934792606
155.6877152651941
155.78987191256675
156.2012595821234
156.2012595821234
156.2012595821234
156.2012595821234
156.23033105471697
156.23033105471697
156.23380009304054
156.44736495177168
156.44736495177168
156.66530298706138
156.85575001602083
156.85575001602083
156.85575001602083
156.99612081231842
157.30009686174458
157.30009686174458
157.30009686174458
157.30009686174458
157.78338044895787
157.83947449155974
158.17699439200166
158.17699439200166
158.32753857635208
158.32753857635208
158.47563074283266
158.47563074283266
158.47563074283266
158.47563074283266
159.06031035837844
159.06031035837844
159.06031035837844
159.06031035837844
159.11759182909432
159.11759182909432
159.11759182909432
159.20789975111606
159.37115125295074
159.37115125295074
159.56943992049824
159.67803917244225
159.73017451033596
159.73017451033596
159.76282572844994
159.84651478574625
159.84651478574625
159.93480480558804
159.93480480558804
159.93480480558804
160.3586515176206
160.3586515176206
160.3586515176206
160.3586515176206
160.3586515176206
160.57889382384184
160.57889382384184
160.75657583665253
160.75657583665253
161.0437689993407
161.29372832597144
161.3626722424652
161.3626722424652
161.38990449238776
161.38990449238776
161.45111892980952
161.63239534847617
161.63239534847617
161.63239534847617
161.67852103633595
161.87811207513417
161.87811207513417
161.95224622044506
162.2230502483779
162.43441344944642
162.4549604726601
162.67220456369986
162.67220456369986
162.73463098405088
162.81319743686782
163.11830768917628
163.16699028447326
163.21523903535942
163.5268132647493
163.5268132647493
163.81900208458916
164.22084422419545
164.28225810199186
164.39596916570534
164.39596916570534
164.43450473571906
164.57080347989543
164.71438915032522
164.71438915032522
165.08817879621864
165.26707713936693
165.54685317509086
165.54685317509086
165.6350673857149
165.70555988600228
165.9898133434582
165.99401129692328
166.34872816971938
166.37940774488135
166.53317651498537
166.563606532759
166.563606532759
166.93219315252676
167.01339003249097
167.01339003249097
167.09049938424886
167.09049938424886
167.09049938424886
167.29361047339583
167.33439214224748
167.33439214224748
167.52718959477562
167.7134618384612
167.93753888784752
168.20198897231703
168.20198897231703
168.20198897231703
168.20198897231703
168.20198897231703
168.20198897231703
168.20198897231703
168.20198897231703
168.20198897231703
168.4611977228964
168.77717211868128
168.9063802669745
168.99644536371255
169.09108591358594
169.44137363089962
169.63631340235625
169.67579667358262
169.67579667358262
169.67579667358262
169.70328092297768
169.9371303622897
170.04308528449187
170.3193956075363
170.5096532933005
170.73865724547127
170.73865724547127
170.73865724547127
170.7607840283629
171.01123304396162
171.3250387188465
171.48879723394816
171.48879723394816
171.48879723394816
171.48879723394816
171.56117926035833
171.56117926035833
171.56117926035833
171.69941415556244
172.20150978477986
172.45731425751032
172.45731425751032
172.5489671675709
172.56950237759276
172.95189562360835
173.09033459439283
173.09033459439283
173.09033459439283
173.28780794499352
173.49714373458278
173.49714373458278
173.49714373458278
173.49714373458278
173.58554508018074
173.68718978902987
173.68718978902987
173.7934468037765
174.27621956442093
174.28486971303076
174.2894749064679
174.4633946810233
174.4733041367841
174.4733041367841
174.7865135085308
174.7865135085308
174.84088696994536
174.84088696994536
174.90759934983703
175.14028795481855
175.1978597354331
175.46321574244288
175.49258557199127
175.5978895671008
175.5978895671008
175.5978895671008
175.5978895671008
175.5978895671008
175.6927858624521
175.6927858624521
175.81313067741385
175.81659641587376
176.01763767418353
176.24025310515276
176.24025310515276
176.24025310515276
176.2789129150538
176.2789129150538
176.73668430808192
176.88880238521918
177.0661399364913
177.0971464741534
177.18059306777076
177.18059306777076
177.18059306777076
177.289235688501
177.289235688501
177.289235688501
177.43410700987326
177.74570414377717
177.91764927627213
177.91764927627213
177.93879122403047
177.93879122403047
177.93879122403047
178.02823544728602
178.21246304220477
178.21246304220477
178.21246304220477
178.28021452049126
178.4842320612835
178.648907924812
178.648907924812
178.91915431857112
178.92066717153662
179.01458941933944
179.34553788282213
179.34553788282213
179.34553788282213
179.34553788282213
179.34553788282213
179.34553788282213
179.34553788282213
179.34553788282213
179.4229653918987
179.4229653918987
179.63320611577973
179.65474628370995
179.9405744383483
180.11214129128015
180.20449171591238
180.20449171591238
180.20449171591238
180.20449171591238
180.33881299150022
180.33881299150022
180.5656076625637
180.81918625294364
180.81918625294364
181.09798272300526
181.29990406463256
181.29990406463256
181.39284478924043
181.445955640115
181.46799851694067
181.8575918771708
181.8575918771708
181.8575918771708
181.8575918771708
181.8575918771708
182.25228290251204
182.25228290251204
182.25228290251204
182.25228290251204
182.25228290251204
182.25228290251204
182.31242173899824
182.49999285201983
182.49999285201983
182.49999285201983
182.68229886138658
182.82988540829797
182.86149351148705
182.86149351148705
182.86149351148705
182.86149351148705
182.9376346129377
183.0831802864778
183.0831802864778
183.0831802864778
