0.25325236292183395
0.7344018770843078
1.2870082544430086
2.005210595741755
2.4836424724982153
2.917906875515251
3.1117806630674893
3.3341598918118605
3.8806385527414973
4.428362743937572
4.766879281097535
5.198485141587468
5.503777992196295
6.06092884140209
6.521756381167371
7.178998677494174
7.395972694467203
7.583787271173858
7.932703110967939
8.555125925998697
8.810601668080055
8.810601668080055
9.47211428785823
10.363027768300059
10.723212372744504
11.155769427829426
11.790879689311314
11.801983696589875
12.240740837105946
12.681258454075575
12.730795550150049
13.080841058031197
13.080841058031197
13.618302377753112
14.092298017637109
14.092298017637109
14.296351065754575
14.296351065754575
14.834169349217946
15.231495544162367
15.570569514027754
15.82135646304306
15.86670503180443
16.114821921180855
16.558726506011386
16.558726506011386
16.558726506011386
16.91236836573829
17.386114667948473
17.533594629041534
17.91984700908045
18.073438587563064
18.123558718940764
18.423705919056776
18.426785999894722
18.750812999554963
18.856159875209695
19.014113790149896
19.566608324907037
19.967640791469595
20.46164469451607
20.46164469451607
20.5310349764382
20.560994698514204
20.71909518581893
21.0206173546605
21.23046591321505
21.23046591321505
21.469566432201233
21.505667506438623
21.505667506438623
21.673315792011813
21.804782430514503
21.804782430514503
21.916221126623256
21.916221126623256
22.143688190291595
22.143688190291595
22.238533682948542
22.25712487574154
22.572348061916895
23.012618698167614
23.31552719788645
23.478409194789123
23.830338012271845
23.932851282496085
24.023400060967063
24.023400060967063
24.38764749154493
24.664737870774154
24.664737870774154
24.843676872547295
24.843676872547295
24.858201265755994
24.858201265755994
24.858201265755994
24.858201265755994
24.858201265755994
25.03636031798045
25.082610135739557
25.659269029972346
25.659269029972346
25.89423326504513
26.157651322345504
26.157651322345504
26.15898183097412
26.15898183097412
26.15898183097412
26.239517482244516
26.239517482244516
26.282020604425842
26.282020604425842
26.457002364085632
26.670741583509912
27.007451614843255
27.271599659503558
27.271599659503558
27.29834992987116
27.721364415003745
28.02852528872081
28.194475223025634
28.25213526376554
28.362393205280306
28.88577295668234
29.204690010474174
29.280830153761148
29.549757020550974
29.65659054948211
29.675676153168947
29.79160644380262
29.79160644380262
30.080158699857957
30.517771686251386
30.669702264058458
30.73165117040614
31.169599863580927
31.28817793736394
31.460734916383103
31.973557995638853
32.40208684765682
32.40208684765682
32.40208684765682
32.49748159617997
32.8828717328455
33.08123585056126
33.30499023899203
33.35705248129642
33.74340213723616
33.82824505226326
33.90798402040129
33.956477064347496
34.276052710227155
34.276052710227155
34.276052710227155
34.33989854578963
34.402301628794575
34.402301628794575
34.832462301874955
35.29360515680111
35.350989740777116
35.96918878272999
35.96918878272999
35.96918878272999
36.078909318359536
36.42307867378591
36.70471127835753
36.8159024018657
36.837575100890064
37.42482115138216
37.42482115138216
37.42482115138216
37.60083808143114
37.677750088721645
37.892772285311466
38.21902498262286
38.3788777726295
38.79100893316054
38.85280334495744
38.87205784884139
39.242426594450656
39.91544912191614
40.21464046283421
40.21464046283421
40.42541610766595
40.86395573412706
41.14557948086593
41.47138386797526
41.47138386797526
42.02697745010751
42.623029461262114
43.038188359920746
43.087129697372085
43.484195989397165
44.067922331171445
44.067922331171445
44.19597102771071
44.4922135260645
44.79628084063468
44.79628084063468
44.88785108761983
45.15260104816408
45.540793214169845
45.69854496338893
45.94472550873835
46.131349058491274
46.49667687313124
46.87018882865557
47.27428355659481
47.50456716706597
47.50456716706597
47.83679208175245
48.26539812531856
48.26539812531856
48.7520517997173
48.75557716226132
49.09317101767956
49.65599717225316
49.65599717225316
49.786573261085074
50.023956076321326
50.19639236539764
50.55408568042689
50.55408568042689
50.769106765971664
50.769106765971664
50.769106765971664
51.004796263070716
51.47028024471623
52.04377429927412
52.29443497510078
52.29443497510078
52.29443497510078
52.43176325747971
52.43176325747971
52.43176325747971
52.43176325747971
52.43176325747971
52.54730986426378
52.581302039703885
52.581302039703885
52.604168315140456
52.84667736013481
52.84667736013481
53.06376967337193
53.15129026641688
53.40215616586702
53.55723063930949
53.75940016932245
53.89647692688544
53.89647692688544
53.962188510671254
53.962188510671254
54.17925099557868
54.29298992544312
54.29298992544312
54.55633154135664
54.55633154135664
54.64975980005538
54.821667626473484
54.821667626473484
54.966795063795146
55.14511563336552
55.58669956248826
55.67255603353083
55.700401619782625
55.98003050082201
56.2708128164047
56.46004564554267
56.88774089140505
57.130280866045496
57.360187046218606
57.459645279839364
57.461993656583175
57.63805991755296
57.91286087422096
57.91286087422096
57.91286087422096
57.91286087422096
57.91883275775854
57.91883275775854
58.08225060484968
58.272965290541464
58.272965290541464
58.28645795995251
58.51131529554404
58.54785685093185
58.97538416955444
58.999604982829894
59.40351737468444
59.74115326757762
59.802596414248086
59.802596414248086
59.930230653009275
60.22713948442235
60.30880733295635
60.34213159859418
60.34213159859418
60.40922729483033
60.445252572803994
60.71927024914874
60.98193136548587
61.08311947988838
61.177535927067716
61.177535927067716
61.42582829619444
61.474071134306314
61.64495217266668
61.65534363276262
61.65534363276262
61.65534363276262
61.81488892835375
62.00329241632066
62.20827829085286
62.450085095980555
62.46006787799796
62.46006787799796
62.46006787799796
62.477114801990915
62.477114801990915
62.5807816175203
62.779765402631746
62.917065340779615
62.95607136572427
62.95607136572427
63.29525857526037
63.29525857526037
63.36664427026233
63.36664427026233
63.36664427026233
63.73275488163227
63.79339179271441
63.962760735558746
63.962760735558746
63.962760735558746
64.07385969092941
64.29149268370028
64.44816697970231
64.44816697970231
64.44816697970231
64.76557744636801
64.76557744636801
64.76557744636801
64.89869906607765
65.02126131985472
65.02126131985472
65.0270892887477
65.0270892887477
65.36948676555703
65.36948676555703
65.40411163369265
65.52936569629667
65.67664043615676
65.67664043615676
66.02018652548662
66.14464582812876
66.14464582812876
66.32296347240624
66.32296347240624
66.32296347240624
66.36370722969372
66.60052278617816
66.72710105782039
66.72710105782039
66.72710105782039
66.89402315000724
66.89402315000724
66.95863412113886
66.99920564694689
67.33438055040243
67.34538759035873
67.64420948822128
67.64420948822128
67.89551938679159
67.9509474056284
67.9509474056284
68.4866943071186
68.53992813535154
68.53992813535154
68.76572271891402
68.86891598363376
68.86891598363376
68.86891598363376
69.13392293443832
69.13392293443832
69.13392293443832
69.13392293443832
69.16242280909464
69.16676218723408
69.16676218723408
69.2206053275756
69.56119915690742
69.64169861887132
69.64169861887132
69.64169861887132
69.64169861887132
69.65832348038803
69.65832348038803
69.74897499880721
70.0977530797818
70.0977530797818
70.0977530797818
70.0977530797818
70.2186085502753
70.40332983667747
70.50371405157816
70.57704329869065
70.72194462463746
70.72194462463746
70.72194462463746
70.72194462463746
71.0653985360117
71.41424200775884
71.71313717519662
71.96107980512446
72.42909549106515
72.42909549106515
72.42909549106515
72.62170138267548
72.62170138267548
72.67850115263035
73.08532590831685
73.08532590831685
73.16042825492205
73.35146093248206
73.35146093248206
73.35146093248206
73.59607021067079
73.68699184599141
73.68699184599141
74.16713489847707
74.47407032656382
74.47407032656382
74.47407032656382
74.47407032656382
74.56752553846107
74.56752553846107
74.56752553846107
74.78913405520177
74.94099379378346
75.2580331110189
75.33993682356878
75.36062275383954
75.36062275383954
75.69068081919096
76.14512338839766
76.79842662315312
77.05978710286884
77.05978710286884
77.05978710286884
77.05978710286884
77.12138216574044
77.30689000983791
77.30689000983791
77.30689000983791
77.70400579440155
77.9218162765041
77.9218162765041
78.1740006704424
78.1740006704424
78.34392108380096
78.34392108380096
78.34392108380096
78.43231139333898
78.47207950750543
78.47207950750543
78.59597384747678
78.66980155736944
78.73117277849681
78.78768383999561
79.04294002378568
79.04294002378568
79.33317886697509
79.33317886697509
79.33317886697509
79.41792825300418
79.41792825300418
79.41792825300418
79.41792825300418
79.52596358675831
79.76964623401597
79.98216919371555
80.10996390790866
80.10996390790866
80.51237905058657
80.61368737150076
80.8215771783879
80.8215771783879
80.8215771783879
80.98740072854373
81.02347503739512
81.22570279501818
81.38288414091262
81.67766855226445
81.95317049985613
82.02845420369854
82.02845420369854
82.02845420369854
82.16753408851281
82.3712071922823
82.42720202691454
82.4696068088058
82.4696068088058
82.73509244726431
83.11008376577544
83.47748988598343
83.66990831579737
83.74800873527195
84.15514322482849
84.32519699636374
84.58216118509858
84.58216118509858
84.58216118509858
84.58433878693079
84.60896554715383
84.71881051146258
85.21225122445824
85.21225122445824
85.39526419204535
85.41103513935627
85.62757465244786
85.62757465244786
85.81453771559777
85.81453771559777
85.89148704844743
85.97530731437243
86.40560170072334
86.44169310104016
86.44169310104016
86.57522954535818
86.89804971689881
86.89804971689881
86.91383055185482
86.91383055185482
86.95866408456752
87.03664072824083
87.03664072824083
87.03664072824083
87.03664072824083
87.25505953062333
87.57545968168739
87.57545968168739
87.57545968168739
87.57545968168739
87.78954716665152
87.78954716665152
87.78954716665152
87.95815685499389
87.95815685499389
87.95815685499389
88.11546253036352
88.27758481221811
88.27758481221811
88.27758481221811
88.41173626268481
88.43699664633806
88.43699664633806
88.43699664633806
88.43699664633806
88.43699664633806
88.49625190161507
88.53872927305912
88.65978581110247
88.65978581110247
88.65978581110247
88.73640182271573
88.94624609612525
88.94624609612525
88.99319226099912
89.04670255866337
89.36824601591032
89.36824601591032
89.62170702832871
89.83394710750895
89.83394710750895
89.99507052589755
90.08712725356794
90.08712725356794
90.24630860112084
90.47567466209387
90.47567466209387
90.52778414913428
90.52778414913428
90.6007388149591
90.6007388149591
90.70054577695059
90.94053885399738
90.94053885399738
91.02856624805575
91.02856624805575
91.02856624805575
91.02856624805575
91.29412142960733
91.44969882116173
91.60889916210522
91.7212663835427
91.7212663835427
91.75834937645351
91.75834937645351
91.75834937645351
91.93701024016224
92.00201198963781
92.00201198963781
92.00201198963781
92.15034830045917
92.15034830045917
92.15034830045917
92.19633042870129
92.19633042870129
92.23745107385378
92.35157613601739
92.38753782332921
92.38753782332921
92.38753782332921
92.49065674240792
92.5277497987845
92.54449908057074
92.54449908057074
92.5846615407796
92.7200967612372
92.7200967612372
92.7200967612372
92.84360481842758
92.94143082745265
93.16346888240298
93.16346888240298
93.16346888240298
93.25276975406452
93.36265362546106
93.36265362546106
93.36265362546106
93.36265362546106
93.36265362546106
93.36265362546106
93.41067614297911
93.46247898944667
93.47284552840449
93.62799441392661
93.70498014979971
93.70498014979971
93.73775701995503
93.73775701995503
93.94637230210282
93.94637230210282
94.05109986062398
94.25560936736343
94.25560936736343
94.44509090925254
94.44509090925254
94.44509090925254
94.65839670133613
94.65839670133613
94.66335538095457
94.66335538095457
94.84227404136509
94.84227404136509
95.00841371407049
95.00841371407049
95.2743553011549
95.32923670874999
95.38893892172464
95.38893892172464
95.46238156770356
95.5049562515812
95.63609824789326
95.80831911861002
96.06170755363925
96.10694310350645
96.1402454537031
96.29685400081112
96.29685400081112
96.29685400081112
96.31013027635164
96.31013027635164
96.39314886534987
96.46592396128928
96.46592396128928
96.46592396128928
96.67215906889051
96.91057108680907
96.9989689608118
97.02753376476872
97.07797112816294
97.22212251031448
97.22212251031448
97.283005099635
97.43583782487694
97.70529672830156
97.70529672830156
97.75795812298625
97.88008645877399
97.88008645877399
98.16127906399126
98.16127906399126
98.16127906399126
98.16127906399126
98.16127906399126
98.31812989599356
98.31812989599356
98.31812989599356
98.5629040919499
98.63880584753628
98.99036787606254
98.99036787606254
98.99036787606254
99.20268909223266
99.20268909223266
99.26544979846079
99.26544979846079
99.39545789802504
99.39545789802504
99.39545789802504
99.58862814707955
99.58862814707955
99.82479487784873
100.05326633710382
100.09527750550161
100.09527750550161
100.09527750550161
100.09527750550161
100.30796457711226
100.49426172258805
100.49426172258805
100.49426172258805
100.63301007778848
100.68551105188234
100.68551105188234
100.9172072313367
100.9673895100493
101.1205358171091
101.36275729814255
101.5716399868577
101.95362552248238
102.21737335593076
102.28535022538462
102.48133150079562
102.48133150079562
102.50501965636417
102.50501965636417
102.50501965636417
102.50501965636417
102.58072878867763
102.58072878867763
102.64506044721153
102.71871309577196
102.71871309577196
103.0360846232144
103.0360846232144
103.0360846232144
103.31203103593946
103.3216065764159
103.5684016947867
103.61599185985328
103.7383044816343
103.7383044816343
103.7383044816343
103.97007663132241
103.97007663132241
103.97007663132241
104.05839392883385
104.24018546619153
104.24018546619153
104.24018546619153
104.24018546619153
104.24018546619153
104.24018546619153
104.26268526397863
104.26268526397863
104.26268526397863
104.26268526397863
104.2650953422289
104.2650953422289
104.449364228122
104.449364228122
104.449364228122
104.449364228122
104.64437565647079
104.64502306875663
104.64502306875663
104.64502306875663
104.64502306875663
104.64502306875663
104.64502306875663
104.64502306875663
104.86028976834324
104.86028976834324
104.88250996015978
104.88250996015978
104.88250996015978
105.06697343672455
105.15454158327806
105.15454158327806
105.15454158327806
105.15454158327806
105.15454158327806
105.45650123315654
105.45650123315654
105.46111449785084
105.48125718112554
105.57860167490904
105.57860167490904
105.87418923193606
105.87418923193606
105.88056335354797
105.88056335354797
105.99960480749598
105.99960480749598
105.99960480749598
105.99960480749598
106.33306179203625
106.33306179203625
106.53090478794013
106.53090478794013
106.63213035920842
106.67203761204063
106.67794881169662
106.67794881169662
106.67794881169662
107.12754019401501
107.12754019401501
107.12754019401501
107.15835238207173
107.44158956936677
107.68399424554701
107.68399424554701
107.93167393899991
107.93167393899991
107.93167393899991
107.93167393899991
107.93167393899991
107.93167393899991
108.39145953422371
108.44551845995602
108.44551845995602
108.44551845995602
108.44551845995602
108.5462134420438
108.5462134420438
108.66636960795826
108.66636960795826
108.77050460618456
108.77050460618456
108.77050460618456
109.00358726202766
109.00358726202766
109.0516950802282
109.0516950802282
109.0516950802282
109.32645389011861
109.61818879477444
109.61818879477444
109.61818879477444
109.69898212253672
109.73461589809384
109.88650605864136
109.88650605864136
109.88650605864136
109.88650605864136
110.0561125461882
110.2993095218585
110.47663034300399
110.48851470005624
110.71997232720788
110.9706864884675
111.04354665443148
111.04354665443148
111.26754123922521
111.57008106572381
111.9264249853513
111.9264249853513
112.11718484291414
112.11718484291414
112.11718484291414
112.16524614249714
112.19100708827631
112.19100708827631
112.19100708827631
112.19100708827631
112.19100708827631
112.19100708827631
112.2470534514193
112.3470276848237
112.55981822284856
112.55981822284856
112.86811242757322
113.11840386939794
113.13631081743732
113.13631081743732
113.15125320509074
113.17448899481053
113.45762663296307
113.45762663296307
113.46107476141744
113.48117448037938
113.48117448037938
113.56190595876355
113.56190595876355
113.56190595876355
113.56190595876355
113.56190595876355
113.56190595876355
113.56190595876355
113.56190595876355
113.65482726410495
113.65482726410495
113.77464798344977
113.77464798344977
114.06716022509471
114.06716022509471
114.10943743504417
114.10943743504417
114.22244504939707
114.31073293675409
114.31073293675409
114.31073293675409
114.40351214540682
114.54108599444254
114.54108599444254
114.54108599444254
114.54108599444254
114.54108599444254
114.62714315084105
114.62940522241699
114.62940522241699
114.68021276811054
114.68021276811054
114.7892573886605
114.7892573886605
114.7892573886605
114.7892573886605
114.9996425630439
114.9996425630439
114.9996425630439
114.9996425630439
114.9996425630439
114.9996425630439
114.9996425630439
115.11294858828379
115.11390201237269
115.15002966309041
115.15002966309041
115.42060162210788
115.4743485784182
115.47580150601173
115.72072341099764
115.73509164339629
115.73509164339629
115.76011271774584
115.9706672844326
116.11754484494621
116.11754484494621
116.11754484494621
116.3281577627149
116.43811774061925
116.43811774061925
116.49340821456806
116.52713777146103
116.69409455795378
116.69409455795378
116.69409455795378
116.95726165206146
116.98763334082564
116.98763334082564
116.98763334082564
117.16425801485002
117.16425801485002
117.45497698754333
117.45497698754333
117.45497698754333
117.45497698754333
117.50303383168887
117.54148896502343
117.54148896502343
117.54148896502343
117.61153092932666
117.61153092932666
117.61153092932666
117.71255480436992
117.75091814280734
117.75091814280734
117.75091814280734
117.75091814280734
117.75091814280734
117.75523409056645
117.75523409056645
118.09039460141345
118.09039460141345
118.09039460141345
118.14313196428311
118.14313196428311
118.22201031033413
118.27562892715068
118.3062862630203
118.3062862630203
118.44207752669128
118.44207752669128
118.44207752669128
118.44207752669128
118.44207752669128
118.44207752669128
118.48354237550035
