0.6851039664218074
0.7031804720966771
1.3606496580258416
2.2986027182274507
2.8631538137272066
3.1290940812321013
3.518943594206937
3.984822609224148
4.415433804547794
4.9072263053237055
5.527020916564482
6.357018379919584
6.904635683594655
7.180550480787998
7.980815416109649
8.70856785373169
9.366424186682009
9.653973743156907
10.392377418690796
11.321366398557588
11.670970081613623
12.161893417833863
12.51971472141642
13.219048294039373
13.534463913046341
14.123850487041244
14.526501601980666
14.876849633170561
15.419329024791534
15.765499187952061
16.115430155591326
16.601511061416446
17.303538502704928
17.893851656885168
18.668389356516883
19.201540953624484
19.52920446273291
19.932665620013406
20.553746207976026
21.174320987116623
21.81883391193846
22.02403205074202
22.424952277423916
22.754956787293697
23.391899411639606
23.629289760331822
23.959943447274295
23.959943447274295
24.42005441450546
24.951907343809513
25.17668918288532
25.738752942455555
26.16895565213761
26.61590298035004
27.364166308130212
27.923337955800648
28.70178297411889
29.277786447648474
29.50330555588135
29.72374425015613
30.114768701709785
30.473178486133815
30.473178486133815
30.970825986413654
31.711881307777283
32.20398326922759
32.48977898142993
32.97268565905228
33.60526562759965
33.85195105696606
34.326599142030275
34.75777117752226
35.323897875926626
35.86180962781434
36.37637333691739
36.868703292633384
37.24801727979927
37.28853037727022
37.64101281995911
38.235811408691006
39.09760919284733
39.57172692790548
39.86213514196602
40.197994897931814
40.83593514607639
41.35408268141344
41.71316219738433
42.078826831395084
42.37185110997274
42.52435052274903
42.73433049289966
43.10060254131239
43.10060254131239
43.27721084172319
43.420339319619025
43.924604825037214
44.082865189553
44.894984025481214
45.304957245474355
46.302402024461735
46.302402024461735
46.45629889273301
46.74004132360236
46.89792063539475
47.57108752260123
47.57108752260123
47.57108752260123
47.89906298460602
48.02695761081542
48.40280617984026
48.40280617984026
48.534866744734664
48.79715471691623
48.92130483542272
49.5724641431849
49.78648236052723
49.78648236052723
49.86154119087105
50.424296383445494
50.8089272315662
51.187393148338195
51.48122613275241
51.48122613275241
51.65426190863572
52.200372281996245
52.56850137458476
52.730487985654165
52.730487985654165
53.3302798479017
53.39827909694363
53.39827909694363
53.881340284232785
54.23594020713182
54.23594020713182
54.30483897280548
54.530549246946805
54.73966443812508
54.89010704771468
54.89010704771468
55.352923204025274
55.352923204025274
55.58084561405641
56.02035063954151
56.14212505760807
56.14212505760807
56.14212505760807
56.14212505760807
56.54726345372241
57.05827701989647
57.40496947352035
57.78737518807164
57.78737518807164
57.97324387761056
58.108243193071324
58.45889712145968
59.28368262098436
59.841562744803255
59.88280923868728
60.13777618920167
60.62839267888835
61.09451873743616
61.60677096838477
61.93073222367161
62.22012038525673
62.346455610160255
62.485758845738864
62.73012976167241
62.82691040795693
62.98242807234045
63.60123425491631
63.779582557654145
64.2078886567503
64.52537564061899
64.757044662377
65.08620791696593
65.17754420741544
65.36481236750663
65.40395102197546
65.53116333039888
65.91185999028207
65.98138391629111
66.27602542417353
66.73153027974332
67.05388372915006
67.40104093516422
67.81335975351682
67.81335975351682
67.81335975351682
68.24284944331731
68.43926864148166
68.59082276332781
69.10153214439987
69.47785647085561
69.51531003144393
70.17337902920457
70.74022414365989
70.94137033461067
70.94137033461067
71.3872162823281
71.39274627024012
71.99587983165465
72.67974726321158
73.02904054736982
73.29443219048949
73.7064901177097
73.98669951584009
73.98669951584009
73.98669951584009
73.98669951584009
74.09205905057226
74.7506250010788
74.85088478812423
75.27586715357174
75.29747623125564
75.74192806318842
76.00188083705814
76.21668397000123
76.41538727593127
76.48024334817221
76.75459175940422
76.93935262669719
77.27471202683049
77.72869934300138
77.72869934300138
78.11296086716295
78.34065708913792
78.55552695710486
78.86961842457485
79.24945597758575
79.56048192664392
79.56048192664392
79.93747431036219
80.28405854082106
80.37425337090555
80.79995133765928
80.79995133765928
80.8959653983742
80.8959653983742
81.70695004546039
82.02905855911703
82.35369854746439
82.35369854746439
82.78611049718354
82.9459846971583
83.0262519030254
83.11762561301515
83.53816750533402
83.65971974477992
83.82440301532073
84.16043339069526
84.6172965455862
84.67697766768707
85.26693599109122
85.34788981937888
85.44339756463528
85.69755914387916
85.85696232321442
85.9471021204775
86.01850690822278
86.36329167268707
86.78503448613878
87.11736419001164
87.15122250989994
87.15122250989994
87.32977842257698
87.62101248848302
87.62101248848302
87.79606181875018
88.22066890637795
88.22066890637795
88.36355934918419
88.61944118659244
88.70802130414313
89.00580598868767
89.37841792680847
89.37841792680847
89.70664331394825
89.70795753458569
89.92074563267276
89.95207669204208
89.95207669204208
90.08527044066186
90.08527044066186
90.17974274914768
90.17974274914768
90.21276493619197
90.95852023014125
91.11038761060011
91.22644222799116
91.70141655836393
91.76628841106603
92.05038277711013
92.31659503087211
92.70882883830517
93.10765856027832
93.53013953162552
93.65213847118251
93.65213847118251
94.1114838981375
94.26857762215431
94.9655876965286
95.07485901892302
95.07485901892302
95.45645170019242
95.69659676930644
95.88815110839752
96.31812108101288
96.67294950114176
97.13791306967394
97.59494306391447
98.12130890292796
98.33786772813555
98.33786772813555
98.65926488442186
98.80808232191463
98.82844365279243
99.03356110403182
99.05745871341257
99.26931113555317
99.26931113555317
99.6452900524402
99.71397381662179
100.08906383706163
100.08906383706163
100.34164796735351
100.34164796735351
100.49646085035504
100.6862943493353
101.05913003582836
101.07490246981007
101.18668481656105
101.25098087095932
101.433493618829
101.66552249659182
101.79377303595258
102.23790898460295
102.808767127531
103.17532060145413
103.19579100059096
103.20257235458519
103.20257235458519
103.27443761184978
103.29267251366466
103.6705102395156
103.85421593298608
104.08792078641765
104.5031981706841
104.76182046029052
104.85192249314998
105.1253422482963
105.40532346456192
105.44972215073406
105.69929903933495
105.97431803415546
106.33995737639381
106.50000109160601
106.50000109160601
106.68882823984272
107.0677195264449
107.43600609174975
107.43600609174975
107.48139857171533
107.48139857171533
107.48278938263883
107.52832248434015
107.8218473405229
107.83905184456239
108.25167503325463
108.25167503325463
108.40641975914545
108.64223254769517
108.73939197668635
108.98026120101925
109.28785028724269
109.49658557964867
109.49658557964867
109.49658557964867
109.63256880112209
109.83130510543137
109.83130510543137
110.20615848638622
110.3520669747153
110.3520669747153
110.76799346611493
111.36066558469952
111.72022532459705
112.00675890906948
112.259342227115
112.33566931980889
112.33566931980889
112.33566931980889
112.72282648353348
112.79177427325459
112.9971770318366
113.41788645980066
113.41788645980066
113.63951550157465
113.69152266290416
113.69152266290416
113.84539605296101
113.84539605296101
113.96437591816537
114.45802940285724
114.46296999019776
114.46296999019776
114.46296999019776
114.6749191885193
114.9422864912457
115.0395848970129
115.27168066446109
115.28431377765199
115.66532892733179
116.04981828793903
116.21202204375625
116.4290024064944
116.611123976553
116.611123976553
116.611123976553
116.71280224624498
116.77535860842116
116.77535860842116
117.0154752162793
117.23510928917322
117.44950519525317
117.72030349343825
117.72030349343825
118.0185677349718
118.30345903955632
118.49979410880673
118.70724959511315
118.88694535174521
119.17164821161346
119.30022008092413
119.35486758323914
119.5296470267019
119.59333879922336
119.691809251192
119.97464279092607
120.13181564250209
120.29556222434888
120.39920343788194
120.70456952108132
121.18755299615992
121.2817199602033
121.2817199602033
121.34944584645032
121.61893142767573
121.62021567480534
121.62021567480534
121.62021567480534
121.62021567480534
121.62021567480534
121.75573280080707
121.75573280080707
121.75573280080707
121.89433568644732
121.89433568644732
122.0589249137888
122.05988646625117
122.05988646625117
122.28262932052432
122.37452084552622
122.47029646112846
122.74578351394956
122.78343332327181
122.78343332327181
122.92188742887775
122.95706721050601
123.1299539910821
123.1299539910821
123.59442233289649
123.59442233289649
124.19336674007666
124.34868064906208
124.59546034690165
124.81598175596393
124.95106822469295
124.95106822469295
124.9874065672762
125.21083250390708
125.36865156161326
125.36865156161326
125.36865156161326
125.68417344334179
125.89394464095139
126.2687500909456
126.70125370453871
126.70125370453871
126.82591868402217
126.82591868402217
127.05488167823697
127.4383121699028
127.77795332061166
127.80762702679742
127.96561012752166
128.19304626042336
128.2044008816985
128.35774480839098
128.5694638996807
128.91318007154447
129.08549520967765
129.3515911020664
129.36464936718644
129.36464936718644
129.4976690808749
129.4976690808749
129.69011023204885
129.82903690140648
130.05422141601758
130.28711745947143
130.391392291381
130.8532127115584
131.09543037579837
131.30458303808288
131.30458303808288
131.30458303808288
131.7916412203601
132.12147931561753
132.25878327278133
132.36364843757204
132.71456762120945
132.77196177436977
132.77196177436977
133.10145431335826
133.11896765525802
133.44147170476293
133.44147170476293
133.4496348600156
133.4496348600156
133.57373796866452
134.06281796558457
134.4283049774113
134.4283049774113
134.68654913583805
134.80632557094555
134.80632557094555
135.18015415738844
135.2438809656021
135.49505835148162
135.94122247495696
136.32107329218962
136.32107329218962
136.5650651584827
136.75511872141388
137.01810808271728
137.12343800799815
137.12343800799815
137.1410085331825
137.35214043492425
137.6591159829295
137.6591159829295
137.66493106790116
137.82335173329963
137.82335173329963
137.93840103575116
138.07251147985448
138.07251147985448
138.20953179908392
138.44803536167007
138.66706535273028
138.92533577068792
139.08585497757832
139.56121768232137
139.7375140599356
139.91393567675613
139.91393567675613
140.15590389889786
140.45915773554378
140.7724211720004
141.03365951064617
141.18985099602253
141.52482837365045
141.9462903910352
142.33683299475453
142.84846760568595
143.0898365608912
143.49609349790077
143.7975717107966
143.96279144251528
144.11522482180368
144.3417052887206
144.3417052887206
144.67847563186228
144.9917469260453
144.9917469260453
145.27118279022596
145.37072863213726
145.37072863213726
145.52292526063732
146.10509698992703
146.70304692812834
146.73612879345484
147.14471122753457
147.31332658711156
147.70792409420253
147.7553095560598
148.27466215701637
148.42472182117118
148.42472182117118
148.6877970493446
149.02357113173795
149.02357113173795
149.32151183988498
149.32151183988498
149.49996984815658
149.5073827577197
149.5073827577197
149.8944064616203
149.93816119028068
150.2991628452475
150.8487199331736
151.02871529651276
151.33633697173062
151.82934864752622
152.1879659272218
152.41382604218487
152.61154988349267
152.65282592049982
152.98976861853325
152.98976861853325
153.00572734517448
153.1965762829785
153.32267018803512
153.85072215812806
154.00984775231368
154.09632692389238
154.30738860900684
154.30738860900684
154.33349297220298
154.78237585459127
154.88367370593195
155.11571704833344
155.49807971461897
155.59118173550578
155.61685075060342
155.99598189778703
155.99598189778703
156.0451842559149
156.2088414911381
156.28244763047582
156.28244763047582
156.36790774495248
156.59116490539418
156.95595342359098
157.41982469372505
157.41982469372505
157.41982469372505
157.68469115101817
157.83478282475303
158.1763858132462
158.41653153163952
158.9194522693587
159.18687288967482
159.41846954545883
159.8010916185279
159.99799197701043
160.19388177726202
160.3838385175796
160.89668779537487
161.31335173807162
161.98985130601005
162.270840248984
162.42646178235623
162.84652248177736
163.1481725869002
163.1481725869002
163.1481725869002
163.68924304198345
163.68924304198345
163.68924304198345
163.99014410570015
164.35117992295363
164.35117992295363
164.60496938804476
164.60496938804476
164.7125351589266
165.29345834720934
165.69988859630573
165.69988859630573
165.94332213757173
166.26837439765188
166.26837439765188
166.338835052101
166.50210005553282
166.52294481224328
166.94447976356562
167.6941520108945
167.6941520108945
167.6941520108945
167.73146869863928
167.94607208450427
168.0832815969685
168.2906989754976
168.66263586048407
168.72235843994835
168.72235843994835
169.22197718768552
169.34517741703596
169.44422382607672
169.5031799558443
169.5031799558443
169.6295560594377
169.76964394674513
170.0728950458308
170.0728950458308
170.13898280436243
170.2414286666987
170.56873139218087
170.6944397943393
170.90536690015102
170.90536690015102
171.20647048972387
171.20647048972387
171.67188438463808
171.7703395049709
172.20719149878647
172.30212372229224
172.30212372229224
172.6347272877646
172.63694830614705
172.87013982401552
173.0297704510846
173.3338031239086
173.34505355981858
173.49843170492386
173.9450723741208
174.16147177698508
174.16147177698508
174.25210968929284
174.25210968929284
174.4294791835063
174.78416273102275
174.78416273102275
175.0203594559879
175.3414910881804
175.3414910881804
175.67041179188186
175.79819295555365
175.93974348517605
176.14748513858584
176.20119649023053
176.20119649023053
176.20119649023053
176.3258480668123
176.3258480668123
176.40130748715498
176.80964162476957
176.81647728807414
176.9956941280016
177.24859831913247
177.61306181710293
177.61306181710293
177.74663208092005
177.74663208092005
178.0390667076646
178.5124620990093
178.62596754078862
178.77722133637766
179.31219183563127
179.48346334705326
179.52089400750532
180.06557736259543
180.06557736259543
180.3502942539679
180.3502942539679
180.43172218152736
180.43172218152736
180.5474694133225
180.78769157774352
180.97554715722035
181.04171246901385
181.04171246901385
181.10722640170357
181.13002796016167
181.68269147014908
182.0813639850174
182.15565359699212
182.15565359699212
182.15565359699212
182.36913717915573
182.80085177515997
183.0976150809882
183.53695904929953
183.53695904929953
183.88146945197118
183.88146945197118
184.2404378523381
184.51534553265913
184.51534553265913
184.82404052737706
185.1981418729066
185.87155781580404
186.03382138742546
186.2145830934635
186.2145830934635
186.63671666190217
187.08458111085815
187.4087320027316
187.54769698663048
187.68483922251175
187.72621012154445
188.1777492423853
188.33132738941907
188.57683442670094
188.7751686260528
188.90393909249178
189.1066677777781
189.1066677777781
189.4185837147163
189.4185837147163
189.5529075129542
189.6192194235127
189.87619994287004
190.16719247308225
190.24019136738517
190.56914033751758
190.98104750484083
190.98104750484083
191.21071317672423
191.25211926426044
191.43526513443717
191.59090489488975
191.59090489488975
191.72023860288954
191.7556719592835
192.10779861025915
192.10779861025915
192.18311031358584
192.45095024253501
192.91847124861343
192.91847124861343
192.91847124861343
192.96258942944513
192.98661575896614
192.98661575896614
193.0653286607755
193.16277010755041
193.5240410348047
193.90399364473768
193.90399364473768
194.44939995801073
194.44939995801073
194.44939995801073
194.70093905596582
195.2186277164138
195.42650889788376
195.42650889788376
195.42650889788376
195.7370828091808
196.2361163393768
196.26250660577057
196.26250660577057
196.45275041736252
196.80683986362584
197.17438049892533
197.4172024367959
197.4172024367959
197.4172024367959
197.48591042936746
197.99159141721037
198.34157215394953
198.65079381908487
198.66785853579398
198.79960471378755
198.79960471378755
199.179793271408
199.179793271408
199.179793271408
199.179793271408
199.3914755221264
199.53862780895412
199.53862780895412
199.91774244332848
200.23719346725352
200.23719346725352
200.23719346725352
200.42373158724618
200.42373158724618
200.43060747533585
200.43060747533585
200.82871346304643
200.92944564271602
201.19437976794913
201.19437976794913
201.19437976794913
201.59760450442099
201.89141324474656
201.89141324474656
202.34099302820422
202.62650307373048
202.62650307373048
202.74419450397872
202.74419450397872
202.74419450397872
202.74419450397872
202.80484374433692
203.1121440346873
203.39201561148582
203.64577915010364
203.83820408848086
203.97807118471277
204.0391643289101
204.3532104921227
204.3532104921227
204.46715617552866
204.46715617552866
204.57353161761844
204.57353161761844
204.67350580581717
205.08443852327423
205.29776147524316
205.29776147524316
205.80222124812752
205.80222124812752
206.5152023909183
206.6319948026201
206.6319948026201
206.9396836349124
207.05675502537807
207.05675502537807
207.29096004863374
207.6242622525422
207.6242622525422
207.6242622525422
207.86670640762563
207.86670640762563
207.89037978256405
208.1569547585674
208.27007919424454
208.2868757941069
208.44951048171578
208.92995629127182
209.20183236293423
209.20183236293423
209.20183236293423
209.29894992914535
209.29894992914535
209.4222876022681
209.4222876022681
209.4222876022681
209.8383474246033
209.99338256585403
209.99338256585403
210.26347689129543
210.59183508384325
210.59183508384325
210.59183508384325
210.89868302460218
210.89868302460218
211.02067588803635
211.11939819668822
211.31040983536482
211.31040983536482
211.49481734251458
212.17965541201414
212.17965541201414
212.29637842808438
212.55021812931918
212.6339144203513
212.6339144203513
212.88974007289332
213.16168131950243
213.43913539920237
213.79237304177744
213.79237304177744
214.0872382084105
214.1041901698366
214.59161994997177
214.87072343075704
214.87072343075704
215.4179389293658
215.85416997775621
216.10556159694664
216.1436136894364
216.1436136894364
216.3206765686578
216.51618775395923
216.8160699743292
217.103602765856
217.103602765856
217.103602765856
217.56560002806404
217.77882130861377
217.77882130861377
217.77882130861377
218.11318876442994
218.11318876442994
218.13287003479505
218.13287003479505
218.23361210546196
218.40117339768656
218.40117339768656
218.40117339768656
218.53029268786742
219.01416642349784
219.02146198844255
219.206077100103
219.63293946453766
219.63293946453766
219.63293946453766
