0.160868865313186
0.4376394294614502
1.0489521593307605
1.442649244423844
1.9820890559901179
2.0361722316611424
2.460208766370412
2.9057416503631552
3.1656510879210664
3.179841023393858
3.214767973616883
3.2925080913122344
3.2925080913122344
3.7756882935208984
4.08897838193591
4.216519522126945
4.500680844097881
5.1480745979509015
5.3753143216852886
5.415398847167125
5.865964072667393
6.151029025864549
6.226135488536214
6.3562714665002416
7.003196571901317
7.273694708940872
7.76867182761321
8.172478837073111
8.196369820531212
8.439598534692776
8.439598534692776
8.443969538175178
8.618110057555059
8.746041586389236
8.871691056230006
9.016204904377705
9.18829557362242
9.340351100850675
9.460074621056663
9.460074621056663
9.529490501290981
9.707546309475584
9.732015744946917
9.825402401137213
10.259411236588486
10.662520520158145
11.122392564302135
11.19576678656361
11.19576678656361
11.970943470884535
12.140837549822718
12.37068468893285
12.516939928638664
12.743522672301788
13.260511176365343
13.412823119870797
13.608068948776006
13.787127429651186
14.045137098982513
14.495504897402173
14.962250390452649
15.192538477808942
15.70152342664813
16.2420608887495
16.639509738743946
16.800661534227338
17.036354363479376
17.214561020353525
17.505795889198566
17.92830638748276
17.95951418506748
18.226207898818746
18.63771421796642
19.080590145619173
19.4447576331516
19.86029943083445
20.145014310579295
20.330918079014086
20.673139475348744
20.673139475348744
20.673139475348744
21.04286707229417
21.477995665172052
22.06492319787249
22.560379265786523
22.813626420505017
22.91937267039308
22.91937267039308
23.275764445281002
23.513692878234806
24.075200074453647
24.366767867917158
24.569537628905316
24.956150975642526
25.13593347837773
25.13593347837773
25.31907922036459
25.76147017673753
26.319833402983154
26.575984178424672
26.575984178424672
26.98250450681339
27.274769391994372
27.343529152905152
27.521069149966646
27.658947064817593
27.92175094641645
28.326688557648477
28.370666446351297
28.975245405801132
29.146623517451523
29.693448872710004
29.951140201813615
30.130027537138275
30.607870860730763
31.298980903788603
31.453511621897253
31.803576432600007
31.97677232336725
32.16497616672814
32.17564676930247
32.75242819514951
33.03792625539261
33.683308120920806
33.683308120920806
33.90941860758863
34.30214096055177
34.76633736741665
35.17733529162907
35.6312318986641
35.87253337323432
36.22754329964994
36.58310528530839
36.743340329022246
36.93147156863246
36.93147156863246
37.06613018505762
37.2533820189088
37.869421989558276
38.05891779771924
38.35539489761697
38.440113309091906
38.69698855170383
38.69698855170383
38.69698855170383
38.69698855170383
39.155705681079176
39.512217978094604
39.83270388214902
39.89738485492538
40.15654868162653
40.38988365353707
40.73999653459479
40.73999653459479
40.7890780924785
40.79262989886945
41.20774133657891
41.29619124640623
41.78236410310418
42.12454662501312
42.56309625889888
42.88096008098796
42.944586122519674
42.944586122519674
43.290579859852265
43.290579859852265
43.290579859852265
43.44193268267384
43.58097015777568
43.58097015777568
44.013841218809944
44.04836503404992
44.04836503404992
44.13497705499264
44.20216079671204
44.29369777770253
44.36424783935235
44.688327343405106
44.71451555444009
44.71451555444009
44.71451555444009
45.040365657686564
45.08442195695885
45.17288672787943
45.28694544513557
45.325768747636936
45.325768747636936
45.714502556969556
45.79986921516552
46.312269662811815
46.333057648062
46.548373451372356
46.73886542577384
46.73886542577384
46.84068656042753
46.84068656042753
46.84068656042753
47.2212305434806
47.25677922224072
47.49401923146014
48.022741879733026
48.30136732263059
48.51336323205957
48.654629760763555
48.666484745028164
48.666484745028164
48.81959894429229
49.338039667527866
49.338039667527866
49.82994553319563
49.98206179405845
50.34822675111675
50.34822675111675
50.6270012077535
50.79255171737466
51.19715010076631
51.3677047302168
51.3693187997823
51.64863453629263
51.91324149097782
51.91863495980209
52.074133340279985
52.318958118525615
52.581380142728
52.785977195838015
53.200550536942586
53.200550536942586
53.47963347130086
53.47963347130086
53.47963347130086
53.9071023553273
53.922825818329514
54.1654275010771
54.52992836136547
54.78062897677614
55.015685529278876
55.015685529278876
55.25168503827012
55.632383176069965
55.92282435595951
56.30570905284141
56.30570905284141
56.44180371964861
56.46976692855331
56.46976692855331
56.83039497153568
56.83039497153568
56.83039497153568
57.191141054698726
57.191141054698726
57.51105301590841
57.51105301590841
57.51105301590841
57.667985296525934
57.91047989196308
58.05241574525089
58.14056495567433
58.35696854071676
58.64483501883211
58.85208110036728
59.28380112667121
59.28380112667121
59.61317252246804
60.01042509029181
60.280409190523585
60.36794602886227
60.681362120732274
60.681362120732274
60.79815074849925
61.14310778385873
61.15519657765464
61.36821880548016
61.36821880548016
61.71283103422551
62.19573912081313
62.460754241631214
62.490283914560266
62.490283914560266
62.71903635725196
62.71903635725196
62.71903635725196
62.93329799623918
62.95414742221933
63.173394085165555
63.31692620806269
63.38415974851217
63.545765715651875
63.545765715651875
63.56175753438961
63.99937154192254
63.99937154192254
64.4426343958604
64.54694610922908
64.54694610922908
64.64578283031315
64.64578283031315
64.82556903726115
65.15176904289876
65.24567537564609
65.2531837741833
65.54824329833244
65.61998821578824
65.62759029797816
65.66277127945347
65.75906574302321
65.96048587686536
65.979522029199
66.00695015496302
66.14564037070413
66.14564037070413
66.59251409916408
66.83815934852414
67.07643048477745
67.07643048477745
67.40288089176521
67.40288089176521
67.41611179793499
67.8158331981132
67.99116163114942
68.25078292931298
68.25078292931298
68.25078292931298
68.44754552611423
68.58861917700933
68.58861917700933
68.91709464461285
68.91709464461285
68.91709464461285
68.91709464461285
68.91709464461285
68.98010947258365
69.11567128822371
69.11567128822371
69.11567128822371
69.11567128822371
69.11567128822371
69.11567128822371
69.477101749228
69.7843697966517
70.18168909511705
70.22687344170122
70.53852804439745
70.88723620137682
71.2836793975808
71.42431644643943
71.58029911709463
71.87935265121745
72.25705095800649
72.25705095800649
72.43710923850688
72.53412339194225
72.58207241564504
72.99919870567808
73.24807917055058
73.48116048140166
73.67837585877668
73.67837585877668
73.96184220198934
74.07275776946709
74.23515408701553
74.55885354370268
74.84549424685797
75.13512291118154
75.32822988988211
75.38917542763413
75.48041646189995
75.91680441819561
75.91748241042633
75.91748241042633
75.91748241042633
76.03329482292075
76.08467966817881
76.08467966817881
76.27763924237658
76.59658134568515
76.59658134568515
76.80158198291714
76.96462598449727
76.96462598449727
77.04622890557312
77.04622890557312
77.24611833178314
77.32852650347648
77.47812148977188
77.7984268120586
78.37094272950384
78.37616259709293
78.39426086731159
78.74491735365774
78.8658523569794
78.91700899480684
79.01527727356924
79.05158045473523
79.05520011310178
79.39713743897184
79.4773954535455
79.56636092850691
79.75545909979257
79.99438402328144
80.08384449062399
80.5284516569557
80.67695944499123
80.74276676848577
81.03787836119005
81.36018143887019
81.47079099187876
81.693990128205
81.89150133627328
82.22624235968726
82.34448758299268
82.34448758299268
82.36341696508433
82.66315219176093
82.66315219176093
82.804190175493
82.91718471082126
83.07350957463817
83.46159902651509
83.57255696095707
83.57255696095707
83.57255696095707
83.91718491356978
84.19255945205053
84.2344990776118
84.51750297760307
84.76305080007717
84.76305080007717
84.79818900977945
84.8291222084538
85.00211264774217
85.13077934695974
85.28694936578542
85.58907136320991
85.58907136320991
85.58907136320991
86.08527133132833
86.26443577792769
86.57580863221226
86.93260144031102
87.00791463052373
87.00791463052373
87.05837807594784
87.22265003857193
87.79904271048305
87.79904271048305
88.24558429717278
88.58777073617546
88.9818720188445
88.99165021742897
89.32305355320356
89.78004115990973
89.91684472107735
90.06427141967701
90.21309959039624
90.40236669099332
90.40236669099332
90.61882881481996
90.83354459825654
90.83354459825654
90.9845129430095
90.9845129430095
90.9845129430095
91.14734163731234
91.14734163731234
91.14734163731234
91.38389475035423
91.38389475035423
91.38389475035423
91.44407123931471
91.44407123931471
91.44407123931471
91.44407123931471
91.6822445498402
92.00209541792918
92.14132520935357
92.50337796948355
92.50337796948355
92.60930956618176
93.08118406349921
93.2790115692982
93.41888322279188
93.59749967703216
93.72479257619767
93.94222302561278
94.15046166476888
94.2351257931848
94.54342935786502
94.89562774247439
95.02372069584257
95.02372069584257
95.02372069584257
95.02372069584257
95.03350168997837
95.17684885012942
95.25575557369355
95.68228674948294
95.73571147378507
95.73571147378507
95.73571147378507
95.73571147378507
95.73571147378507
95.73571147378507
95.79585182932573
95.79585182932573
95.86941567524995
95.86941567524995
96.05052523404251
96.05052523404251
96.06480526060173
96.09557284042644
96.09557284042644
96.09557284042644
96.09557284042644
96.09557284042644
96.31435784325821
96.4731864488823
96.4731864488823
96.4731864488823
96.84872081822792
96.84872081822792
96.8646658516003
96.95864711083019
96.968758767963
97.05055573559764
97.34566176172704
97.34566176172704
97.55990642306588
97.60198021352535
97.96828092710456
98.19321467260946
98.19321467260946
98.19321467260946
98.19321467260946
98.19321467260946
98.65582638682262
98.65582638682262
98.68157383988725
98.86902977148651
98.87824124478912
98.98417217499144
98.98417217499144
98.99935085338642
99.09427068092312
99.09427068092312
99.29193197651968
99.29193197651968
99.29193197651968
99.37707302924126
99.39670079631523
99.56745249700752
99.70841809797012
99.87440646623932
100.0410308584422
100.0410308584422
100.21153351371126
100.2838109472512
100.63318849057038
100.63318849057038
100.74555808749005
100.791971947044
100.96084923017978
101.13882852782028
101.36214436766222
101.46867869499157
101.46867869499157
101.50409988516563
101.51227786602679
101.60410861642245
101.60958837143626
101.60958837143626
101.88646848463137
101.88646848463137
101.88646848463137
101.88646848463137
101.88646848463137
102.1708125902143
102.39455148605788
102.39455148605788
102.75792075711777
102.75792075711777
102.75792075711777
102.88189316494126
102.99963618282705
103.15550398569094
103.38717423609748
103.66679240462904
103.66679240462904
103.77716887505758
104.00108425222142
104.19939642020238
104.29766405377259
104.44417590513103
104.53975738408718
104.53975738408718
104.53975738408718
104.53975738408718
104.53975738408718
104.6523192879092
104.80916324103616
105.11938961899672
105.46620295324594
105.70866233784861
105.70866233784861
105.70866233784861
105.75711926163231
105.75711926163231
105.93025142591483
106.04192014596484
106.38065803528484
106.57102094168351
106.92215053795876
107.013829450856
107.02604977826228
107.02604977826228
107.4002792515875
107.4002792515875
107.4002792515875
107.4002792515875
107.43800841222142
107.43800841222142
107.43800841222142
107.43800841222142
107.45854959818259
107.45854959818259
107.46575597134502
107.92170441575648
107.9582802434792
107.97648707963283
108.20919077490547
108.20919077490547
108.41387379925844
108.41387379925844
108.45529971086846
108.54966548352009
108.7946984368891
108.82866332833159
109.05409901119967
109.05409901119967
109.07215451653458
109.32026203291865
109.40370722453852
109.55834110855
109.56794131458233
109.87730030610764
109.87730030610764
110.01994997975753
110.01994997975753
110.11799273288551
110.11799273288551
110.36707177037628
110.37647274540221
110.37647274540221
110.69988448204536
110.9711132933274
110.9711132933274
111.13667206303317
111.13667206303317
111.13667206303317
111.13667206303317
111.28568591742551
111.28568591742551
111.28568591742551
111.48559881122303
111.48559881122303
111.51302465441745
111.7629927141088
111.99338880699453
112.36936197834923
112.41487558584919
112.53935422015626
112.8594898929814
113.14194488604869
113.14194488604869
113.27761606204447
113.29678131040018
113.29678131040018
113.29678131040018
113.32964981164547
113.46973900865554
113.68167207638676
113.83560582152462
113.98633370114595
114.19692243394613
114.19692243394613
114.23684698826041
114.47941016758145
114.63389114935707
114.63389114935707
114.68095750944433
114.68095750944433
114.70990235148261
114.81863347403936
114.81863347403936
114.88202617312237
114.96886188604464
115.10643167560195
115.21104086953463
115.21104086953463
115.25677903079324
115.26632621156796
115.42870478622751
115.65715131384171
115.69724184861344
115.69724184861344
115.69724184861344
115.69724184861344
115.69724184861344
115.77546056478171
116.02225274306925
116.15126395501484
116.15126395501484
116.15126395501484
116.28814473926778
116.54127890617632
116.57019050399599
116.57019050399599
116.68431410259625
116.77514771766818
117.17376575465453
117.17376575465453
117.25477448823463
117.3602184105003
117.3602184105003
117.40076048068212
117.66199405659249
117.98686158678774
118.13332281490607
118.14699155268339
118.30597887134365
118.30597887134365
118.38412496178462
118.38412496178462
118.38412496178462
118.387796767272
118.49439944714905
118.49439944714905
118.49439944714905
118.62450598870282
118.62450598870282
118.95159340146989
119.26517249119075
119.29035133833543
119.40493285248354
119.40493285248354
119.40493285248354
119.71647624706173
119.79851689538452
119.79851689538452
120.0235550422132
120.27317166284153
120.27317166284153
120.27317166284153
120.27317166284153
120.27317166284153
120.3422124998187
120.40942472168022
120.40942472168022
120.40942472168022
120.52358145336886
120.55909234509237
120.65835928367004
120.66593494788518
120.78280800346273
120.92581550032985
121.19566511851203
121.34654185529307
121.34654185529307
121.489834733695
121.91154564505909
121.91154564505909
121.91154564505909
122.15835921323205
122.5517169632306
122.5517169632306
122.78601634545167
122.8050670852899
123.06838862885111
123.36219997133999
123.36219997133999
123.47364495724551
123.47364495724551
123.58194886770728
123.59151807039923
123.9065130123911
124.0288980748449
124.19545211248352
124.20570692978514
124.30146821215912
124.6405945275953
124.6405945275953
124.79739386221266
124.83647674810227
125.07386486870814
125.07386486870814
125.33111984714577
125.70115938476808
125.70115938476808
125.70115938476808
125.95583000643731
126.29816657914006
126.40961305992583
126.42010190025492
126.42010190025492
126.42200248077896
126.48931416136934
126.48931416136934
126.70011905045665
126.7781627824228
126.92525507839814
127.15908589504949
127.44030155308972
127.44030155308972
127.51253365612773
127.78987536536793
127.81402826253039
127.95587068601549
127.95587068601549
128.10170414785512
128.10170414785512
128.1557929940217
128.16347312227862
128.16347312227862
128.27760162998368
128.27760162998368
128.41659819089892
128.51989260750736
128.7077652639012
128.73498741109694
128.74252914334127
128.8758310985413
128.94885619983694
128.99286157153233
128.99286157153233
129.0111916983481
129.0111916983481
129.0111916983481
129.0111916983481
129.05471863514038
129.0632693147337
129.17703887684442
129.47650984529014
129.57228059592865
129.57228059592865
129.6263746295952
129.6263746295952
129.63563049855637
129.63563049855637
129.69176846133357
129.69176846133357
129.7485647697146
129.99338781668857
129.99338781668857
130.15722240350414
130.31943544180857
130.52848460197748
130.71705136716963
130.95493411474516
131.02901166701596
131.12520767756877
131.12520767756877
131.33630114502145
131.33630114502145
131.37544462007259
131.46544080225482
131.75292440304924
131.90679027882655
132.04763701540406
132.080539973895
132.080539973895
132.2835522325622
132.2835522325622
132.2835522325622
132.2835522325622
132.42633738119716
132.48124018165444
132.74596790548702
132.74596790548702
132.74596790548702
132.9543164359513
132.9543164359513
133.06486777349835
133.20061878047102
133.4018102238038
133.42682302688124
133.497522666527
133.82645847536614
133.82645847536614
133.83299487994944
133.87527611884036
133.9877644993082
134.2850811752266
134.3460517465426
134.54806141716304
134.5877097277712
134.5877097277712
134.81223523548715
134.98737962308095
134.98737962308095
135.01955654292294
135.11851479291636
135.11851479291636
135.11851479291636
135.11851479291636
135.11851479291636
135.2539796563169
135.2604809228
135.30033407561774
135.30033407561774
135.30033407561774
135.30033407561774
135.32426569980657
135.46519639273356
135.46519639273356
135.52392706485531
135.52392706485531
135.52392706485531
135.52392706485531
135.5390097038082
135.63260922008894
135.7849602480597
135.99494515111164
136.04527306921273
136.04527306921273
136.04527306921273
136.04527306921273
136.04527306921273
136.04527306921273
136.15595069563634
136.15958717425912
136.2018816305811
136.3105934598073
136.5784818709766
136.66232550712402
136.66890443295924
136.87145264679222
136.87145264679222
136.87281249592849
137.16837464418506
137.35428237713163
137.35428237713163
137.35428237713163
137.48573060352737
137.6075488347106
137.6075488347106
137.70178651083083
137.70904447038924
137.85161118141522
137.85161118141522
137.85161118141522
138.09325011993562
138.10815689924203
138.18474666369826
138.35057031350587
138.41196864666728
138.44928866648965
138.44928866648965
138.6209902209339
138.6209902209339
138.63285395396753
138.70686100835783
138.8083510722703
138.8083510722703
138.8083510722703
138.93027642484302
139.0300852634509
139.1996958217515
139.1996958217515
139.45151246835567
139.45151246835567
139.48976414957147
139.76975571684352
139.76975571684352
140.04178522157403
140.04178522157403
140.04178522157403
140.2588749113462
140.2588749113462
140.31023357124877
140.31023357124877
140.3344625657785
140.3672226148928
140.3672226148928
140.62759610483116
140.6378073624825
140.65060564604775
140.7422685226538
140.95767512296132
141.15894452064137
141.15894452064137
141.15894452064137
141.2856188382827
141.41683793721668
141.604119699032
141.604119699032
141.8171364148932
141.8171364148932
141.8171364148932
141.8171364148932
142.0436948384356
142.0436948384356
