0.06062208735576968
0.06062208735576968
0.3342868932678771
0.3342868932678771
0.4242079362245317
0.5474735969658584
1.0262911406243351
1.2221951073817123
1.5151805912114704
1.666118574668961
1.93477519696054
2.2596890737201227
2.5572937457133382
2.786498308810494
3.087397242186299
3.64900677315941
3.8286593461289673
3.9129275293520864
3.9129275293520864
3.9129275293520864
3.9447198367107252
4.243598071681148
4.66762926784555
5.106254137203624
5.2568714631223825
5.6008537317363505
5.939387418441201
6.2299651328617776
6.328169908446388
6.328169908446388
6.618649345660881
6.832652330264846
7.181167352128552
7.305605383390264
7.305605383390264
7.305605383390264
7.819473561391223
7.860798552075431
7.876688370603014
8.324737066488652
8.324737066488652
8.324737066488652
8.771530555376629
8.771530555376629
9.244148040056594
9.487915319426998
9.65163627036926
9.974972500923448
10.527943025431133
11.17515372319849
11.830184297097066
11.965622411653502
12.225915146515984
12.826686570511773
13.296450710051142
13.422122751273527
13.953950219292981
14.145721939357886
14.446208229483496
14.497070342215244
14.744822907339588
15.096796367450944
15.397011913405775
15.901173645898718
16.303382460661563
16.693283638732492
17.248337549329438
17.464625667809504
18.127738015146214
18.666783474746186
19.010044099030562
19.435126310716452
19.731031453482398
20.022426172099426
20.37704036274742
20.67108475863736
20.96773609946618
21.60665581470006
22.025123279236947
22.495396108202357
23.184060539813423
23.733149186016927
24.054310606790963
24.524611144999557
25.04475397204747
25.42806344678938
25.688906862831523
26.215786455513452
27.194167438934652
27.483891622890656
27.812120656071457
27.953533872812542
28.341296087093365
28.373582357623892
28.695127574335494
28.695127574335494
29.12028175981619
29.126331244126014
29.366490297445537
29.940347902564238
30.19811113428058
30.50074463346747
30.656422106641532
30.996366066151477
31.5900985672165
31.86696932431622
31.977547261790534
32.3048740263565
32.65681019516049
32.690406452523405
32.979105255115854
33.08553374738485
33.48667156192254
33.774334026500384
34.28837668366422
34.33560371903603
34.869439772306485
35.061662458845696
35.72601608006342
35.96150947536666
36.57216339436552
36.70404554310455
37.07963499885406
37.65079307671573
37.65079307671573
38.363070112242404
39.153062614931876
39.298794060778825
39.43370970046592
39.800012353075374
40.31928385856995
40.80735777236139
40.87739276623838
41.19045375788066
41.88968480060425
42.5267299489286
42.74170954942924
43.11481003161865
43.67818620961693
44.43194714988898
44.878150377271254
45.57925028234623
45.77161738117457
46.30521238678172
46.67366559547869
46.987054082889784
47.23516532438667
47.42070363428456
47.91816469715645
48.441260654193826
48.956894271022946
49.13275223908955
49.63651805840925
50.09369742432281
50.4618742211629
50.81565171291356
50.99873275042615
51.62890339471852
52.126326583681546
52.735348158456056
53.28901926293428
53.59419947404739
53.823966446942606
53.97736652255932
54.2102582693609
54.722132672567966
55.08192600880854
55.62107512369289
55.91061022535158
56.52593464319241
56.56741476405347
56.937128498694115
57.09236873430808
57.61759778659969
57.978470405663494
58.26699369441481
58.70327855275738
59.071776560058225
59.44629492056767
59.984627808797434
60.522019477536986
61.23387696165062
61.68705349774139
62.15037272511471
62.7573716088209
63.37897795285757
64.26505733577905
64.53051239539774
65.11113017482644
65.40183878646803
65.74431989567361
66.22022655177976
66.59418825172379
67.23215582175891
67.71485451058754
68.23880538202926
68.32812998107848
68.83572994007112
69.4199796911447
70.19887509754977
70.48210072166752
70.96479270325395
71.41696245751645
71.67781398045076
72.2287100198456
72.29124103556671
72.68939723721915
72.88011107149092
73.01942202073849
73.28575973533793
73.56597365499263
74.0038458774876
74.31627770336615
75.10504890737889
75.61669131238655
75.94406806205774
76.34976820522024
76.69476397724569
77.27411429808836
77.6358665151225
77.9065476222976
78.42975711328776
78.78105249415782
79.1306091876271
79.48576060192941
79.95034967923299
80.36943457423129
80.47994903516408
80.79517174299913
81.11998484115333
81.40171319827961
81.69187740964321
82.0346819433985
82.32096344056818
82.62406507285512
83.0325893209893
83.06105660725935
83.14856653368663
83.53150561463107
83.53150561463107
83.67889711130339
83.84625415329651
83.98493230969926
84.41658731328039
84.59124662340216
85.02387951591712
85.51870431715369
85.61599295265655
86.00577771969077
86.70696180764872
87.18557320906967
87.70098183303584
87.98814258219868
88.71110047164329
88.98967297233455
89.19943875406794
89.45823988327028
89.71904617417654
90.03110131352963
90.48814535320244
90.65699585824389
90.89740896780724
91.15326879676397
91.15326879676397
91.36506379033156
91.52749513042461
91.87202562366942
92.23973439545433
92.81209420762444
93.12033982700135
93.54847434702423
93.96992388629289
94.51872177960864
94.82312736056788
94.95112616461581
95.33922562197165
95.42726842987585
95.51887404001386
95.75266172636664
95.90041769699356
96.03570994734523
96.45558004565527
96.70789588943492
96.76067071298593
96.94439989457011
97.19043025111354
97.28190674500068
97.28190674500068
97.58837987775786
97.71956410748794
97.77289696503415
98.22751493763971
98.56079276237378
98.85349761580972
99.12875932344956
99.42048822950643
99.470018136762
99.84084043872251
100.11688660466505
100.39735024960696
100.45915897408625
100.7210059386418
100.90517285325153
101.28722858158532
101.28722858158532
101.3986927062913
101.86700479694008
101.86704435668537
101.98222122308654
102.4442413183349
102.68729881164025
102.96601064675025
103.27459043489091
103.6315996968522
104.06238179941847
104.1232505828496
104.1232505828496
104.19506067172277
104.19506067172277
104.20841021310035
104.20841021310035
104.35359511754629
104.38718713093253
104.47609783930683
104.87570407048462
105.17126156937755
105.17126156937755
105.17485411653853
105.17485411653853
105.29374598944379
105.29374598944379
105.49614722231466
105.49614722231466
105.77404224416162
105.77404224416162
105.77404224416162
105.96087759785236
105.96087759785236
106.17788725359686
106.5615385626321
106.71972984485612
106.71972984485612
107.15197592547908
107.15197592547908
107.15197592547908
107.23451637317231
107.43162912760377
107.77277969254312
107.77277969254312
107.93363640213545
107.93363640213545
108.09705249680631
108.22148895398314
108.22148895398314
108.22148895398314
108.22148895398314
108.25220340200957
108.26931102960805
108.40849493353659
108.59569847809935
108.59569847809935
108.59569847809935
108.59569847809935
108.69732991869596
108.69732991869596
108.75860571852441
108.9557880219877
109.0397417626068
109.0397417626068
109.09149060920338
109.47054600075742
109.47054600075742
109.4944107244857
109.4944107244857
109.68801504536067
109.81434135046068
109.8678371710472
109.93245100655444
109.96890767739472
110.18354817073003
110.23630935171822
110.23630935171822
110.23630935171822
110.23630935171822
110.54077345550976
110.54077345550976
110.54077345550976
110.54077345550976
110.65967388209314
110.74638245082303
110.91612302279347
111.19226379421056
111.19226379421056
111.33969576776458
111.53670725763645
111.53670725763645
111.53670725763645
111.53670725763645
111.6981085375227
111.6981085375227
111.6981085375227
111.76835999855088
111.76835999855088
111.76835999855088
111.76835999855088
111.76835999855088
111.91079641625386
111.92186479734478
111.9230552839877
111.95371011248784
111.95371011248784
112.06308448145874
112.0878353677933
112.15897615281811
112.15897615281811
112.3167283520197
112.56447135504442
112.56447135504442
112.56447135504442
112.7987838073589
112.89201962147222
112.9406652737011
113.07264567544956
113.26801539885466
113.39442551755721
113.39442551755721
113.48614030308146
113.56673310771893
113.84839304305974
114.00847858755219
114.2177177417754
114.2509292499462
114.38459730455486
114.38459730455486
114.38459730455486
114.38459730455486
114.48278898740085
114.63194259457737
114.67414460510146
114.67414460510146
114.78081730741278
114.92098043988236
115.20173000403835
115.45123455031977
115.50367238124586
115.65170651901002
115.79747671305063
115.79747671305063
115.9703056010503
115.9764387006852
116.18569042167285
116.18569042167285
116.36281287194087
116.4133800055397
116.54206026845968
116.68502927231646
116.8847579625759
117.04433953964623
117.15362731866496
117.25055431429354
117.55872470557377
117.72053232404507
117.83068608338019
117.83068608338019
117.83068608338019
118.01396684142713
118.01396684142713
118.01396684142713
118.01396684142713
118.26849392251432
118.26849392251432
118.26849392251432
118.34113655949896
118.34113655949896
118.43631521074676
118.51534420567933
118.56571942727723
118.72790716225639
118.72790716225639
118.72790716225639
118.72790716225639
118.72790716225639
118.72790716225639
118.86816654535224
118.96880036480049
118.96880036480049
119.05973987817586
119.16138559360458
119.20448401905384
119.4093565458427
119.67147215813488
119.70914234263795
119.70914234263795
119.81410324563623
119.81410324563623
119.81410324563623
120.0178114821916
120.25525470321494
120.25525470321494
120.47060076995322
120.47060076995322
120.47060076995322
120.58207343449023
120.7183963095385
120.7183963095385
120.85232306967671
121.25941353703114
121.33142409337465
121.34363913449084
121.41771082426371
121.44716237481173
121.44716237481173
121.67923586619014
121.6926664344923
121.81366161584711
122.0580642455525
122.0580642455525
122.15354759542842
122.32300247378441
122.45680193808978
122.45680193808978
122.60583370291862
122.60583370291862
122.60583370291862
123.0185873618759
123.20299281186692
123.23431183483731
123.5042481738242
123.51096946597849
123.5303903858844
123.5303903858844
123.59328764632629
123.78341579483053
123.78341579483053
123.78341579483053
123.85030036185488
123.89335465572837
123.96329781959005
123.96329781959005
123.96329781959005
123.98252111874874
123.98252111874874
123.98252111874874
124.10474297377019
124.31229983506122
124.31229983506122
124.31229983506122
124.4346650034022
124.78697514092005
124.94319117418115
125.20421890982435
125.22173922192262
125.50481737874242
125.92881099279398
126.12941230304557
126.23477377197474
126.39914435713825
126.39914435713825
126.39914435713825
126.39914435713825
126.51724570417875
126.99556360625002
127.36267209374093
127.56804224829662
127.56804224829662
127.63736771476583
128.08141029622578
128.29724136362336
128.568178139535
128.568178139535
128.568178139535
128.68746246218424
128.92489324454235
129.2835287222111
129.39741386988402
129.39741386988402
129.67522855833994
129.67522855833994
129.88052064232366
130.2514103967483
130.25679675315476
130.25679675315476
130.36894900686448
130.36894900686448
130.41193060180962
130.41193060180962
130.723540299859
131.00122316207327
131.11623850893318
131.32118435207434
131.71676205172645
131.86393325073888
132.0093191613859
132.24777519116623
132.63676019030328
132.74728639337627
132.74728639337627
132.84943176689748
133.19357712654556
133.19357712654556
133.4010573396896
133.68568454007922
133.7578918440045
133.7578918440045
133.79705561469274
134.23807272519232
134.4706795383666
134.7356098605426
134.91860532576592
135.32714646929554
135.8085546339671
135.8085546339671
136.0089427882951
136.29009221529395
136.29009221529395
136.36989042276778
136.36989042276778
136.76097776299042
136.96952321059408
137.27536107147986
137.27536107147986
137.2820962181324
137.51060373481593
137.51060373481593
137.65683682745296
137.68190078030236
138.27221029145198
138.27221029145198
138.53677732516104
138.53677732516104
138.64072799273018
138.89023556987857
138.9193229253374
139.00303091162817
139.01803816348064
139.01803816348064
139.26180593413258
139.4341049403103
139.45276075742973
139.7519637014738
139.85696316347386
140.0497870133911
140.15593424870346
140.15593424870346
140.27309377795072
140.47555773952882
140.5869744638961
140.7701916520992
141.0151629765172
141.29810283973794
141.58591963748333
141.64532085369336
141.6694715613955
141.67795648242543
141.89744098945042
142.0444873534766
142.0553551109045
142.5694243155147
142.83142500563306
142.83142500563306
143.03370410811254
143.09721994976633
143.28613831772347
143.8014735229279
143.88719287237205
143.93089974269583
144.26862613755208
144.26862613755208
144.41721559419156
144.41721559419156
144.99556381406245
145.30681346072902
145.4118635652166
145.57884095208266
145.9099047179509
145.9099047179509
145.9099047179509
145.99894411809723
146.12506329764463
146.1624654438137
146.5889111081436
146.5889111081436
146.88650552679545
147.17587774372885
147.33434832935467
147.36693348406232
147.61767908612188
147.61767908612188
147.88119563615953
147.88119563615953
148.114321972223
148.2538257022349
148.39483112486855
148.59628051677225
148.72805240322023
148.72805240322023
149.02248131508594
149.41612344872408
149.84462625828746
150.21670036034607
150.5253187119032
150.59704398428596
150.85446939215598
150.96720497710334
151.038888114871
151.038888114871
151.170794095754
151.4011618015578
151.6199479192623
151.71415735097509
151.7880224749509
152.2233881192536
152.4249136998775
152.8486985629106
152.93769679464967
153.04567092799934
153.38389653111855
153.38389653111855
153.45037977422305
153.80395021598707
153.93481511766896
153.93481511766896
154.35495324537112
154.7149520861467
155.11595540754956
155.22408693353077
155.28160260984015
155.49162532874175
155.49162532874175
155.6285033475964
155.7574952358858
155.9296418113781
156.15112626000368
156.2989164083923
156.5759682658961
156.80277684600767
157.15153641313884
157.17667365494904
157.54780713814893
157.707631064774
157.7451213558955
158.04760104043683
158.10167166695066
158.10167166695066
158.43361429177617
158.43361429177617
158.43361429177617
158.43361429177617
158.4435453860879
158.55448781379664
158.78810436855397
159.1404484966977
159.31300395567305
159.32744599647248
159.38673144644213
159.38673144644213
159.56125051585366
159.56125051585366
159.67389854510424
159.8553060081804
159.8553060081804
160.04026326064493
160.04026326064493
160.04026326064493
160.04026326064493
160.26843062381374
160.26843062381374
160.3294809914038
160.42316318451688
160.4427642226531
160.64203491095512
160.74980190251733
160.87026619634918
160.957040654809
161.34455344183237
161.34455344183237
161.394637433297
161.394637433297
161.568728298261
161.7902686195802
161.7902686195802
162.2699313600966
162.34316815921377
162.5157549265093
162.6448172474622
162.6448172474622
162.85799342148383
162.99742768779504
162.99742768779504
162.99742768779504
162.99742768779504
163.02221937787695
163.16520354895158
163.16520354895158
163.16520354895158
163.53366686043404
163.84608570163212
163.84608570163212
163.84608570163212
163.84608570163212
164.0290530889572
164.0290530889572
164.25331296859568
164.3138629870465
164.51499389205188
164.70024653202114
164.70024653202114
164.70024653202114
164.70024653202114
164.70024653202114
164.81433913972538
164.9063044226319
164.99532966278278
164.99532966278278
164.99532966278278
164.99532966278278
165.09602264845498
165.09807895326233
165.1138447450502
165.33797093928942
165.59492751231193
165.72138736169913
165.80974687111825
165.8819090748076
165.8819090748076
166.1414840077828
166.18878292455548
166.33029425462578
166.33029425462578
166.38995564372098
166.65494642244406
166.79052347122763
166.90161689906824
167.02741779388495
167.19671057906308
167.19671057906308
167.38524286564981
167.42924237659494
167.57705385794088
167.77762480169173
167.77762480169173
167.77762480169173
167.97371587481663
168.22981909735424
168.22981909735424
168.3013823215469
168.3013823215469
168.5048581561239
168.62254006307563
168.62254006307563
168.66245805844378
169.17661495784108
169.2696627966179
169.28682397453085
169.3523094255405
169.3523094255405
169.62176279610526
169.65341403523493
169.7468132574397
170.05596637027622
170.13878881206873
170.20349192357617
170.20349192357617
170.3786459887837
170.4462595103477
170.4462595103477
170.5841914726923
170.5841914726923
170.91562949256206
170.91562949256206
171.04849218809065
171.11736504529958
171.21669560008507
171.26496134212468
171.3945335602943
171.54381729223786
172.00675245307337
172.178247254943
172.18377434374284
172.4331047039253
172.4331047039253
172.4331047039253
172.4475640220589
172.4475640220589
172.73232532780918
172.74472420881182
172.75916664981082
172.75916664981082
172.9055863477851
172.9055863477851
172.9055863477851
173.28108289316532
173.51031414496302
173.83070668651936
173.83070668651936
173.83070668651936
173.83070668651936
174.28251441445803
174.28251441445803
174.28251441445803
174.3187432379793
174.3187432379793
174.4253270479598
174.4253270479598
174.79791674763914
175.05410784341504
175.05410784341504
175.18019638048764
175.18019638048764
175.18019638048764
175.536248297245
175.69348383268255
175.69348383268255
175.84530869347253
175.92690720739958
176.00892840786122
176.00892840786122
176.3632108194503
176.3632108194503
176.3632108194503
176.4817087007907
176.4817087007907
176.4817087007907
176.4817087007907
176.90597131343537
177.05062526307591
177.18432522501607
177.18432522501607
177.18432522501607
177.50786142555597
178.0232474134236
178.09986266975466
178.09986266975466
178.39168704445427
178.44190697326187
178.55307345140648
178.70783350714265
178.86843099146319
179.1254937347446
179.2149179613836
179.38868791575757
179.49642176901972
179.5906372081843
179.5974063174802
179.75511753786864
179.75511753786864
179.75511753786864
179.91425787413817
179.9898682219125
180.04848696370277
180.37250228481227
180.64544218469547
180.67145482399562
180.67145482399562
180.9586912054445
181.11087163343834
181.17380376563355
181.17380376563355
181.17380376563355
181.17380376563355
181.24873711262794
181.3269094781401
181.53805869665862
181.53805869665862
181.6324731658408
181.725475492925
181.82498905029783
182.05438520002414
182.05438520002414
182.17448856282192
182.1802195174013
182.6937601185613
182.6937601185613
182.79565867961745
182.99212210533162
183.30228820956327
183.63323825618664
184.0855018891652
184.4213404654471
184.46787651135497
184.46787651135497
184.60487207919545
184.60487207919545
184.77200923911786
184.83414161918793
185.24517971618178
185.43213517446137
185.79504026074449
185.79504026074449
186.05741020757094
186.16437479383688
186.51408937291197
186.69907165249714
186.99024645863054
187.30497812628127
187.30497812628127
187.5188740576762
187.59148875145732
187.6240799039973
187.76018343397968
