0.42768635068614635
1.0004867560971604
1.6199896967591396
2.016716909600379
2.016716909600379
2.6785471748136778
3.2564282036913084
3.354708900346145
3.777072590655587
3.8034710840575663
4.3141238291198025
4.8636536185564205
5.520772659134359
6.303024650852018
6.80079622977937
7.399562906990344
7.794436921232301
8.583888553502277
9.006698414902159
9.618309219670268
9.736599425240495
10.548036902395808
10.56116906694422
11.293855008082241
11.725595992893552
12.294967109542528
12.727919041069773
12.904693240019125
13.296702750227809
13.84669259278723
14.198025377947179
14.399978119149722
15.011152242873031
15.43832052492019
15.757805512117963
16.66554810040826
16.943977306187335
16.99883105199807
17.325573324707403
17.988374635652278
18.306679628735147
18.505901396335247
18.88324714435217
19.19903458523569
19.658945023884748
20.279687223097483
20.804983870733214
21.838039724222067
22.207396041079225
22.339588644343223
22.923747853685914
23.503056876941425
23.994522702333647
24.67376196858114
24.9052155038642
25.232007133769887
25.78529334451023
26.323978208383686
26.967343904474713
27.485316201525436
27.794623071466532
28.133790754296434
28.86478867595613
29.193714944554106
29.51951942824516
29.864670062651967
30.67756805496958
31.26444906136851
31.724933865006196
32.17088085842214
32.437556014646404
32.84870063111645
33.38852893006003
33.580263235668845
34.094594408794975
34.65337494204788
35.106866578526464
35.821078723525495
36.10464907536409
36.79768881626982
37.11446857050941
37.185265738562855
37.98292344590608
38.67414053481614
39.43487527068972
40.030555399758036
40.16432948130886
40.73434077691349
41.49622914782396
41.8317253659859
42.03146300874206
42.612982826822005
42.716720748697306
43.16211872220168
43.54162033894956
43.64051299777998
44.18675566018518
44.34788487933877
44.64625583017789
45.03772141221102
45.03772141221102
45.20091089997979
45.3201490255809
45.50021534498411
45.68796749894859
46.05005746178648
46.23358402842345
46.23358402842345
46.23358402842345
46.36611378051666
46.86283032320531
47.27333157704015
47.88382796750384
48.11026109776671
48.30027651658883
48.541394392417786
48.985995528652715
49.38303534769914
49.89614360036651
50.131469052839705
50.61473688191511
50.72526410237574
50.9995519849018
51.47057821208193
51.776469891022785
52.46409412665714
52.97971689101358
53.33336138539409
53.45321091209091
53.56167361994946
54.282572733414604
54.561096972195884
55.318972459830576
55.6129210049365
56.21507768539328
56.436641000236904
56.57059848657215
56.90009555890284
57.536584076142574
58.10904341309016
58.248693912490765
58.714631234073245
59.208850512806016
59.33410439100627
59.74014702150721
60.44602416334391
60.92304626769053
60.92304626769053
61.21901057356146
62.124544540069785
62.30201311641885
62.53712590272408
62.95147468663441
63.70447605548819
64.17851050849247
64.45240574946709
64.6668724907081
64.9061600936923
65.02095673012354
65.23455185537611
65.8190450857577
66.35737255254469
66.35737255254469
66.35737255254469
66.76425868553483
67.11576266508082
67.63275243365376
68.16853503716747
68.37318139666576
68.670531369234
69.05495714637397
69.5537101804923
70.08436162469611
70.2362760144516
70.48714001650933
70.75567033756344
71.72461451626727
72.04378824786329
72.54507725368659
72.9098612901842
73.26494159452835
73.49763854915392
73.77014338329744
73.97771224142156
73.97771224142156
74.30952989144758
74.4003604527902
74.74633431297282
75.09620248556242
75.31260585513353
75.52014302507021
75.86512814644537
76.55769411718494
77.14882283859154
77.63463907702545
78.1857294804018
78.79722587028469
79.26264148181316
79.65020451910578
80.11830109961812
80.67990301210773
80.83082641185261
81.22905206861692
81.51530870942538
81.64706624304509
81.73557314515789
82.13665259845867
82.5577724347865
83.08403474354695
83.41189392468628
83.66369182996078
83.79763357256195
83.79763357256195
84.14437271337133
84.30898886215324
84.6027435759029
84.91069430186761
85.10324670635326
85.36986112585356
85.77212126507342
85.77212126507342
86.05922941697314
86.53347838802861
86.58470933012823
87.0731727297903
87.5623679304189
88.24303832767272
88.38879351877735
88.38879351877735
88.63069150676836
88.76240616693512
89.06891715254582
89.76708084033942
89.90044703681846
90.1129795218668
90.1129795218668
90.63208660646242
90.90948157465027
91.27467462804837
91.49533236989859
91.88157428813919
91.93797093210439
92.2470507683414
92.58582265463924
92.84343382681311
92.90829431044611
93.39850564411954
93.67012630027246
93.67012630027246
93.68073287374196
94.01615557197184
94.50083865794409
94.64306231119113
94.76701098370667
94.93348145708474
95.42421865869069
95.54186294352981
95.54186294352981
96.24302640031635
96.24302640031635
96.24302640031635
96.64360182040247
96.91760996032724
97.39046270556095
97.81394931779137
98.21000559894745
98.3551571602873
98.7902389825504
98.7902389825504
99.63635641379189
99.77005827622567
99.77005827622567
99.79853597338872
100.24871215209475
100.45160244272978
100.72414250509244
101.1941661829528
101.80058825097288
102.26905567825908
102.58737879274094
102.8133598767992
102.98223569645066
103.25996111206214
103.98812347600538
104.44425062989303
104.54519539293631
104.83818120921003
104.9717282538548
105.28326774438254
105.85303503591193
106.25901772054735
106.25901772054735
106.48314248232082
106.6817870308389
107.08621945469649
107.31061425244697
107.60980468634682
107.95550638713692
108.2048211772007
108.52972328323024
108.633035375809
108.94276918737582
109.32294285478201
109.80065463706926
110.26087796302734
110.26087796302734
110.64157313105086
110.92417464762258
111.64168260188656
111.64168260188656
111.96736648358907
112.25238683501455
112.43315005321185
112.55420924152807
112.78728281149246
113.07592206261509
113.4615874080169
114.06614587765812
114.45500522207736
114.45500522207736
114.50642327956162
114.53603349454801
115.04614077193024
115.25748867607928
115.66705473006101
115.66705473006101
115.66705473006101
115.70778531493798
115.86929706983086
116.05388141761397
116.19262378798685
116.86473077920417
117.43033246604362
117.71041966338956
118.31824133943303
118.40232380570046
118.59776648945702
119.09543832140929
119.26598102935631
119.34152149330704
119.92625839633435
120.42213336716836
120.5752809383746
120.82931530416296
121.44610500311646
121.62881637718935
121.88106436859125
122.22105475193625
122.42235986824362
122.94113154020799
123.2536023934906
123.6902969933621
123.6902969933621
123.6902969933621
124.02211285649612
124.41006467568894
124.84672913139687
124.9454734009368
124.9454734009368
125.20536246881588
125.67099637445824
125.78737119950061
126.01858260912606
126.40362771015361
126.40362771015361
126.95722322344106
126.95722322344106
127.29723784333612
127.5360485106985
127.81902190567227
128.33229662961523
128.3899008792976
128.3899008792976
128.89146007860296
129.40312274757014
129.92630156373286
130.32778442675556
130.81838547421341
131.29098985207142
131.30502962611794
131.5779935608808
131.8028053026215
132.0691448917786
132.14568522347506
133.16871383720007
133.16871383720007
133.16871383720007
133.52536022039138
133.88428518970807
134.19302923907375
134.19302923907375
134.37610396355277
134.92137933695074
135.01275169797253
135.45658958282687
135.47970756788817
135.91336844891134
136.31919663891998
136.57388160359054
137.08596135384965
137.21216100143553
137.69993166296337
137.737402101271
138.16623125643193
138.90732309298522
139.1964205914177
139.606549816676
139.96426530414075
140.3603942903973
140.51411307032294
140.87341191534267
141.35029171476492
141.7139174676428
141.83436671003358
142.08025809603313
142.08025809603313
142.25518299057106
142.71133449005455
143.08457187660306
143.36463692929289
143.50871391081506
143.8543565313441
143.854889263963
144.45817281475337
144.89508612197727
144.92295380494969
145.32990926267192
145.58702926202656
145.92532100969711
146.71143936679945
147.22128166300413
147.22128166300413
147.49427240958948
147.6949579463205
147.6949579463205
147.93755794771445
148.2454739230718
148.48860603802225
148.7107860366772
148.9949698414767
149.38374662489514
150.11483555014817
150.62808040853992
151.06765070540672
151.36399288646436
151.70711632869455
151.75389469005762
151.75389469005762
152.30559737485245
152.47696013453123
152.52090873781987
152.58673755059664
152.91583467641226
152.91583467641226
152.91583467641226
152.97443010323184
152.97443010323184
153.38688075878946
153.6875423731079
154.20546268551934
154.55609579445746
155.02031023136396
155.02031023136396
155.02031023136396
155.02031023136396
155.6765915822455
156.18246166353964
156.68405299033768
157.1942297486084
157.81836693570634
158.39799691950563
158.6572018997641
158.83812344167757
158.83812344167757
158.83812344167757
158.83812344167757
159.04521317119168
159.13546970114965
159.6788643315977
160.0288004006756
160.0288004006756
160.79332375961712
160.79332375961712
161.168164761338
161.64683300495435
161.64683300495435
161.9272494524475
162.4322939957656
162.48803532861922
162.75410974204613
163.00372265243143
163.32752031600177
163.5320164203673
163.7168099299008
163.79749827150084
164.35472128385
164.546168323393
165.05833889989958
165.52329327118056
165.68569602297242
165.9542396964501
165.9542396964501
166.4884375640405
166.69945565076722
166.9169213162669
167.40757540570547
167.40757540570547
167.93360594109868
168.99137288273243
169.7337540940403
170.16124732728403
170.44747149836007
170.6150416671225
170.68740220326518
170.70392619771
170.97425237558113
170.97425237558113
171.1979780131371
171.4231198565056
171.79564706199338
172.24585828540458
172.65674420150395
173.30721512378372
173.52140624081719
173.7688989511538
174.25425308543043
174.5674928316299
174.5674928316299
174.76398981802325
175.2595830779507
175.77934973494033
176.02528917284096
176.42656797019936
176.9038310650032
177.59905761822012
177.59905761822012
177.98562251983518
178.02890667069485
178.4689564249552
178.78650048225393
178.8030587733914
178.8030587733914
178.88141032038033
178.98280006514688
178.98280006514688
179.1487911630013
179.4486382765361
179.70773984401933
179.88646630636998
180.24683968971345
180.89743998293622
180.95938754220197
181.54473236526403
181.79775890630168
182.22008639969798
182.22008639969798
182.63206375823444
182.886551774004
183.00622047365468
183.2374824962528
183.86906700387402
184.07746537062843
184.2997466834659
184.3934134023289
184.3934134023289
184.44785441463353
184.4788605763778
184.68725372117333
184.68725372117333
184.8824374830365
185.39791084356918
185.82713172923715
185.82713172923715
185.92780927055318
186.37708263805644
186.37708263805644
186.74437131301318
187.02363217727836
187.02363217727836
187.39059594419186
187.43224909158337
187.43224909158337
188.14439211344953
188.50528208620568
188.5106662895409
188.552945668954
188.56166382155655
189.03623491443562
189.49156329562246
189.49156329562246
189.49156329562246
189.61711032310356
189.69747955339318
190.61153095562148
190.61153095562148
190.69978961713846
191.1034529912148
191.49951764195382
191.76441995315022
191.87038483115933
192.02438845951377
192.43650370541715
192.52957948978025
192.55891553186856
193.1086588493143
193.38387105504705
193.4896859785437
193.4896859785437
193.73207007572594
194.05193255212416
194.05193255212416
194.38314110421112
194.66141516949614
195.02554071315552
195.29340470171698
195.4699723676304
196.07459800856776
196.55075162154276
196.55075162154276
196.73937508171147
196.9714247424232
197.51665687522464
197.51665687522464
197.85213871525008
197.92598660076533
198.12263086909797
198.53084180657143
199.24719028048406
199.3008090498473
199.52863287415465
200.04333342930548
200.1118641453732
200.55778615921358
200.87149107351013
201.18649009012253
201.57963057694576
202.24936228817145
202.25585482262207
202.48050773540416
202.67950717101434
202.72724815343474
203.19407169954772
203.32806406005488
203.73524317300974
204.21705110537957
204.21705110537957
204.2560823164313
204.44041504853158
204.72980982944958
205.17120873616452
205.1890421164417
205.57455196878104
205.57455196878104
205.84224470583533
206.13720079576524
206.58738905847014
206.7473173078888
207.45669374092887
207.45669374092887
207.9207319547946
208.44670135794172
208.44670135794172
208.5153674881174
209.26440623195924
209.63428516223536
209.85093513334854
210.08330289370812
210.49807056919974
210.75920320163783
211.0978514714383
211.2593202587446
211.2593202587446
211.36078577778125
211.53810141159906
211.53810141159906
211.91241219397043
212.5197796155282
212.7022074445678
212.76411437418332
212.96550094305414
213.18961326859258
213.2934524624083
213.62521107253937
213.62521107253937
213.8756799161835
213.8914302987753
214.07409409552025
214.5157595754495
214.5157595754495
214.96237339472998
215.3406483362514
215.3406483362514
215.61525813663943
215.99981199219536
215.99981199219536
216.57318539414015
216.86857800276505
217.2991436660436
217.2991436660436
217.91618027296957
218.01518185824784
218.01518185824784
218.0983113113849
218.14384890677334
218.14384890677334
218.14384890677334
218.36909759087442
218.88035569992675
218.88035569992675
219.16072529950853
219.2234359569029
219.48119156247338
219.70505099014534
219.81620314590205
220.35690412718407
220.44978463387386
220.6857111844929
221.13241374071075
221.13241374071075
221.2838880228177
221.55060809247075
221.56155209939897
221.75157944307796
222.1696041385053
222.69603495991723
222.75873488231753
223.171403853665
223.50089498708965
223.5179847284202
223.649464322711
223.8937224353067
224.28684278882875
224.4645956318529
224.5805831607977
224.95047716003103
224.9900365886883
224.9900365886883
225.1897242335876
225.63912280615025
225.63912280615025
225.84082038234845
226.12886797104824
226.23791710056588
226.6312937849868
227.08952472022418
227.08952472022418
227.10093571199587
227.23223862398166
227.23223862398166
227.72443615526535
227.82305419673543
228.03279027735738
228.25591514091886
228.25591514091886
228.25591514091886
228.83227431525953
229.06985040185947
229.20646080204435
229.35175850041222
229.52638596662854
229.8139897423715
230.03075513568095
230.2214933364867
230.6301696661746
230.79733734611645
231.01129128654645
231.01129128654645
231.6597976461801
231.6597976461801
232.14335263309374
232.49907264386982
232.62813318198226
232.94846449554885
233.15865894188676
233.71984933797853
234.14462532837294
234.68441414408258
234.90064873872907
235.23588778552926
235.8036171412256
236.1911922467601
236.47166861303347
236.7246422481926
237.18780032199464
237.54309871387997
237.60668833945684
238.09338818996784
238.27618488274584
238.39508848178218
238.79168015655267
239.16929241582542
239.5784161998157
240.04986022336286
240.52548304045746
241.0643004891833
241.31052669405574
241.31052669405574
241.31052669405574
241.73951400074967
242.434504703172
242.9123820544591
243.06561007518962
243.1083202466756
243.14207449192588
243.2295382818348
243.6814948540542
243.87826481444344
244.33868869748
244.42278431053407
244.74542187922967
245.01587388035009
245.74262213351784
246.00545724978093
246.27487585963456
246.56107248320532
246.56107248320532
247.0278881604366
247.07175573546607
247.61570861189094
247.73457047865938
248.08798263420752
248.24923426973464
248.84002592116235
248.84002592116235
248.84002592116235
249.14770802853263
249.14770802853263
249.53362088941108
249.88433010444786
249.88433010444786
250.11177643586788
250.5867624907163
251.2230908502951
251.32782619955208
251.32782619955208
251.6534992847112
251.6534992847112
251.69374291339957
252.09754045100348
252.38546996572228
252.71274236628406
253.54548197155742
253.67687132857296
253.67687132857296
254.06068334242542
254.21652075384856
254.24828711386408
254.82664044787577
254.82664044787577
255.28536329228373
255.51678248896013
255.51678248896013
255.97638891024033
256.49188604087334
256.80095633419285
257.3290068086069
257.3290068086069
257.8495468230276
258.04352031290404
258.262124994375
258.7943239200894
258.7943239200894
258.89088029037737
259.14534113264756
259.5621567995141
259.85997858400503
260.02306523167783
260.4976129147153
260.8092848948359
261.22011230302707
261.5724053256829
261.78059512969014
261.8617765622623
262.0788335010748
262.55825536553954
263.1297939403023
263.2774727816403
263.60821703129244
263.60821703129244
263.8771872359871
264.0213377895606
264.22705218637384
264.50886990921066
264.50886990921066
264.53534596948276
264.68007476785584
265.0716706064443
265.66173716944587
266.1208556985135
266.2675962141163
266.39855906744356
266.4646527477111
266.4646527477111
266.7429234798039
266.7429234798039
267.2315793994994
267.80198822071713
268.0599834230174
268.1513009286039
268.3791427886689
268.62759577150666
268.7952360012983
269.04373761762446
269.2436303718121
269.6712831787588
270.13466455969626
270.8432269324185
271.39096803907734
271.94226086011537
271.94226086011537
272.26916100181995
272.46966071238177
273.0575912328675
273.55948388385633
273.62692742690587
273.62692742690587
273.7471855483759
273.7471855483759
274.4004824042832
274.55195769452877
274.8844438320144
274.9605616072927
274.96858656793916
275.29132004318444
275.35812682859165
275.52561805081183
276.0135327215338
276.0135327215338
276.26558934370655
276.3311881205481
276.4459372353066
276.64523258702116
276.93564474231033
277.1741987093119
277.1741987093119
277.35510379281834
277.4024023610285
277.4024023610285
277.4024023610285
277.4024023610285
277.96023838625825
278.58785091114385
278.7099254048655
278.8775642582076
279.24130575473123
279.24130575473123
279.24130575473123
279.6059370666558
279.6059370666558
279.67896366992886
280.07123199431277
280.250492640373
280.36341678073205
280.5840382076229
280.6958116392434
281.23393969902367
281.4755630862214
281.93818114315974
282.4043436053345
282.5907936691601
282.5907936691601
282.5907936691601
282.89032679129537
283.29807326830775
283.455390303355
283.6064889769893
284.063725625303
284.063725625303
284.28589612282775
284.6898975804247
285.0079604955991
285.44433311509243
285.4558538163689
285.5997569115652
285.5997569115652
285.5997569115652
285.6004782951751
285.90175605635807
286.27457799833564
286.27457799833564
286.3476929660419
286.619588711056
286.7470320896756
287.06139398020474
287.06139398020474
287.3128534514734
287.5669829352189
288.201013673344
288.2286707598338
288.3687483303553
288.37794602919143
288.56755748124846
288.56755748124846
288.65316400239396
288.65316400239396
288.8756285094833
289.16239072995825
289.2417942052407
289.2417942052407
289.6763687062269
