0.32861902855395025
0.32861902855395025
0.5608197784674207
1.0037957020422266
1.0534429640880256
1.5111241604111503
1.9252548447488766
1.945552734211856
1.945552734211856
2.006660817967684
2.4248803245938415
2.8392823625433543
3.096767878853361
3.2208790025140237
3.4641299667424303
3.7594743614472144
4.0050848362333875
4.0050848362333875
4.0050848362333875
4.273558171999447
4.408992715660644
4.5143799427107325
4.922344818083338
5.088357783143213
5.35980718332753
5.6298878113992705
5.689768054906694
5.891288901234995
5.891288901234995
6.178053042019265
6.178053042019265
6.1941595496995925
6.295832936868592
6.680988324696212
6.680988324696212
6.796163798793724
6.965763305460055
7.036000781597329
7.036000781597329
7.224779300960428
7.292641533319374
7.3655121232525245
7.404937514908986
7.8076920006653605
7.885684884782483
8.26446699469271
8.527957734528618
8.986791122769013
8.986791122769013
8.986791122769013
9.261270727752292
9.441242479346855
9.558843917599209
9.861881038472609
10.022433675518787
10.022433675518787
10.208858381870993
10.356488749769582
10.356488749769582
10.476083223036186
10.677372813009653
11.004739947289917
11.42412983683058
11.44492642354546
11.89594330664372
12.411735627772932
12.949928638217733
12.962874911220648
13.294060420672228
13.294060420672228
13.453254837085435
13.779137891766476
14.11335022546309
14.285180639272287
14.285180639272287
14.402226408691508
14.59612195351553
14.699367873301064
15.04549447270318
15.312015339314476
15.627502264720853
15.93531940479432
15.959180368198659
16.22829298126057
16.566071709228947
17.30501416343485
17.676236912118867
18.083782340335496
18.355232067664492
18.40011822848292
18.57112997434646
18.784868336245214
18.79908169398609
18.79908169398609
19.004753609239618
19.26385763870357
19.26385763870357
19.633474980374345
19.633474980374345
20.00459256394419
20.425500990277353
20.656416613315773
20.94374315036673
21.59343639229606
21.832521729885162
22.02752211163805
22.291764286245183
22.699019305770243
23.043415203656902
23.8572654189865
24.117149443729208
24.576794279468132
25.03277229360039
25.34853310529493
25.798348688224554
26.042498298472754
26.16954509830139
26.62982097022181
26.661037735252947
26.908448217817188
26.967241054091584
27.459509825086055
28.067984431751277
28.391261773144763
28.391261773144763
28.797363984925457
29.032230052011617
29.477560799027977
29.477560799027977
29.728881277745398
29.877390506834644
30.11041179988699
30.343408030656917
30.69225311218861
30.99721697023764
31.454102949422513
31.92109663006627
32.09430998205928
32.456428425713646
32.65261298664803
32.80149558839394
33.453119273852565
33.85066441091298
34.261695582035905
34.49916534913861
34.5427471028468
35.17366462421789
35.38417275441388
35.70579514781352
35.91332748610506
36.48527254780387
36.73062185414821
36.89597434668275
37.057369432415726
37.44424001744649
37.728713753254354
38.034264453350254
38.15096745999106
38.52266670696077
38.889381454937975
39.46405869116225
39.51083904605702
39.74560333521011
39.74560333521011
40.25166519190334
40.73377836612075
40.966544187963194
41.00487395058607
41.209941704214515
41.6167486867584
42.42484492515962
43.101653559059535
43.35289120565835
43.397402266734154
43.751360722938166
44.25562079353375
44.53000070820367
44.820044155671035
45.08341520792918
45.87120153386034
46.51519675954427
46.636832190098254
46.66546324190736
46.87861805272168
47.07909123960976
47.59880849165235
47.979598523752685
47.979598523752685
48.08477187971211
48.577580577874514
48.84867653169104
49.24877480834367
49.58718519085988
49.72739202799025
50.11049101962413
50.401023182096395
50.59746196041208
50.95158369317044
51.213618175623715
51.527049905523725
51.57494641174984
51.904046553908984
52.41688456156447
52.4772835151843
52.867772767337975
53.10383916941288
53.25223306960282
53.71076799125985
53.89263214699977
54.26262843599633
54.34893981077316
54.43078691383897
54.43078691383897
54.62046679654173
54.91860141385684
55.393910273194976
55.56839291628267
55.67554185606984
56.027537960255614
56.3993627543035
56.868566838176044
57.1155748400986
57.452208282539885
57.93557149264949
58.62829033745758
58.71008883916836
58.80609357280172
59.03199033016198
59.29253123760398
59.29253123760398
59.543917785644304
59.830988482604006
59.98494211330881
59.98494211330881
60.473841750256014
60.55066857047891
60.56765272038519
60.67921446550164
61.0429161538343
61.32269762459406
62.10027085477279
62.606028823037306
62.606028823037306
62.86503801234479
62.87848997919428
63.10214992548568
63.30229001771922
64.06904981896888
64.1291925462409
64.43843310002937
64.45086042460777
64.45086042460777
64.74541263078034
64.91097780236055
65.11148926807674
65.54818745251315
65.5560955594356
66.02624968169512
66.38283713551041
66.73371696104097
66.73371696104097
67.31016420476462
67.6081990313781
68.33938148714513
68.57207816299648
68.97851377582079
69.22250858621723
69.64428369981121
69.87143560518089
69.96854381175474
70.21573777006952
70.78397115307908
70.94954549440277
71.0541108348729
71.38291578715793
71.59149030776395
71.99111288264871
72.24394456400265
72.24394456400265
72.50993299252677
72.74031885066812
72.86626810743586
72.86626810743586
73.01527928256013
73.37594373583786
73.37691803615172
73.50845967709577
73.7723318541661
73.92330683208561
74.4068235906924
74.4068235906924
74.74073154518653
74.89767016840159
75.17805714070235
75.77615333941927
76.12808927343907
76.17808020536735
76.24598581441899
76.69377229545772
77.14621896966493
77.38156198527197
77.38156198527197
77.5420566727161
78.05672124726432
78.47924796363905
78.72988641286145
78.90620223708086
79.44311760702372
79.46774438060216
79.78284138219124
79.9737003173324
80.2091601933618
80.7283247110618
81.142747914603
81.66390927040861
81.94206937536357
82.32157590247479
82.6319879419155
82.92507681306593
83.05932691309948
83.20838307178295
83.34002064708407
83.83701618819235
83.99305298210909
84.29337664684601
84.75059285298606
85.21771475469357
85.28703499291056
85.62028760518129
85.79003221566634
86.30987431521255
86.55190773320392
86.88259107254306
87.08912681635748
87.41782673376434
87.78825734635694
88.12668546434863
88.312873331176
88.40518725528287
88.85683425512025
89.11825708416136
89.15592712031733
89.35317022870547
89.48617263236052
89.8048530130223
89.96303714863681
90.11241695624362
90.4026332838
90.9602395074062
91.22729712995893
91.69044702674293
91.73938668793068
92.01785292523849
92.01785292523849
92.63832942822076
92.93692417066036
93.17197170486293
93.5347352221302
93.86042837484258
94.20091795133935
94.84242511963303
95.15781484944648
95.55315529069017
95.76265275830337
96.07872488094551
96.66255696674042
96.85705732483888
97.24321403316797
97.47955711596362
97.71087276292381
97.98118652947876
98.02326223507283
98.33871291549573
98.42925162385083
98.94704065372494
99.2101238232857
99.41182918388306
99.76899948094656
100.22136837421658
100.76647245171982
101.04903914942726
101.16133424398983
101.6848046946722
101.89103799090206
101.91159008350915
101.95813203850288
102.07096220123515
102.18944092787588
102.3699725594589
102.5645212201404
102.74679165088472
103.0337721674408
103.11855512631618
103.63168059820633
103.76395676088008
104.23878404461529
104.2663525744114
104.79737483940755
104.93819825611786
105.25615848915515
105.63938925443064
106.08354745862488
106.71988160396417
106.9881560409247
107.17539262929833
107.56651695784727
107.77165249382323
107.93533700070205
108.17910298261522
108.17910298261522
108.43428242984338
108.6242937305114
109.0652650063958
109.27933828452456
109.65363662776058
109.87900165874737
110.42019364048478
110.42019364048478
111.08809788402397
111.26951956888729
111.71649633958923
112.05436829735686
112.49266231526705
112.96217718039522
113.00340091306596
113.37066383053731
113.8732864484121
113.91048585582304
114.55910041519346
115.11675244584224
115.64320146880155
116.24556560744645
116.24556560744645
116.63196099049254
116.89822030518545
117.399790795117
117.55172112392653
117.85679443021442
118.08717137993577
118.32196790939376
118.32196790939376
118.71634383474762
119.01893509123424
119.17725806745953
119.44180645773201
119.44180645773201
119.69274371188583
119.81417544621846
120.10916286299813
120.44904869122963
120.6772744693763
120.97529502214121
121.02595027945617
121.20585208248399
121.42623361639977
121.49362220935471
121.66772715098911
121.8600587529508
122.23218398306962
122.23218398306962
122.45904463173528
122.73304252651404
122.8152187380685
122.87523279972469
123.01235866358935
123.28322874028626
123.51964461571922
124.04060665960728
124.23764811455398
124.56597508935798
124.7140682014172
124.76814538605208
124.81161398179397
124.84409649501033
124.84409649501033
125.0512338396918
125.13000766239844
125.1896993784065
125.52122863819808
125.6698266615718
125.902995345695
126.53987624915958
126.53987624915958
126.78953755742026
126.96394449742589
126.96394449742589
126.96394449742589
127.09039363123408
127.19207965835065
127.61398697978487
127.98851965957805
128.1914851059621
128.48893416148837
128.94545363992506
129.20966215540383
129.21033228090727
129.47008645908437
129.5230042398511
129.6393382541742
129.92910880578023
129.96838511326592
130.45550849890483
130.9210544017678
131.03522482043005
131.03522482043005
131.14408913561672
131.52989167118034
131.63713739984323
131.65506487497814
131.8648655038025
131.92775477058734
132.05643510021625
132.13884245309333
132.33829832614182
132.65898951614665
133.35640963167708
133.45241355720677
133.6153397047438
133.869871734494
133.9562840544136
134.21796312613995
134.21796312613995
134.44095230848424
134.73378724729648
134.73378724729648
135.04704242137873
135.23151310765374
135.23151310765374
135.39380370299668
135.39380370299668
135.55248693935263
135.55248693935263
135.75857104586066
135.9679644798645
136.44037340238233
136.6295667143092
136.86578603774072
137.30183286921073
137.61895212096846
138.10989255094628
138.48762170641
138.71899618544788
138.91439015676855
139.00991169769765
139.00991169769765
139.16380395077218
139.16380395077218
139.3071462818432
139.3071462818432
139.45929189952233
139.9566656139817
139.9755280456831
140.32620164945163
140.44754870674421
140.44754870674421
140.82222210866902
140.93125474086204
141.1566981240945
141.19294910070744
141.19294910070744
141.62242523264965
141.97225744795406
142.15780298347664
142.25852376226288
142.58002355355413
142.66808876499084
142.81862364235752
143.06173712228372
143.20047184260625
143.51430514691876
143.94335219886148
144.12582941527148
144.3761890274897
144.45788302420314
144.46657553191773
144.74071535480192
144.92685517265824
145.46509880297697
145.96374316638352
146.0733362498757
146.3091336574159
146.3500944165572
146.3500944165572
146.40847772906008
146.40847772906008
146.85375332681227
147.1420281352908
147.52727460282836
147.52727460282836
147.76485360970514
147.957510964457
148.0417561325561
148.25703113610427
148.83390322848658
149.20937385571585
149.39601729026927
149.5417602400548
150.01845353959376
150.04578125844873
150.25386859752666
150.66001451763134
150.83480649787813
150.88957391202212
151.3539239210248
151.48476476958555
151.96916835723263
151.9953855794935
152.52911673150246
152.6375766871586
152.77932975471302
152.8835579648544
153.2240697617097
153.2240697617097
153.2240697617097
153.51435938429304
153.59373395795308
153.59373395795308
153.67161495299663
153.67161495299663
153.7691412232076
153.90054680001168
153.98338823670204
154.32114046021937
154.7543837477301
154.7543837477301
155.07228576719265
155.07228576719265
155.1953101334949
155.264668997345
155.42072660091534
155.69270326111146
155.8858372070275
156.1684776018835
156.2641864740211
156.68424587570044
156.8671877830237
157.14938429796666
157.14938429796666
157.14938429796666
157.38526441281604
157.5902927373477
157.8015530242885
157.8330733677424
158.0850428655124
158.0850428655124
158.3280269649132
158.3280269649132
158.61447639106845
158.9597062266197
159.03712650196002
159.3895607927236
159.46425678674805
159.51705455580648
159.88832961328342
160.10056740055714
160.19196083726956
160.26667915996168
160.2861703989351
160.39244748956654
160.78088585038503
160.88284673833536
161.55789343938386
161.55789343938386
161.85411285987462
161.86757995455753
161.92991782765594
162.0671237385538
162.55353264586694
163.21425434604325
163.31746458212416
163.56763939680087
163.85944680231535
163.8833376821192
164.39350130607718
164.49855230113198
164.55105849073834
164.608020201602
164.8336204534511
164.89841573679686
165.07138604311118
165.18280422727616
165.18280422727616
165.56430018896887
165.9516430999826
166.179004065602
166.63435910211678
166.70441137256452
167.048887077839
167.25044818623527
167.47296798469625
167.65915702556978
167.851074586682
167.9538403463451
168.15732558701913
168.4282883075027
168.71321548457078
168.71321548457078
168.99856871690304
169.2696913623358
169.53284370900136
169.85612266261208
169.89437183161428
169.89437183161428
170.28103235677767
170.8432516764431
171.04059610436437
171.26012145452165
171.4636683922288
171.68005029361177
171.80422032574893
172.45292893212098
172.45292893212098
172.50662217455837
172.84800035648834
172.9440578720368
173.18875885876588
173.18875885876588
173.19109031076547
173.34978259592566
173.58367732315122
173.91898584267926
174.08575076086984
174.1998769963136
174.70679489918544
175.0746600303118
175.0746600303118
175.0746600303118
175.1452731289577
175.21656201565466
175.6137135397648
175.70155638139795
175.70155638139795
175.97532159180142
176.1368096328916
176.16101444498966
176.40501449759415
176.40501449759415
176.5229689317544
176.60503792042522
176.79638351583475
176.79638351583475
176.8668257168822
177.19443205878443
177.25653838701984
177.700273252136
177.8792159215357
177.9515612125539
177.9515612125539
177.9515612125539
178.35628112690145
178.35628112690145
178.63954020823093
178.63954020823093
178.9564155476763
179.13506547143538
179.2863109976565
179.32777733306716
179.80722272035695
179.87461846266407
179.9946543179337
180.00137015063302
180.00137015063302
180.21076537111884
180.41022900879227
180.65711067418422
180.98231459934445
181.21906956577757
181.21906956577757
181.50028506914825
181.5512972298219
181.91583435147209
182.13442039624752
182.44430631013495
182.88420339897775
183.0543863752541
183.1839705978297
183.254226937425
183.5149322384868
183.87407844940114
183.87783881690717
184.13752606130896
184.38110109949406
184.38110109949406
184.5207078534536
184.78327070270046
184.98648765218633
184.98648765218633
185.2783451318438
185.2783451318438
185.2783451318438
185.2783451318438
185.2783451318438
185.45551103286775
185.45551103286775
185.66237255969978
185.89130438869094
186.16825304509106
186.35991559879116
186.35991559879116
186.64594790839962
186.7060429371492
186.7060429371492
186.99429205321997
187.04407285366366
187.13610132812195
187.49893519278433
187.72864583237123
187.72864583237123
187.9729111781165
187.9729111781165
188.18161132996048
188.20676684465636
188.5565839795933
188.74728982383039
188.90895776124492
189.44562537554148
189.95496352141456
190.15361467415332
190.15361467415332
190.48798005310803
190.48798005310803
190.73110185509782
191.05115887785303
191.4270029301884
191.4270029301884
191.88760261261965
191.88760261261965
192.1956551278171
192.3909413614004
192.3909413614004
192.3909413614004
192.53158064788352
192.76876383523808
193.3525210793458
193.4112934853013
193.4112934853013
193.45785014296524
193.68460161474624
193.7171112363819
193.9275639331051
194.23669755309055
194.27569723830902
194.27569723830902
194.76672838973008
194.93799151849606
194.93799151849606
194.98115752872835
195.12281753488904
195.39943804407645
195.60403723185496
195.68332224064397
195.77813736869365
195.77813736869365
195.77813736869365
195.9438499203229
195.9438499203229
195.98141947864022
195.98141947864022
196.1227681770997
196.22658232018887
196.22658232018887
196.23044869385285
196.23044869385285
196.40015327168388
196.73363769410625
197.0076013531298
197.0076013531298
197.12244390029977
197.3187675689494
197.3187675689494
197.38818484108003
197.38818484108003
197.45567681769415
197.5517146686662
197.6775393523237
197.96517284550467
198.1232935572503
198.37544878552075
198.8007523102487
198.8007523102487
198.93139411593322
198.97627213825155
199.16857914448818
199.51421224722546
199.6047996790398
199.7949481581368
199.8139204307348
199.8139204307348
200.02353269009677
200.19474242693758
200.19474242693758
200.31577268706192
200.31577268706192
200.31577268706192
200.31577268706192
200.49731457165802
200.51577557884323
201.03795219115526
201.11497903043715
201.21801869090282
201.55502377880134
201.61055054210425
201.61055054210425
201.61055054210425
201.8230539953067
201.8230539953067
202.23975792755934
202.36226204418372
202.5107801918444
202.56074702875554
202.56074702875554
202.56074702875554
202.74835511071566
202.97500160714114
203.03982979938112
203.1011132377451
203.24091934751712
203.70102324021016
203.70102324021016
203.70102324021016
203.9720820993012
204.18488923060602
204.49923062592657
204.76300664890667
204.9359343018211
205.1902183908348
205.1902183908348
205.1902183908348
205.52456699882347
205.70026521840674
205.79367405485561
206.12157645140758
206.46276741799258
206.4779054207008
206.7038997814923
206.89887396183315
207.10151528402875
207.48746552387067
207.66852707991913
208.01525462211666
208.43379088609785
208.43379088609785
208.5320492361277
208.5320492361277
208.6206680288266
208.68197872139737
208.68197872139737
208.68197872139737
208.93642281781314
208.93642281781314
209.13171510401955
209.13309110047513
209.13309110047513
209.1594568775124
209.1594568775124
209.1594568775124
209.2408216568305
209.3975028654574
209.43509275259373
209.4474897707957
209.6938576251901
209.78046606552752
210.03982194257426
210.078429202103
210.31286533249977
210.31286533249977
210.31286533249977
210.46516766488253
210.6069871642199
211.08010405352292
211.08010405352292
211.08249021391384
211.24718386674442
211.27068915585005
211.33045440050597
211.4557817529378
211.56595984234485
211.68214482704278
211.81349039883196
211.83386706635926
211.83386706635926
211.99347958979286
212.18339405246235
212.4840155404666
212.66322476684962
212.77316592032258
212.81076175286222
212.93123525015528
213.2136032032678
213.3843362026149
213.59444108931547
213.59444108931547
213.59444108931547
213.6769344218884
213.84403157201191
214.24152778517927
214.4853085584632
214.66280452516128
214.66597134176425
214.66597134176425
