0.39097664438009083
0.48851233367992386
0.6979863331178731
0.9889226949017793
1.2881871419721496
1.5294748834990533
1.749891648027734
1.749891648027734
1.8040597126143163
1.8040597126143163
1.9690341822481658
1.983082899014513
1.983082899014513
2.045176344088235
2.1843358353820324
2.3728295098789807
2.533713388787846
2.6082196454419075
2.616843625651061
2.832495619232665
3.48837470409248
3.854203827913956
4.053917153008201
4.254423679979646
4.4229775871306565
4.947996270799468
4.947996270799468
5.420667056664316
6.160014005911517
6.247763383824717
6.483320052458659
6.70967441681181
6.938140559107413
7.406654537104631
7.573251442417141
7.813878910614519
8.08071840135564
8.72641744931175
8.9430934442083
9.514583043796316
9.922745862647677
10.382950435343188
10.753769978636411
10.953794508362629
11.058416193249688
11.278223920162462
11.400534218819793
11.876008154688597
12.453165615452965
12.711760069972813
13.373954728971494
13.847327963322716
13.93977317974518
14.519256685971406
14.719747072171872
15.250562104797355
15.38812014666294
15.38812014666294
15.40464076962145
15.798357003177523
16.186411055123326
16.37820439408339
16.48755661177442
16.935677295449935
17.210906484644617
17.685592656493935
17.90948356142725
18.19784873814867
18.74377174110522
18.834472556840293
19.145331172939375
19.329530347858412
19.538547193360646
19.760116747427308
20.300165541870463
20.82604843199058
21.300878437850724
21.572410574808487
22.151890136946122
22.378496931224827
22.56714837490603
23.256481558310156
23.768247616912248
23.774277869666943
24.15694810230066
24.638098213917196
25.00986230968438
25.254548663478246
25.55959391967136
25.846521783862336
26.1570647650251
26.244016061353665
26.773396741194418
27.125964311641212
27.61197948327761
28.420673655087963
28.559012033714477
29.028754652003716
29.040330054211893
29.41577476792713
29.755854820077797
29.840728430405647
30.113913121100094
30.302060063492654
30.445468047843764
30.459371399401125
30.830998236537496
31.010514758156027
31.056310770651972
31.07861533468926
31.07861533468926
31.07861533468926
31.298795889141473
31.388261641161193
31.802676973439205
31.802676973439205
31.951189184547655
32.08430615805639
32.24928963464901
32.24928963464901
32.60444267274448
32.63331381630369
32.89871373092037
33.01051011128147
33.137885143351184
33.137885143351184
33.49021612333424
33.765112598680666
33.86551621154472
34.19257833853408
34.19257833853408
34.19257833853408
34.19257833853408
34.19257833853408
34.19257833853408
34.219868880162146
34.611662987235235
34.611662987235235
34.70447821488014
34.70447821488014
34.70447821488014
34.7807705073238
34.7807705073238
34.86567772475148
34.941319088030376
34.96087508617786
34.96087508617786
35.25748350105424
35.29206813120867
35.39522596968407
35.39522596968407
35.39522596968407
35.45973210458603
35.45973210458603
35.45973210458603
35.59337170133839
35.59337170133839
35.70903104339898
35.76634854392259
35.78170729353005
36.07280345372021
36.18221180609529
36.55281994871891
36.724790682440876
36.850725010509045
36.866648631434856
37.31472948029196
37.48782644073397
37.48782644073397
37.566842034893355
37.566842034893355
37.728124556526424
37.84448374141269
37.84448374141269
38.03932867585983
38.33461575415825
38.417656467603166
38.417656467603166
38.54886295965729
38.60434406169955
38.98720343088251
38.98720343088251
39.39917355980649
39.49664579113776
39.79578215143622
40.09026470267464
40.219000528405765
40.27655402355585
40.27655402355585
40.66437530292949
40.88476347598666
40.88476347598666
41.01670588491476
41.14527847749478
41.26152135117475
41.502752457407766
41.502752457407766
41.76766332646986
42.129994176725866
42.129994176725866
42.17226994293373
42.17226994293373
42.222564249016806
42.222564249016806
42.37202895072103
42.53657734968647
42.53657734968647
42.62356791931384
42.79629337844776
42.79629337844776
42.79629337844776
42.83930271360061
42.83930271360061
43.06345322788963
43.19164480956321
43.19164480956321
43.422735339496505
43.47151005705206
43.700505565071644
43.90292435308055
44.04772948503477
44.21311033032117
44.31422192666761
44.31422192666761
44.356131398584495
44.38745180272753
44.38745180272753
44.38745180272753
44.463996807904486
44.463996807904486
44.6105571722838
45.03716825900934
45.0958814835339
45.0958814835339
45.1849497948424
45.53362289029793
45.53362289029793
45.54146983609717
45.54146983609717
45.54146983609717
45.54146983609717
45.5755667557603
45.5755667557603
45.60130128613989
45.60130128613989
45.794474196528604
45.79474845357647
45.79474845357647
45.9824348968031
45.9824348968031
45.9824348968031
46.00451077762141
46.00451077762141
46.05862452572085
46.271408195284955
46.37718465431849
46.37718465431849
46.49073068021794
46.62233800110814
46.79853604497196
46.80375658956153
46.90959083176214
46.90959083176214
47.07931138464358
47.14713065615298
47.14713065615298
47.19156192345019
47.29552606854459
47.31877921236264
47.31877921236264
47.4570560335619
47.617622309526965
47.76055009422184
47.76055009422184
47.76055009422184
47.76055009422184
47.76055009422184
47.77457377549786
47.80909855766441
47.94751012418924
48.08343374072916
48.08343374072916
48.145948118575966
48.238052126897365
48.238052126897365
48.26666146262079
48.283151754415364
48.41870668064828
48.41870668064828
48.509422560022585
48.509422560022585
48.509422560022585
48.88304101643627
48.999835003348544
48.999835003348544
49.008764346993196
49.008764346993196
49.188687748355264
49.49805502581755
49.49805502581755
49.49805502581755
49.750633994862085
49.818059102124806
49.87379260057484
49.890565722781886
49.951314513487254
50.00863441497307
50.00863441497307
50.21033116271927
50.28903383301981
50.49793297306732
50.49793297306732
50.53862606721966
50.53862606721966
50.53862606721966
50.53862606721966
50.53862606721966
50.53862606721966
50.59362002049255
50.59362002049255
50.6885902693515
50.6885902693515
50.6885902693515
50.6885902693515
50.6885902693515
50.85092189225684
50.85503066547351
50.85503066547351
51.20508991529437
51.314455152572066
51.314455152572066
51.40668636898625
51.48444670270055
51.60815409186201
51.7123166515194
51.7123166515194
51.7123166515194
51.90628821080331
51.985637809312095
52.08202663209459
52.08202663209459
52.08202663209459
52.16189922427206
52.16189922427206
52.16189922427206
52.33600417030376
52.41170510040302
52.41170510040302
52.67852398194093
52.67852398194093
52.87012609040512
52.87012609040512
52.87012609040512
52.960422304567125
53.0357341608758
53.069884171133936
53.069884171133936
53.069884171133936
53.069884171133936
53.069884171133936
53.3609484080255
53.3609484080255
53.3609484080255
53.50449345078701
53.50449345078701
53.524464473924546
53.56569479935088
53.62505887872085
53.71524285873232
53.81792517390066
53.81792517390066
53.84677280242472
53.95507592532247
53.991745965979284
53.991745965979284
54.10322062850128
54.10322062850128
54.10322062850128
54.10322062850128
54.16538425352119
54.16538425352119
54.180998689268854
54.180998689268854
54.35973132019215
54.35973132019215
54.58941353380238
54.818497836590765
55.16310792392105
55.22367160764027
55.22367160764027
55.377758158849495
55.377758158849495
55.55195964275566
55.56982948346836
55.71685694007531
55.799069661535164
55.799069661535164
55.799069661535164
55.799069661535164
56.03306408085231
56.03306408085231
56.07524518205742
56.07524518205742
56.09874024681195
56.24462081779626
56.24462081779626
56.27681121964468
56.30544927371741
56.455641552744886
56.455641552744886
56.499161164482764
56.499161164482764
56.499161164482764
56.539603977275455
56.539603977275455
56.68368152798247
56.68368152798247
56.68368152798247
56.70936458927591
57.03749578574294
57.03749578574294
57.03749578574294
57.03749578574294
57.14202157350553
57.14202157350553
57.18622776807725
57.18622776807725
57.25316469145881
57.3668221652279
57.48780262161096
57.60994207604993
57.684304342389005
57.684304342389005
57.86703334609912
57.997549596811204
58.06485706995724
58.06485706995724
58.25407543858433
58.28749994073524
58.39605004094333
58.39605004094333
58.43008157192815
58.60947347849086
58.699252250327646
58.761086992055446
58.83961444944522
58.976431319562984
58.976431319562984
58.976431319562984
58.976431319562984
59.266210161772996
59.475411131915855
59.475411131915855
59.64911829948254
59.64911829948254
59.64911829948254
59.74388689671236
59.80902700543052
60.075910069928746
60.075910069928746
60.075910069928746
60.075910069928746
60.075910069928746
60.16204555909819
60.16204555909819
60.16204555909819
60.16204555909819
60.21380898463135
60.21380898463135
60.21380898463135
60.21380898463135
60.361263817853335
60.68183005933633
60.68183005933633
60.68183005933633
60.68183005933633
60.68183005933633
60.736776850452905
60.810623385853845
60.90585494387713
60.90585494387713
60.90585494387713
60.90585494387713
60.90585494387713
60.96805614371099
60.96805614371099
61.024855632016745
61.024855632016745
61.024855632016745
61.02824582119685
61.171703256048815
61.171703256048815
61.171703256048815
61.171703256048815
61.28228997445188
61.28228997445188
61.35406478240702
61.35406478240702
61.51641342629017
61.58299594673535
61.58299594673535
61.58299594673535
61.58326951545391
61.59838361527139
61.59838361527139
61.752027727229
61.752027727229
61.752027727229
61.78874384727413
61.78874384727413
61.78874384727413
61.78874384727413
61.78874384727413
61.78874384727413
61.87649655389699
61.99084603871799
61.99084603871799
61.99084603871799
62.14019650806625
62.14019650806625
62.14019650806625
62.14019650806625
62.14019650806625
62.20816173313681
62.25953892950321
62.25953892950321
62.25953892950321
62.38710002357551
62.38710002357551
62.508405663347915
62.508405663347915
62.61495152718091
62.61495152718091
62.61495152718091
62.61495152718091
62.61495152718091
62.61495152718091
62.69862634364797
62.69862634364797
62.69862634364797
62.69862634364797
62.77273125399057
62.77273125399057
62.78170447600345
62.78170447600345
62.865160558527116
62.865160558527116
62.865160558527116
62.865160558527116
62.865160558527116
62.865160558527116
62.865160558527116
62.865160558527116
62.865160558527116
62.9813381407793
62.9813381407793
63.07469981561018
63.09820894818734
63.09820894818734
63.176795428554534
63.176795428554534
63.41435287216644
63.41435287216644
63.41435287216644
63.43454690885343
63.568384106154575
63.61451821924824
63.61451821924824
63.61451821924824
63.73732280357301
63.73732280357301
63.757337747301904
63.757337747301904
63.757337747301904
63.757337747301904
63.77341747720556
63.92002336116007
63.92002336116007
63.92002336116007
63.92002336116007
63.956718058813934
63.969709216818075
63.97001761606418
63.97001761606418
63.97001761606418
64.011609744592
64.02405120884323
64.10950492665805
64.157442653901
64.157442653901
64.157442653901
64.22453778371082
64.22453778371082
64.22453778371082
64.22453778371082
64.30684105408899
64.30684105408899
64.31274132881738
64.34675381373575
64.34675381373575
64.50206891455466
64.50206891455466
64.50206891455466
64.53323509564395
64.53323509564395
64.53323509564395
64.53323509564395
64.53323509564395
64.535501540109
64.535501540109
64.57500235230289
64.57500235230289
64.57500235230289
64.57500235230289
64.58265403294628
64.58265403294628
64.58265403294628
64.62454785174046
64.85532380139927
64.85532380139927
64.85532380139927
64.85532380139927
64.97063669891213
65.25322601284604
65.30672131922941
65.30672131922941
65.3293195394785
65.3293195394785
65.3293195394785
65.37940841341582
65.37940841341582
65.37940841341582
65.37940841341582
65.42402754633088
65.47829237362393
65.49494565328283
65.49494565328283
65.49494565328283
65.49494565328283
65.49967408865946
65.49967408865946
65.52839848567089
65.52839848567089
65.52839848567089
65.52839848567089
65.65975839308805
65.66376479591379
65.66376479591379
65.66376479591379
65.66376479591379
65.66376479591379
65.66376479591379
65.67960168286562
65.67960168286562
65.67960168286562
65.67960168286562
65.79269831057717
65.79269831057717
65.8721145570141
65.8721145570141
65.87509895408662
65.87509895408662
65.95613232241043
66.01793838932562
66.0725860849195
66.09967463134424
66.14008153266077
66.14008153266077
66.22801189537087
66.22801189537087
66.22801189537087
66.26628315509271
66.3115899532519
66.31930211197054
66.411218064582
66.411218064582
66.411218064582
66.411218064582
66.411218064582
66.411218064582
66.411218064582
66.411218064582
66.411218064582
66.43094226150255
66.43094226150255
66.43094226150255
66.43094226150255
66.45788354259541
66.4980093381076
66.4980093381076
66.51426154615206
66.54960876722049
66.54960876722049
66.54960876722049
66.54960876722049
66.54960876722049
66.54960876722049
66.54960876722049
66.6276422369468
66.6276422369468
66.6276422369468
66.69300592453123
66.69300592453123
66.69300592453123
66.69300592453123
66.69300592453123
66.69300592453123
66.69300592453123
66.71964931704584
66.71964931704584
66.71964931704584
66.71964931704584
66.72815846983606
66.72815846983606
66.73999163808658
66.81511910742613
66.81511910742613
66.81511910742613
66.81511910742613
66.81511910742613
66.81511910742613
66.85235887173164
66.85235887173164
66.85235887173164
66.85235887173164
66.85235887173164
66.99983225145509
67.18070025524486
67.25602363954434
67.25602363954434
67.25602363954434
67.25602363954434
67.25602363954434
67.25602363954434
67.25602363954434
67.25602363954434
67.25602363954434
67.27772452345576
67.27772452345576
67.27772452345576
67.29223278243936
67.329811972795
67.4764794844738
67.4764794844738
67.4764794844738
67.4764794844738
67.49854488985349
67.525322918533
67.577746896329
67.61712186962957
67.70628430604238
67.71720992630974
67.71720992630974
67.71720992630974
67.71720992630974
67.71720992630974
67.84078740502247
67.84078740502247
67.88195445634103
67.91057713335124
67.91057713335124
67.91057713335124
67.91057713335124
67.91057713335124
67.99171405409248
68.03101731223842
68.03101731223842
68.03101731223842
68.03101731223842
68.03101731223842
68.03101731223842
68.03101731223842
68.0763985412369
68.32057571728157
68.43332800810667
68.57422107173313
68.57422107173313
68.57422107173313
68.57422107173313
68.57422107173313
68.57422107173313
68.64562626960932
68.64562626960932
68.71606672327974
68.71606672327974
68.71606672327974
68.79319631245555
68.79319631245555
68.81885103938103
68.81885103938103
68.81885103938103
68.81885103938103
68.86298160671447
68.86298160671447
68.98857752160691
68.98857752160691
69.34285178485642
69.372582983737
69.372582983737
69.38501833783283
69.38501833783283
69.38501833783283
69.46058722409829
69.51276229132374
69.6418734948645
69.6418734948645
69.6418734948645
69.6418734948645
69.72327873769672
69.72327873769672
69.72327873769672
69.74507596142426
69.74507596142426
69.74507596142426
69.74507596142426
69.81488284088955
69.81488284088955
69.81488284088955
69.92081963457976
70.01024464450332
70.0251338636797
70.0251338636797
70.09419156623984
70.17292786891309
70.17292786891309
70.17292786891309
70.17292786891309
70.33766038475316
70.33766038475316
70.33766038475316
70.33766038475316
70.44698190745235
70.4553936771182
70.58057259702497
70.58057259702497
70.58057259702497
70.70733370344482
70.73767223311921
70.74889076552864
70.77377381892552
70.77377381892552
70.77377381892552
70.77377381892552
70.77377381892552
70.92566522930092
70.92566522930092
70.92566522930092
71.06717403881633
71.24601490625665
71.33084848242514
71.42817679288811
71.42817679288811
71.42817679288811
71.42817679288811
71.42817679288811
71.42817679288811
71.48885509023694
71.54369242920558
71.61429612360097
71.61429612360097
71.67221533944242
71.67221533944242
71.67221533944242
71.67221533944242
71.67221533944242
71.67707208145008
71.71926737129783
71.74323438825839
71.77692489652779
71.77692489652779
71.77692489652779
71.77692489652779
71.77692489652779
71.77692489652779
71.82382311683142
71.85655863501783
71.85655863501783
71.94602065296743
72.0395284854539
72.0395284854539
72.06072448941751
72.12063725365874
72.12063725365874
72.12063725365874
72.12063725365874
72.12063725365874
72.12063725365874
72.12063725365874
72.12063725365874
72.12063725365874
72.13344498531112
72.13344498531112
72.13344498531112
72.20885454064292
72.20885454064292
72.20885454064292
72.20885454064292
72.20885454064292
72.20885454064292
72.34098094969724
72.3998905991954
72.3998905991954
72.40894597776183
72.46872052699831
72.46872052699831
72.46872052699831
72.46872052699831
72.50903380172855
72.50903380172855
72.50903380172855
72.50903380172855
72.50903380172855
72.50903380172855
72.50903380172855
72.6464422207698
72.69864502411691
72.69864502411691
72.69864502411691
72.69864502411691
72.75664547246834
72.75664547246834
72.75877362824461
72.87008562752
72.95182384629783
72.95182384629783
73.08491432392586
73.128043799537
73.128043799537
73.128043799537
73.22504554438186
73.22504554438186
73.36006510610461
73.36006510610461
73.36006510610461
73.36006510610461
73.45454591979467
73.53165075775051
73.74608231076225
73.74608231076225
73.74608231076225
73.74608231076225
73.74608231076225
73.78398439176766
73.78398439176766
73.82374345381291
73.82374345381291
73.87315982021086
74.0812638633073
74.0812638633073
74.0812638633073
74.17864370256144
74.19950227420702
74.30822071156845
74.34272243016282
74.34272243016282
74.34272243016282
74.34272243016282
74.34272243016282
74.34786872269768
74.34786872269768
74.34786872269768
74.34786872269768
74.4163422929034
74.4163422929034
74.4163422929034
74.4163422929034
74.4380179143553
74.58210362819612
74.58210362819612
74.58210362819612
74.72015396626566
74.72015396626566
74.75475228444776
74.91105949763187
74.97104210647268
74.97104210647268
74.97104210647268
75.1239726530647
75.1239726530647
75.18024327911372
75.18024327911372
75.28172829448901
75.28172829448901
75.28172829448901
75.42384231295797
75.42384231295797
75.42384231295797
75.42384231295797
75.55781566092257
75.55781566092257
75.55781566092257
75.60196278513578
75.63664783021288
75.6757924710816
75.6757924710816
75.6757924710816
75.6757924710816
75.84712445726859
75.84712445726859
75.91690228707665
