0.7221303456826644
1.1683541006282567
1.7492977908064606
2.5795825924825464
3.154789149720756
3.9510579952722598
4.689958004141858
5.091658157174712
5.609298125054206
5.708883176903631
6.266482906966067
6.744217275291864
7.0939545509504836
7.463506536700831
8.046745355729064
8.556584691385321
8.88328925263606
9.230240283711561
9.781544786286398
10.329649051678995
10.729009699498716
11.085380532794515
11.563097454744614
12.392240614247251
12.877601491101988
13.008158403126131
13.335278130362415
13.877242286077552
14.04849170937467
14.46990053600199
14.853836146468788
14.97751324906225
15.446384273170304
15.94517313818796
16.358940215919404
16.943212683126212
17.36766048085921
17.987820815694754
18.452058138779616
18.812892805697246
19.0725410799222
19.32762975086911
19.42273889641978
19.878612090068053
20.34094972260352
20.789359877126195
20.789359877126195
21.037610338033062
21.650572569211267
21.756614808055623
21.769316623202133
22.022397171474406
22.03651608113697
22.29408791391294
22.58314920705243
22.755238228566697
23.099893355717754
23.60145796812381
24.356401556306448
24.63245976051377
25.248816690600023
25.53846947054924
25.87045689808292
26.04235697054485
26.616467169364928
27.052352114617854
27.348159277684978
27.702025238608886
28.064062668389067
28.457241017823154
28.650180304985675
29.182612169002816
29.44465641055254
29.686984859078912
30.393644080570017
30.829422322465234
31.01166361051355
31.260950748042525
31.831278704221667
32.578095697218
33.188526302605105
33.56114858257658
34.018302649381845
34.50921431715557
34.83730545055853
35.220461439862596
35.33411226805674
35.512254821804675
35.953537484113795
36.05622391155516
36.170551758307
36.851161118186226
37.26726456404749
37.93426209611913
38.30181988137909
38.32105482141161
38.481663916310374
38.69435342217145
39.140967941637975
39.6847990013674
40.0428348840481
40.58749186957334
41.21352897092842
41.95631237146778
42.192893509969124
42.50253410992883
43.21740940112772
43.463359933264705
43.882782626965955
44.206894150264525
44.57447847510057
44.99514664729725
45.64361985334987
46.348053892278124
47.06379835172882
47.515265095026386
47.84380114585618
47.99269226540937
48.527142870209154
48.89968352568059
49.264068795412285
49.46327861768922
49.810622971202655
50.10802003660236
50.123443681174464
50.54637818182432
50.95081358380581
51.40153393208656
51.74662470760369
51.99049383391347
52.494538187848555
52.707765622570555
53.03573371895098
53.30022656027354
53.70765521712444
53.90480685718519
54.33544216442946
54.588759248875256
54.89780097541099
55.35232069603707
55.93594614523693
55.9799071068473
56.396103247342886
56.87685856720266
56.98212022546782
57.01144762102744
57.15886176244145
57.49184546648992
57.72209359860544
58.301340916736464
58.60399030336542
58.901772892129664
59.256095279289546
59.508889721472535
59.931555431999634
60.389100012246985
60.69497073178713
60.855534890653644
61.41033103639844
61.69469056035796
62.22964878488856
62.333621171399855
62.84301418710946
63.540947264559875
63.79206352051149
63.79206352051149
64.03067101641578
64.24936096354506
64.35836604426044
64.50295799632951
64.57893087663197
65.03206487540557
65.0750350812552
65.0750350812552
65.22175841730338
65.43815565063296
65.43815565063296
65.62116130384393
65.9238975432542
66.21414085044408
66.49389946245462
66.49389946245462
66.73263060313374
66.87646598395196
67.19373482466239
67.606150414748
67.92029230914012
68.15095159251163
68.28391690996027
68.34833204032964
68.44029705239674
68.7711525837927
69.01338867129789
69.502233133895
69.68635475167892
69.89718128253583
70.16612965353137
70.58348973548837
70.7204750758298
71.19739320572332
71.46045053419877
72.01660610905158
72.34743468605565
72.49185712110638
72.87416231287759
73.1597764478903
73.44717325670193
73.44717325670193
73.66403513458958
74.04174439214701
74.43674139768254
74.52831556596475
74.65753014253379
74.90608402723437
75.36849847278343
75.59536792148769
75.87389298431556
76.38531530712116
76.56856101777046
76.70657114047818
76.70657114047818
77.32807108885012
77.57198431642703
77.57198431642703
78.09465408972315
78.29188548674786
78.70760790607
78.96610808219049
79.0592998445123
79.38169001297699
79.6091214453415
79.75390486031479
79.94564465889299
79.94564465889299
80.32822097274394
80.76031331600683
81.21496943679361
81.23605152233014
81.43938033725455
81.62712903941343
81.88467419001194
82.20575521384626
82.32131352628392
82.56311797268005
82.77171299349726
82.77171299349726
82.883286435092
82.99111248004745
83.4824171095185
83.50901502583906
83.87053543812307
84.34677564507001
84.78547939803475
85.27689793093539
85.40276671316548
85.96601473244846
85.96601473244846
86.25177474977615
86.54327433556162
86.70233802724101
86.70233802724101
87.25859016524342
87.82112966721485
88.28945980240914
88.29403346830149
89.0410692063051
89.48170879008866
89.92101981790373
90.17357221617303
90.5188279728789
90.91936747986925
91.19221321377405
91.52819072798172
91.96011877559157
92.14017649576127
93.02214774792675
93.81053526447661
94.040083228604
94.30843863877222
94.57167451962357
95.2473199232465
95.6770602640296
96.18105612474929
96.67422985878916
96.7270952853225
97.62444604352648
97.94565118499672
98.24947350946651
98.48228444594848
98.92519905994432
99.49596460852935
99.54512880302158
99.9311075248654
100.25759705843687
100.56661930222926
100.82662923690287
101.15208053260481
101.88544907609369
102.40901191645762
102.83012213757453
102.96592167180582
103.47869926550013
103.93515853353573
104.21086495641015
104.92861004968458
105.63175797694488
105.84151374115652
106.08219050462795
106.08219050462795
106.61964585393706
106.76561858513426
106.76561858513426
106.98842834440714
107.35396967643005
107.50587601968265
107.80649752672603
108.01943323192138
108.42314223802742
108.7547368517951
108.92475747018126
109.35462474228737
109.49205515559848
109.6705474283964
110.03286727540602
110.2210664652015
110.28734593343535
110.34412880798521
110.73704551990083
110.8843450844897
111.39910641406172
111.89108421141471
111.89108421141471
111.89108421141471
111.89108421141471
111.89108421141471
112.07119755552442
112.22075269949035
112.28992760815024
112.48823592288139
112.77493924975082
113.44072864030734
113.82362131141416
114.05321161320798
114.40222775030838
114.64383645676476
114.99166626005456
115.50511008585082
115.78064610739165
116.14852043817424
116.95643081935344
116.95643081935344
117.01769595523795
117.11535468588593
117.11535468588593
117.71522225590337
118.04834011382738
118.41883340534841
119.03452118910266
119.36642589990797
119.59218579274709
119.71800763400306
119.89293469560265
120.3979206134844
120.79647232362207
121.25263644388957
121.46935628686158
121.70471395474182
122.2392804859213
122.61105920545431
122.61105920545431
122.77386132238023
123.03128365326123
123.03928796224815
123.13796535203976
123.20702279039214
123.42204351348984
123.42204351348984
123.7721735744206
123.90922817916018
124.341867778051
124.84336901983886
125.26867834062746
125.7702709513183
126.05613434745591
126.27397276282058
126.27397276282058
126.45842334028443
126.45842334028443
127.01211371563618
127.25922443361776
127.44094483226183
127.60887659049574
128.13927740259277
128.82869120437653
129.29946915466414
129.69705530673127
129.87864358731875
130.2581819930041
130.87107222943078
131.16355833042937
131.16355833042937
131.57959811504733
131.58905346575293
131.75924189263895
131.75924189263895
131.9874213992185
132.13654659488793
132.13654659488793
132.3471308627354
132.3471308627354
132.57100753439119
132.84952137407083
132.84952137407083
132.84952137407083
132.84952137407083
133.06297615782853
133.13346512530438
133.39981729250053
133.67690964768096
133.7707167200022
134.1584257834371
134.203576516576
134.22982860589133
134.22982860589133
134.22982860589133
134.4443823416585
134.8229127372745
135.08602459710286
135.30968871878193
135.54473498198863
135.5794831068492
135.5794831068492
135.85223723408538
136.04818538137476
136.18376550852173
136.22110431400188
136.67561671040974
136.81930671288944
137.33481335767434
137.33481335767434
137.4617808274414
137.93701778738154
137.95761578747036
138.13888499372774
138.2993264130612
138.61245308964052
139.03237444193516
139.1860108942998
139.4499157387589
139.6836270868394
139.76338207996224
140.26269268397965
140.859525971643
140.859525971643
141.21402836565147
141.40176751068844
141.84313701338186
142.13033821038945
142.30069686882456
142.45259075455965
142.74620824745745
142.74620824745745
142.74620824745745
142.9625427166489
142.9892717461803
143.01672337103392
143.01672337103392
143.276613996429
143.51427053116134
143.68275500767217
143.88945871442309
144.17176713553627
144.4582669714295
144.7807196052309
145.1518406777841
145.3759245643941
145.4664460054692
145.7220342795969
146.01458787858937
146.36285033737295
146.6743451151268
146.70540813870898
146.8939308674225
147.21589034669526
147.64189357557225
147.72334287644173
147.9318938681245
148.14044659637037
148.29895731767718
148.5116734504788
148.78569901257308
149.30538054698644
149.41769196482142
149.41769196482142
149.44344601230648
149.60748803619194
149.77837398897677
150.04250914285063
150.22612918078227
150.60705478412805
151.0027906324776
151.3007743630502
151.46630906268817
151.89330181508333
151.8949656697124
152.16554056586833
152.75438969082398
153.01476798685565
153.45250063780801
153.66924035391236
153.9523957615791
154.26223876052222
154.45624496889602
154.90647935182292
155.228641060029
155.228641060029
155.5924838492753
156.0816254766253
156.0909542618746
156.0909542618746
156.64973618444623
156.98154507356693
157.04130145698466
157.5189727337269
157.7966374213437
158.22142373536795
158.4421134293385
158.98212277485086
159.2488335638735
159.6871111650034
159.9196950018674
160.16957686354587
160.3606705359155
160.72026223394778
161.00913025512202
161.78850925865
162.38251492436746
162.63474192613174
162.75266305753578
163.06718842236376
163.52238801864155
164.05876935995371
164.0587901322923
164.21680709111044
164.35286032804788
164.62482585699635
164.68124447817476
164.84553860954887
164.99246467554468
165.4430978642712
165.4430978642712
165.5797760586257
165.77371476648858
165.8725048012453
166.3154100487945
166.3154100487945
166.42769905856662
166.61367523244476
166.61367523244476
166.77716382135105
167.03251755467787
167.57746938062579
167.57746938062579
167.65720832021353
167.7164128754892
167.9018340371284
168.2879054735393
168.5596670027703
168.64805069764853
169.23915101462265
169.49667872840143
169.84517412659358
169.8528137068498
169.8528137068498
169.8528137068498
169.9044210758027
169.9044210758027
170.07500935729243
170.34029146522252
170.34040780689622
170.58814203908005
170.5996416336251
170.5996416336251
170.93580444799346
171.11639217139776
171.30230227082757
171.31168403076646
171.31168403076646
171.7877506664886
172.10462961151129
172.1417401815007
172.49240896663116
172.50683871919767
172.6090146849867
172.66834983552215
173.04343531040197
173.29238122555356
173.61088925142187
173.96688426891438
174.11529136886665
174.3356054439419
174.42548144704247
174.42548144704247
174.71027407371426
174.8098879925102
174.8098879925102
174.95182886959947
175.1752820616968
175.1752820616968
175.32329929607243
175.61549942453337
175.73089075861853
176.16584838311286
176.16584838311286
176.38528705396666
176.38528705396666
176.38528705396666
176.55435492003642
176.8150915593259
176.9452909149785
177.08721414068614
177.08721414068614
177.26996082965022
177.26996082965022
177.26996082965022
177.42680197390968
177.42680197390968
177.64486579789806
177.87527061138414
177.91851142055285
177.91851142055285
178.1364939970006
178.1364939970006
178.4409313384878
178.50566545844038
178.74538804964683
178.84855440539812
179.03653253529643
179.0557056191528
179.23317750900858
179.67301802624664
179.67301802624664
179.67301802624664
180.03168612070155
180.09276916489586
180.13923465647457
180.13923465647457
180.13923465647457
180.13923465647457
180.37121723859434
180.37121723859434
180.37768150466502
180.47151343929423
180.5382949710847
180.59762040079403
180.6643892893347
180.89136849346232
180.89136849346232
180.9527522060355
181.0728705113429
181.16859492408236
181.42951716627996
181.50744456910206
181.50744456910206
181.61893341631963
182.1366701204043
182.43793249225533
182.63666131967773
182.63666131967773
182.76634836419612
182.92914069588556
183.12511075830625
183.2480524423464
183.2480524423464
183.43390259665406
183.58619169735172
183.80311154045054
183.90425665565863
184.06433691909083
184.1053195579828
184.1813868188292
184.4216518612725
184.4216518612725
184.80635837087684
184.8328926245561
185.3445503626866
185.549704632918
185.75028775661755
185.7506938802588
185.9983290654771
186.05697839425855
186.2721608062068
186.3464346527843
186.39517657044075
186.70822327668245
186.70822327668245
186.70822327668245
186.87674076724488
187.12494473599028
187.12494473599028
187.32643682423358
187.32643682423358
187.3330166709515
187.41295868541374
187.47063675862003
187.52068240521425
187.602065322642
187.602065322642
187.897601838761
187.93887697021486
187.94332391013265
188.04347189406224
188.13176044982328
188.27484691399334
188.27484691399334
188.7699387604906
189.13633999943391
189.27908800245834
189.38366230967085
189.38366230967085
189.38366230967085
189.482147998876
189.6574165689634
189.70106276392937
190.0603441656331
190.0603441656331
190.2251359354007
190.2251359354007
190.43259574906168
190.54657815441854
190.54657815441854
190.6738287809315
190.87586497609112
190.87586497609112
191.1817395526224
191.39353152861327
191.39506900998347
191.77025049498434
192.07217398126798
192.24490975821783
192.4418742987323
192.46677736617582
192.61280594702973
192.72435459766814
192.81561607810846
193.14001014953354
193.14001014953354
193.218407071032
193.36776105112716
193.6016231127783
193.74689954442525
193.74689954442525
194.14161367614167
194.23051742465813
194.26518859560886
194.50717395556205
194.50717395556205
194.5809616434785
194.67796515099784
194.74567042791034
194.82725417196906
194.85012608232532
194.9191635337905
194.9191635337905
195.11050255856023
195.2477614665747
195.2477614665747
195.2477614665747
195.36914543822306
195.4204392848929
195.60988393064775
195.9491219390025
195.9491219390025
195.9491219390025
196.20075014530704
196.20075014530704
196.54079718502027
196.85826547967477
196.90392969745844
197.2099070080369
197.44398556255487
197.44398556255487
197.7794891394474
197.87430677118897
198.23915306272443
198.4571027751461
198.52405972881454
198.52405972881454
198.93215243034624
198.99475196988217
198.99475196988217
199.11403509346619
199.21624023386082
199.31880169667718
199.3729492639693
199.56598091128149
199.56598091128149
199.56598091128149
199.56598091128149
199.56598091128149
199.5695818349833
199.5695818349833
199.5695818349833
199.5695818349833
199.7911425890111
200.13531239269867
200.54299161236983
200.6555498012793
200.6555498012793
201.03344697863184
201.03344697863184
201.03344697863184
201.06003212375862
201.33998224721512
201.33998224721512
201.33998224721512
201.49994985692317
201.49994985692317
201.98774464181076
202.20829120862405
202.34849320947046
202.61350030247561
202.88717460670586
203.26889538219248
203.26889538219248
203.49333856567532
203.5178503682293
203.71238118149603
203.71893830710712
203.98571557750003
204.14178246879834
204.20800466801205
204.43047785426222
204.43047785426222
204.74444875860402
204.74444875860402
204.85290015512024
204.92030978086547
204.97092111849443
204.97092111849443
205.19022067417907
205.19022067417907
205.19022067417907
205.3469365992368
205.3469365992368
205.3469365992368
205.622277467568
205.9664008462355
206.06132976336013
206.2414779170213
206.2414779170213
206.44346689743594
206.44346689743594
206.48787090017544
206.62288407925814
206.62365365806903
206.62365365806903
206.62532786131223
206.65045869480218
206.65045869480218
206.68530585851684
206.78793637985018
206.8852485504562
206.8852485504562
206.8852485504562
206.98567147200114
207.01112018857037
207.25672940924858
207.44735355888662
207.45151270599197
207.5552482817023
207.84357869510902
207.84357869510902
207.92864306143105
208.06350297704594
208.16799639147237
208.36068735743385
208.36420734140404
208.45750173234987
208.45750173234987
208.5866477305715
208.67866296480526
208.978932829519
209.24542981356072
209.24542981356072
209.34359009579026
209.3773756471528
209.6982635996506
209.85719746617318
210.012453901933
210.012453901933
210.03819488649023
210.11015045888146
210.20250082717584
210.20250082717584
210.20250082717584
210.20250082717584
210.37015255565947
210.37015255565947
210.37015255565947
210.53956820389993
210.53956820389993
210.6498008702069
210.6498008702069
210.82396489414572
211.00788011886226
211.1106118892864
211.1106118892864
211.16093607895465
211.30622956089334
211.30622956089334
211.30622956089334
211.30622956089334
211.30622956089334
211.43025942015126
211.43025942015126
211.59242529638024
211.8874969491156
211.8874969491156
212.03195451649913
212.07353714218692
212.20519105825642
212.20519105825642
212.22420564840473
212.35800342523308
212.59152749546493
212.59152749546493
212.74033478826345
212.74033478826345
212.87562480051827
213.21900384654086
213.40922576140503
213.5354634467851
213.61187740948532
213.64531177358336
213.69211658537537
213.81926524657064
213.81926524657064
213.81926524657064
213.85656792347243
213.8626290365244
213.8626290365244
213.95822778194474
214.06840771726934
214.06840771726934
214.06840771726934
214.06840771726934
214.06840771726934
214.06840771726934
214.06840771726934
214.25701563975272
214.48848384411966
214.48848384411966
214.48848384411966
214.48848384411966
214.48848384411966
214.48848384411966
214.5722639614094
214.5722639614094
214.76826719079546
215.0478128985692
215.06221570214237
215.12809340510418
215.12809340510418
215.12809340510418
215.34430105278892
215.34430105278892
215.5832868090798
215.60633673467038
215.70510895642076
215.806739836686
215.83003471027655
215.87202127833743
215.9347903993763
215.953246506016
215.953246506016
216.06172415206257
216.06172415206257
216.06172415206257
216.19036748469787
216.28726098476744
216.32431300643447
216.32431300643447
216.32431300643447
216.32431300643447
216.32431300643447
216.32431300643447
216.35759030061521
216.44260352650005
216.53371891860337
216.53371891860337
216.53371891860337
216.53371891860337
216.53371891860337
216.69717774050858
216.69717774050858
216.8491635206781
216.8491635206781
216.8491635206781
216.8974242877852
