0.586089006908861
1.09567840056914
1.5145776529135353
1.8677217842312173
2.570941468870405
2.805062062027803
3.0432681065485503
3.539552779171414
3.69759049537084
4.035148043389388
4.247156731092761
4.5868354096234265
4.615510649095319
4.721470903749077
5.033298748659996
5.261945581942185
5.4778929540005
5.4778929540005
6.273651091211542
6.566155313387078
6.8039727382130755
6.990334502280808
7.5503417692363035
7.692923544103946
8.308353636640685
8.535826940406544
9.148829965798555
9.602220194264307
10.21681689692542
10.524535078913472
11.13383171298265
11.579009122117844
11.67346133772192
12.159042560461511
12.394553707331427
12.697338506398975
12.697338506398975
12.814828770832483
13.146621636309701
13.51225482973728
14.006227615939483
14.556486049062624
14.931969281792483
15.47915834398495
15.945303268042387
16.37028135528544
16.84252664203859
17.008550538536532
17.250205130742653
17.62470208627688
18.07182134929348
18.608811271325827
18.65941200289249
19.019031834780524
19.43049405279599
19.43049405279599
19.928821824919005
20.44261324604385
20.611763064859264
20.888597245107643
20.91459395633571
21.488607592711375
21.754871390123668
21.984204761509336
22.37954724574948
22.681701268982142
23.415231556867877
23.836482668003956
23.960608498564337
24.36326109287931
24.661990123265124
24.954537007431526
25.017459738263767
25.20906409663692
25.424010773588773
25.70975744724928
25.765850355614063
26.168746494642924
26.637001958422253
27.290449169728006
27.669935205132045
27.786872235573
28.03067313848777
28.144712068364058
28.62393031680229
29.06062835442113
29.844926752487662
29.844926752487662
29.949894216295885
30.29075614956309
30.950444825739055
31.15720950592711
31.411079121942752
31.411079121942752
31.695829465905053
32.09238342651635
32.67605914904901
33.15397004471776
33.34881914370354
33.62963870244274
33.85396637629837
34.29242485201796
34.49632480777624
34.49632480777624
34.62608373450165
34.70040183048056
35.19764687712449
35.19764687712449
35.19764687712449
35.599110899094526
35.7827831613578
35.996682504194716
36.26944981352001
36.789534201742775
37.27751692589074
37.483051426529414
37.74701276032567
38.199873680863966
38.3527074132942
38.77786578664167
39.12868242309223
39.15820656458054
39.15820656458054
39.15820656458054
39.5721014020007
39.923748205401104
39.99025933248797
40.273909027620626
40.445193504071035
40.74519048534185
40.971492360980584
41.1318874835669
42.09761884879199
42.21287576936998
42.31956532822936
42.529175250849526
42.70056067781133
43.203986206886874
43.516972780643094
43.544979776576334
43.81803552218535
43.939620964448885
44.37188007698724
44.709422620568205
44.95864695465784
45.828381818227385
45.97579542399668
46.27950857330213
46.574986121447814
47.08489980682174
47.21217860757723
47.488931550387974
48.31362727436329
48.52455692237939
48.88417186463073
49.244248911611635
49.75000578357218
49.804654021311386
49.836279478407896
50.134499729025194
50.46374296351571
50.5937124592638
50.74279285615848
51.17527643349804
51.3965470770649
51.91844152730985
51.99072129094974
52.23782799340062
52.37529608038
52.91237952777651
53.246080123492945
53.67016429554707
53.85661323221562
53.896879103361414
54.38564005581961
54.9736069247944
54.9736069247944
55.22475824469379
55.5229986518687
55.85551474861361
56.19616711664638
56.47735955100711
56.81563634277084
57.132102416413936
57.52969946034079
57.761639879229826
57.90790785253018
58.331026738347674
58.64924953386953
58.85118207589531
59.31123171307336
59.54965987563321
59.58907863053813
59.58907863053813
60.09649566154987
60.24414121859305
60.74984019225254
60.80674058614154
60.99310223315116
61.3486446130702
61.4011089477192
61.46116214157237
61.5647284800735
61.711979603608
61.711979603608
61.73975729159734
62.149643474283934
62.281371280493246
62.281371280493246
62.360029248611625
62.360029248611625
62.91222063539618
63.09776976083504
63.32910368069602
63.32910368069602
63.69933871591816
63.69933871591816
63.940536564504264
63.96659289228266
64.35674753872185
64.72040093813598
64.72040093813598
64.86670854877885
65.02295317645539
65.16924708070007
65.52671222525356
65.73288413748357
65.75190344859564
65.88170904958076
66.03359743550034
66.17284145573996
66.23486470299267
66.669467282706
67.26113949075271
67.26649676579328
67.57489033938843
67.71018530016879
67.8725597333891
68.1386284002141
68.36199176240025
68.53288940406827
68.87864966011188
68.9804046897884
69.18783341952819
69.18783341952819
69.18783341952819
69.5877496101434
69.93285690678537
69.95065466429965
70.14968346893555
70.3422849528731
70.6026622138171
70.90717672982208
70.90717672982208
71.59749111206648
71.96132072246657
72.38068030626621
72.83391706958746
73.23527421086304
73.38971096710517
73.78085295643103
74.23470006456522
74.40429922886429
74.55598697646948
74.75335687457323
75.08815530728889
75.52905247762222
75.9201922793388
76.09564245486419
76.29594479382597
76.29594479382597
76.55170418840953
76.55170418840953
76.98367821968868
77.08310694067372
77.542486749331
77.69402654722124
77.87002009069509
78.22401633087809
78.35527672727868
78.4095301428201
78.82496807916894
78.99863263679234
78.99863263679234
79.21045499039529
79.4657148725412
79.4657148725412
79.95362730193237
80.33896417305127
80.58702759089321
81.04184215406377
81.67341905455032
81.91520712706627
82.0681090891692
82.21223849819154
82.52137856168132
82.60535229085004
82.64995749981261
82.85324110505671
83.19229356769763
83.6865468654918
83.93422703944972
84.29970107312616
84.29970107312616
84.3845683220782
84.76729684634374
84.76729684634374
85.11625910208153
85.66755022737645
85.98772800820208
86.20224264900972
86.38426829958884
86.9120654290809
87.32922886543047
87.68202027387267
88.01822704255503
88.09779347185187
88.35308933802995
88.71577040104903
89.24205175991837
89.67546294700036
89.80485405076789
89.93471194870583
89.94368813923086
89.94368813923086
90.08891503586558
90.48095295248709
91.1339411930631
91.18199705783101
91.27002518734933
91.73525754373274
91.99581023931164
91.99581023931164
92.67313267288546
93.24467297687953
93.42570754298501
93.75976647446495
93.83176227352175
93.94512564697875
94.57544592263181
94.92154972447781
94.95387100268402
94.99588503772142
94.99588503772142
95.15327968783
95.4274049163805
95.4274049163805
95.81222250297994
95.88226408195801
96.17965572721113
96.47106329624502
96.54198981856193
96.54198981856193
96.58096776479219
96.82661766036604
97.22420625916487
97.41223717773133
97.41223717773133
97.6912066294073
98.0042468797006
98.48921921743519
98.99592655894816
99.19162051537234
99.27338677667417
99.27338677667417
99.29165610827702
99.56514304159295
99.8649797159351
100.1698756839606
100.53891448087536
100.99345131986705
101.38113757545202
101.6085397215394
102.10067801103106
102.21030190599564
102.53449773738011
102.72171726356368
102.7951534618105
102.84321264631384
103.15962222965841
103.24051540333933
103.55647815562926
103.65510216616605
104.09963144927517
104.34613753605034
104.51741957571889
104.51741957571889
104.51741957571889
105.11709295834589
105.22309733844082
105.22309733844082
105.40326427429295
105.40326427429295
105.40326427429295
105.7085695449357
106.11340780710664
106.11340780710664
106.11340780710664
106.24945493535405
106.54737282939973
106.57739767217267
106.70229774186635
106.84031187020898
106.91825239982826
106.91825239982826
106.91825239982826
107.24641816098402
107.27593018961068
107.46998533323361
107.46998533323361
107.8128694624148
107.92291300718422
108.09591155142412
108.52285469222629
108.72971885324459
108.91691251505928
108.91691251505928
108.99289303803349
109.10909078292282
109.10909078292282
109.10909078292282
109.25316353523651
109.60142804534276
109.66595683119547
109.83469124314998
110.1185416905722
110.5463220702177
110.60172008247525
110.60172008247525
110.753481731557
110.82632172155218
110.82632172155218
111.13408495144171
111.13408495144171
111.34920440776774
111.39376356467137
111.39376356467137
111.52698511910688
111.52698511910688
111.78901942088912
111.98181549505821
111.98181549505821
112.08177526847508
112.21968356648118
112.37678826800484
112.37678826800484
112.37678826800484
112.37678826800484
112.38491844206604
112.47382306388583
112.47382306388583
112.71369377996932
113.03646333958784
113.123775083151
113.30253257292159
113.30253257292159
113.33853514582466
113.37090534524705
113.57190943738323
113.69241170157707
113.80723214344772
114.02206193925483
114.59212832836327
114.8727627894396
114.8727627894396
114.99285023104206
115.04866513334244
115.1493097784012
115.65412220083954
115.89317214184545
115.89317214184545
116.00342532866892
116.22164155092254
116.22934123530067
116.52799530085794
116.58941754021502
116.76891218369832
117.39969933824949
117.53505890404378
117.85590586532415
117.92823966558826
117.92823966558826
118.04323996209368
118.26324355455294
118.29146374509925
118.62119069409655
118.89050444239084
119.21888924587174
119.45640513685565
119.45640513685565
119.9320538527525
120.26581029761796
120.41048541368464
120.6701153181399
120.6701153181399
120.80883251955258
120.96462704863993
121.25028188962175
121.25136194565853
121.26389954477507
121.39693216883985
121.69059083175542
121.69059083175542
121.9376258586637
122.31060034712895
122.31060034712895
122.48959628731923
122.8056206005094
123.10371265590456
123.12141503716325
123.33527040480612
123.33527040480612
123.48428935889535
123.79866999537519
123.96548232653831
124.04698189610465
124.2585200069722
124.28607973038704
124.28607973038704
124.63809720040953
124.63809720040953
124.72009712021277
124.84658725601156
124.93581345554121
125.14987464285836
125.14987464285836
125.28653308960645
125.5565360675897
125.5565360675897
125.5565360675897
125.73727866087007
125.98493242459082
125.98493242459082
125.98493242459082
126.02513558386896
126.02513558386896
126.02513558386896
126.08893706073205
126.309728367656
126.40744311744415
126.64296521679593
126.64296521679593
126.64296521679593
126.64296521679593
126.72418644974547
126.81277830753585
126.81277830753585
126.81277830753585
126.83466403526683
126.94022664487892
127.29552971690194
127.29552971690194
127.36499427932601
127.48327410817805
127.55969374985004
127.55969374985004
127.58360721656695
127.58360721656695
127.58360721656695
127.58360721656695
127.74021383809425
127.74021383809425
128.11139420665162
128.2494726142525
128.35237972640667
128.60457417771565
128.8043940736317
128.8043940736317
128.8043940736317
129.02878616282354
129.02878616282354
129.02878616282354
129.1916616861031
129.2436085549437
129.2436085549437
129.28433686974557
129.28433686974557
129.4555380616417
129.75158586164724
129.85320553921818
129.94887969499874
129.9563959616662
129.9563959616662
129.9563959616662
130.0704462790607
130.129978198629
130.29014782124327
130.51417915187994
130.51417915187994
130.6106624445867
130.831751178417
131.09300195458826
131.14453323668016
131.6280377769902
131.83090382347913
131.95445062044809
131.95445062044809
132.012903048796
132.012903048796
132.11401762332267
132.3086586382857
132.3086586382857
132.49078129966628
132.62065664231412
132.62065664231412
132.7910122027666
133.01616161734697
133.21294483481233
133.21294483481233
133.23482719694326
133.23482719694326
133.23482719694326
133.48637862272946
133.51368644712792
133.51368644712792
133.52621262942583
133.52621262942583
133.735809613097
133.91999827538854
133.96973788086876
133.96973788086876
133.96973788086876
134.01435156456344
134.3061205371044
134.3061205371044
134.56904741040236
134.56904741040236
134.61650990418232
134.64611963542652
134.77052883668182
134.90501183996957
134.9119584739787
135.15948366789453
135.159605760105
135.159605760105
135.21019304138343
135.2161506487525
135.40107397129623
135.5726589870834
135.5726589870834
135.6726069799501
135.8847223332027
136.0316140726604
136.0316140726604
136.10023271732845
136.31450194363066
136.47082529754888
136.57814332310622
136.75599159964372
136.7607601543823
136.7607601543823
136.8820350323649
136.99776285354247
137.24999510466054
137.24999510466054
137.24999510466054
137.44379821368415
137.44379821368415
137.44379821368415
137.4919037936752
137.4919037936752
137.67689316226495
137.83885553906282
137.83885553906282
137.9364867061127
137.94981934805926
137.94981934805926
138.0957276357403
138.14036453416668
138.14036453416668
138.1644905697679
138.1644905697679
138.19031220383974
138.1914743188055
138.4735484541959
138.57871948867378
138.57871948867378
138.60510080980904
138.74629813781323
138.74629813781323
138.84635727615182
139.1102008280038
139.1102008280038
139.18200086582056
139.18200086582056
139.18200086582056
139.35859435609672
139.42143442220342
139.60395129388914
139.77879453402113
140.0029683042299
140.07364821942159
140.19323123468766
140.52259078464903
140.63615810815068
140.8382178581895
140.8382178581895
141.09831350699204
141.09831350699204
141.09831350699204
141.27783176885677
141.3711293586593
141.3711293586593
141.3711293586593
141.3711293586593
141.3711293586593
141.3711293586593
141.53329302063958
141.7188424300871
142.1384127228658
142.19164990444668
142.21180217228056
142.35306464517845
142.45200630029004
142.45200630029004
142.45200630029004
142.52613139039224
142.63641585278137
142.63641585278137
142.63641585278137
142.823502134858
143.02687690747044
143.0662252727833
143.18251502702964
143.18251502702964
143.30775628948516
143.4131777624462
143.4131777624462
143.52076392687795
143.52076392687795
143.73685277701648
143.74378111677814
143.8514527809857
144.03973728961077
144.05514269448554
144.0927969435606
144.0927969435606
144.0927969435606
144.0927969435606
144.22566203538852
144.22566203538852
144.34166145379737
144.34166145379737
144.34166145379737
144.3559099190454
144.45657355194612
144.55581943584644
144.5913526445357
144.5913526445357
144.5913526445357
144.71139194220572
144.75780390654555
144.83332869997574
144.9740541168902
144.9740541168902
145.10850764907482
145.267238414069
145.32253577310337
145.36962058250967
145.44477669280894
145.50806686783125
145.59836403620196
145.59836403620196
145.65669948432176
145.65669948432176
145.65669948432176
145.65669948432176
145.83425348024923
145.91240228003807
146.03311154744262
146.03311154744262
146.1860383692
146.1860383692
146.1860383692
146.28883415361742
146.28883415361742
146.37107345488795
146.52045357192918
146.52045357192918
146.57598524099325
146.57598524099325
146.57598524099325
146.57598524099325
146.60444820253883
146.73366580051405
146.79248238910537
146.79248238910537
146.79248238910537
146.79248238910537
146.8993838578636
146.8993838578636
146.8993838578636
146.8993838578636
146.8993838578636
147.2532711375379
147.44082154736574
147.44082154736574
147.44082154736574
147.48173817062116
147.49765403006995
147.58709748414128
147.58709748414128
147.6296253838532
147.6296253838532
147.75196042648054
147.78994999814034
147.89796971302272
147.89796971302272
148.03927062683223
148.29399597687984
148.29399597687984
148.320294427559
148.320294427559
148.320294427559
148.320294427559
148.320294427559
148.34439815582795
148.34439815582795
148.39984323167093
148.65099882762038
148.68249561272287
148.80450437430503
148.80450437430503
148.80450437430503
148.88831681888283
148.88831681888283
148.88831681888283
148.89086484782848
148.89086484782848
149.0240236226014
149.0240236226014
149.02895499197527
149.02895499197527
149.08281819287274
149.08281819287274
149.1214475204177
149.1214475204177
149.1214475204177
149.1938933380976
149.1938933380976
149.1938933380976
149.1938933380976
149.43125771483406
149.43125771483406
149.43125771483406
149.64608454935674
149.64608454935674
149.64608454935674
149.9947465574927
150.12310699376349
150.40065007652828
150.40065007652828
150.40065007652828
150.45287499265498
150.46115031340474
150.46115031340474
150.74611346810502
150.81096968592337
150.9005810695139
150.9794671686468
151.21332820303243
151.24261088940347
151.3508904052901
151.66702810598125
151.66702810598125
151.66702810598125
151.78998333766765
152.04347463125353
152.46515882316578
152.68220873687332
152.81118965424776
153.011715311964
153.15515199509358
153.29050577422169
153.29050577422169
153.49983746270775
154.10613534959793
154.1698114311127
154.54771228550322
154.5551855015565
154.5551855015565
154.74813273532956
155.04502778757217
155.07739014581273
155.4161160896428
155.4161160896428
155.4161160896428
155.52221321665647
155.52221321665647
155.52221321665647
155.52221321665647
156.05123303332797
156.1345990096985
156.18199651644986
156.62241990013194
156.62241990013194
156.66186816854298
157.13208190089233
157.2119647759058
157.2119647759058
157.32147142909605
157.5352227394872
157.71349379119755
157.98444369960905
157.98444369960905
158.2074609146865
158.5571136402383
158.5571136402383
158.5571136402383
158.82989698903376
158.82989698903376
159.0363817897268
159.19828992096876
159.32729305918625
159.42504702966121
159.56188697800744
159.84645405405269
159.84645405405269
159.84645405405269
159.84645405405269
159.91708855684232
159.93164499893928
160.02239927169455
160.02239927169455
160.02239927169455
160.07182967598007
160.07182967598007
160.07182967598007
160.07182967598007
160.16703535650612
160.36765953155088
160.4757244188959
160.87411951542538
160.87411951542538
160.87411951542538
161.0357320409829
161.0357320409829
161.40931958949412
161.78746759441205
161.8961693397478
162.03777195159134
162.29821301269328
162.29821301269328
162.29821301269328
162.32136031881913
162.56611047844274
162.86255981263565
162.86255981263565
162.86255981263565
162.9937801691889
162.9937801691889
163.0610080231793
163.43226176120575
163.43226176120575
163.6422325276818
163.6422325276818
163.67265328818962
163.74014450813505
163.74014450813505
163.74014450813505
163.74014450813505
163.74014450813505
163.9411638423187
163.9411638423187
163.97187683297756
163.97187683297756
163.97187683297756
164.1600862890067
164.27811601166178
164.5652410249878
164.6217963146954
164.6217963146954
164.6217963146954
164.65164723230006
164.65164723230006
164.94039013306676
164.99267770086493
165.312734747452
165.312734747452
165.3834185539844
165.3834185539844
165.45090645993272
165.50514949211905
165.56090570494268
165.61143433323556
165.7394149941281
165.8443646977496
165.92882277926168
165.92882277926168
166.09808337857058
166.33601620780365
166.33601620780365
166.33601620780365
166.57586230225596
166.95956826841106
167.2231868125901
167.64920668210246
167.76037140007435
167.85392091279843
167.85392091279843
