0.3868767188959645
0.9072097428024806
0.9072097428024806
1.1149968271212694
1.2522744217007786
1.6344354252295052
1.7446435905112745
1.818331107176915
1.823104004255687
2.2662979784755817
2.377980015190488
2.622331140840769
2.622331140840769
2.873944642883101
3.2224335657327035
3.5461314973779765
3.5461314973779765
3.8770426338129504
4.145180824262062
4.145180824262062
4.26115183054733
4.582821649579648
4.7787262836647715
5.19876560357086
5.6176657958932115
5.622844896504984
6.145690182275162
6.302259054905016
7.011803249354413
7.416845445281002
7.739435457955975
7.9083885244129775
7.946646974771424
8.133615580926914
8.487903644938772
8.572955732983877
8.808468271229504
8.834935481926925
9.062974151875558
9.536101742402723
9.536173270702312
9.871937721990161
10.0699587142271
10.650424143488957
11.212193161717078
11.995778956715165
12.48653023079653
12.918616663089832
13.388928046450824
13.992728479829209
14.354379272269952
14.86052954789212
15.402806852874763
15.989444085614812
16.428950096492184
16.698428274460802
17.390659156209455
17.75405304407171
18.254480164505345
18.726912942547347
19.098492439574088
19.662202178977008
20.016483507081734
20.27489120402147
20.901810691189795
20.989508919937293
21.444030637002992
21.94816563064272
22.337312626639456
22.94827810252553
23.46807816667696
24.203942022140307
24.615095845375908
25.054958685290153
25.44182169564005
26.02522529116851
26.32682094602053
26.813344736220863
27.184617408187982
27.605872608371815
28.079559482148586
28.395075084589877
28.752192385855068
29.114905541447254
29.606847898747866
30.105220484367987
30.6392372046551
31.248271562273565
31.850934371886577
32.223851902074315
32.87188885633181
32.94633653160926
33.340613477270196
33.54294664306885
34.20893945500581
34.62555783974079
35.023963523063145
35.32018125466445
35.6553721873965
36.12711735762801
36.5428492464042
36.90771674341605
37.44555777449006
37.99372220771108
38.622331487049145
39.204727728233316
39.632777748714375
40.3080365315728
40.45099067494425
40.948555733645236
41.317523623297916
41.961096969523645
42.416962715783704
42.734859125621796
43.468340577132075
43.97885681916227
44.466184048290195
45.11842753631255
45.40931708981655
45.88429827985769
46.6766778052583
46.96494167769324
47.33478532209678
47.44144599197028
47.66858179421514
48.421528846425545
48.774874540209254
49.18966283423784
49.67565773068481
50.148386327646065
50.28976530504634
50.572203455330225
50.60949351166185
50.779376746276974
50.81234982754151
50.89807666190985
50.89807666190985
51.425515457634006
51.869450739885416
52.21823886958618
52.21823886958618
52.51642913569275
52.94373045608438
53.396895106575826
53.771878485453605
54.06293808817272
54.784223309286375
55.17869253578463
55.561928100282685
56.134831322628486
56.584300163135794
57.22284110860977
57.93256203089721
58.38458676725723
58.7990919484417
59.020154599590526
59.12851238068177
59.651321560606604
60.25334279459954
60.95764409353712
61.44247143074836
61.52188909525672
61.76055348637627
62.22844859949466
62.89438340765925
63.476050860191215
64.01573434835079
64.71114031888459
65.27548515823372
65.53567126077103
66.05531651341205
66.78589526436733
67.21092532575304
67.92764197044404
68.45530844272609
69.10660127117485
69.58039384036702
69.74242603143693
70.10468867031688
70.45695493986051
70.77743672579899
71.26722606221716
71.3372098242279
71.43705254791671
72.00166831982479
72.39734395632937
72.72476123489656
72.87210928802553
72.87210928802553
72.91580329438999
72.91860731679537
73.09026078450667
73.3220267447468
73.8703974989574
74.11610474271221
74.40563098607993
74.87108270703827
75.23491589083424
75.50991583369496
75.88962337422895
76.32296838482485
76.62747719004166
77.01288475791544
77.2400351725295
77.55342068545306
77.7128749590263
78.33294834450548
78.69631060505283
79.02010779492751
79.34517371457838
79.80554952045382
80.06471880177024
80.52186367768051
80.77733013764099
81.04119432087569
81.48829806523433
81.9004890557268
82.45793928783067
82.5544827446469
82.84623968189835
82.89308007623163
83.43706523765549
83.82039081596598
84.04169693541837
84.33322226340724
84.66015295254793
85.15094135721255
85.72063745059174
86.25090073921857
86.36190908434584
86.78741130809283
87.01092521850215
87.20256607255558
87.73001146594675
87.97333383410762
88.56990500747287
88.99874811906248
89.1301954060154
89.43956459252558
89.85467253149722
90.26344458558148
91.12598329537316
91.42344964078588
91.52883335047153
91.65446175018627
92.0153057398409
92.47915610684376
92.82150379524857
93.03863403970529
93.39387871733082
93.66142325793304
93.78199036831089
94.25545734502167
94.67078661266439
95.19323688850429
95.19323688850429
95.45310492963323
95.79840153988769
96.16870236972397
96.65479480149573
97.01477870244426
97.41956928501386
97.41956928501386
97.87310293461614
98.49960706391683
98.6356228525083
99.03736050406638
99.03736050406638
99.627701191162
100.00280938730974
100.74521615278036
100.94135181051462
101.21845530487127
101.56984379237683
102.0549660370994
102.29217387762449
102.82014004546936
103.07750692002
103.29122643496872
104.11850778429641
104.27489147685847
104.27489147685847
104.27489147685847
104.74858017734529
105.12503548137653
105.38653558004917
105.71152609479836
106.21865564896486
106.44665449078568
106.49467319093074
106.73606625892197
106.81282468443382
107.13893729481057
107.438244821505
107.85003480371431
108.27203416909155
108.71786389363972
109.14250103846886
109.39681544489287
109.71070307906743
109.88335622671191
110.18031626181273
110.76186197222667
110.87365298009257
111.48871628051944
111.87187105186379
112.18298086091255
112.18298086091255
112.95677722936696
113.38471413708842
113.6388868049138
113.83631183853788
114.33728664259334
114.53468865061211
114.72047597066617
115.1859764129373
115.40935762474118
115.54172702364185
115.58482733417277
115.69551814181476
116.37642111413346
116.65652026365274
116.83689601880491
117.27688102026202
117.40015738239512
117.4148938903965
117.4148938903965
117.43156106703871
117.46695881181347
117.46695881181347
117.70400193828756
117.70400193828756
117.70400193828756
117.70400193828756
117.92895332372684
117.92895332372684
117.92895332372684
118.05064060868067
118.14567260068647
118.28820586426734
118.44253353564596
118.45248189512301
118.54576564697432
118.75618524813227
118.82673257405195
118.84859655980529
118.88581130426158
118.97028289824208
119.0635290662474
119.0635290662474
119.13509448591711
119.13509448591711
119.13509448591711
119.13509448591711
119.13509448591711
119.21539775826844
119.3058011386191
119.43770020786951
119.59101298797133
119.59101298797133
119.59101298797133
119.59101298797133
119.69256550276799
119.80458970156374
119.91541237245815
119.91541237245815
119.91541237245815
119.91541237245815
119.91541237245815
120.05559334065329
120.13483271722642
120.14280290619583
120.14280290619583
120.14280290619583
120.14280290619583
120.24884904326275
120.31844127075216
120.3690866867147
120.64787043636991
120.68434767604455
120.69704209307228
121.0530524598685
121.0530524598685
121.0853236157696
121.18250100618963
121.18250100618963
121.18250100618963
121.18975188218157
121.22870959072212
121.22870959072212
121.29146593784706
121.51733740553234
121.51733740553234
121.51733740553234
121.80194536078378
121.80194536078378
121.80194536078378
121.87577807189497
121.87577807189497
122.10245148114291
122.19881376978913
122.28497949759429
122.28497949759429
122.47443411387728
122.61411546164231
122.61411546164231
122.77152010297398
122.8374272224755
123.0841819217912
123.0841819217912
123.28810356118453
123.28810356118453
123.28810356118453
123.28810356118453
123.28810356118453
123.28810356118453
123.31908614835135
123.3554951285264
123.3554951285264
123.3554951285264
123.49642936645171
123.68249750200042
123.68249750200042
123.68249750200042
123.80291609862104
123.86030470273346
123.86030470273346
124.06486904296237
124.19746767174121
124.44699014579436
124.44699014579436
124.44699014579436
124.44699014579436
124.44699014579436
124.6682960947095
124.6682960947095
124.6682960947095
124.6682960947095
124.6682960947095
124.69394753208141
124.69394753208141
124.80960439798541
125.22586826918895
125.69411078542859
125.87474886179618
126.01300525954159
126.38441946282417
126.72561733060118
126.76455228047018
126.8309695549617
126.9466577526792
126.9466577526792
127.04598251652321
127.31397313118278
127.51627418440881
127.51627418440881
127.81233263508891
127.87186304459983
128.02494166208703
128.27288155372756
128.46579143527975
128.62657834761592
128.62657834761592
128.76164858605645
128.8949862963469
129.28281281226532
129.3520465567351
129.3520465567351
129.6005539470959
129.6005539470959
129.6005539470959
129.85976185364495
129.95735945102837
130.1715509021963
130.19402377121878
130.19402377121878
130.31077035513866
130.31077035513866
130.31077035513866
130.42262353886187
130.6191776225339
131.02226824747444
131.06373818894332
131.3601048322394
131.49095856409107
131.60530794351808
131.86449727885505
132.00653086822496
132.04373437874216
132.0953136807927
132.18187871672254
132.4173875802432
132.4173875802432
132.47521866350186
132.84409488124163
133.03262031733675
133.08565375526678
133.08565375526678
133.29838595690194
133.29838595690194
133.29838595690194
133.54380725526946
133.54380725526946
133.6384003912959
133.6384003912959
133.6384003912959
133.6384003912959
133.83113249370786
134.0647475231429
134.0647475231429
134.06711759890973
134.31682007636155
134.63530067762161
134.6842042504897
134.6842042504897
134.98226036765894
134.98226036765894
134.98226036765894
135.0604901622114
135.12843271523028
135.12843271523028
135.25184957951285
135.29171949676854
135.5488111784624
135.81664615097728
135.81664615097728
135.94088921331715
136.37645883408575
136.4643146474269
136.93947692486583
136.93947692486583
137.02970825280727
137.21185242123175
137.4552573498614
137.8575768290296
138.01545314020166
138.24837595159534
138.28270226115825
138.5160934749492
138.5160934749492
138.5160934749492
138.77981502196693
138.77981502196693
138.99887122190583
139.26535719926926
139.26535719926926
139.43865297375785
139.68427136050687
139.83813041651035
140.0243775753974
140.28282762234358
140.5986626054913
140.5986626054913
140.91298332562457
140.91298332562457
141.19360139440806
141.20719938629654
141.31809946185652
141.31809946185652
141.4818245388992
141.7458526984854
141.98204513330091
141.98204513330091
142.0483319306868
142.0483319306868
142.0483319306868
142.3952806941819
142.590873219649
142.79719941491246
143.00130028738903
143.00130028738903
143.00130028738903
143.00130028738903
143.14474027508876
143.30651844343816
143.53750009659572
143.75144401261747
143.9060667053299
144.08110418617974
144.23260303205143
144.23260303205143
144.3612901423368
144.51020890518896
144.51020890518896
144.6754071854424
144.83178493088917
144.8767849291113
144.8767849291113
144.9750046635018
145.08852068934692
145.19667566357896
145.4132497738758
145.4132497738758
145.68684796979792
145.90041619392954
146.2716563877064
146.3360664016635
146.41034982900655
146.54428859382713
146.54428859382713
146.69300060693658
146.69300060693658
146.77289408495946
146.81240635026364
146.95685582923522
146.95685582923522
146.95685582923522
146.96651746278363
146.96651746278363
146.96651746278363
147.069156666436
147.069156666436
147.33422423996456
147.41459982937283
147.58274972577044
147.66016300005225
147.96130279220583
148.2047254140675
148.21620713419443
148.21620713419443
148.30868600317157
148.39134010296425
148.63190628889893
148.72960281586063
148.72960281586063
148.8608068284274
148.977702840501
148.977702840501
149.0272773604719
149.0272773604719
149.1489696740641
149.38583344708724
149.51646412006744
149.63565308390974
149.76029915789167
149.94773345115382
150.0222579599187
150.08148285767734
150.08148285767734
150.08148285767734
150.35847781372277
150.47339335623207
150.60359142372695
150.60359142372695
150.60359142372695
150.67955291879497
150.74867942884578
150.74867942884578
150.95388609735687
150.95388609735687
151.19867794885002
151.19867794885002
151.35150414603325
151.452457706738
151.49290002184907
151.69098988118895
151.75279615772143
151.75279615772143
151.75279615772143
151.75279615772143
151.75279615772143
151.82619974598032
151.82619974598032
152.06267207009904
152.39539092734822
152.54885758330533
152.54885758330533
152.71090339845367
152.71090339845367
152.71090339845367
152.75447194381871
152.75447194381871
153.09505322525447
153.09505322525447
153.12937839134383
153.3435729001959
153.5534627432012
153.6865855958792
153.6865855958792
153.77267062357194
153.77681964781993
153.8741012661128
154.02687415944973
154.02687415944973
154.02687415944973
154.02687415944973
154.04383943612197
154.0782888865861
154.25942316859008
154.4023388809005
154.4023388809005
154.61002112059728
154.61002112059728
154.61002112059728
155.01995737519547
155.06452046641311
155.39900412324488
155.4452489890645
155.4458983601649
155.4458983601649
155.45662054652374
155.70507213344172
155.70507213344172
156.0455655615888
156.0615874314915
156.0615874314915
156.0712471897246
156.17603885656757
156.24620275335582
156.34504491542074
156.4663150038729
156.63921194720803
156.63921194720803
156.66613973654327
156.6982345712883
156.96448458372424
156.96448458372424
156.96448458372424
156.96448458372424
157.04880232552566
157.10625045892985
157.10625045892985
157.10625045892985
157.16616627591318
157.25444358358402
157.25444358358402
157.26429572780145
157.26429572780145
157.2999189447781
157.3380849169532
157.3380849169532
157.3380849169532
157.4912681305766
157.4912681305766
157.4912681305766
157.4912681305766
157.62404972986948
157.62404972986948
157.62404972986948
157.70121898552856
157.70121898552856
157.72915996578143
157.72915996578143
157.89539810190243
158.04048045300888
158.15942729060836
158.2223372773299
158.25321083523772
158.32999629689706
158.32999629689706
158.32999629689706
158.32999629689706
158.53101896913023
158.65230388435964
158.65230388435964
158.65230388435964
158.90659536514943
158.94843116750803
158.94843116750803
158.94843116750803
158.94843116750803
158.94843116750803
159.12186027915916
159.12186027915916
159.12186027915916
159.12186027915916
159.1849577382048
159.1849577382048
159.1871850429022
159.46013547829406
159.46013547829406
159.46013547829406
159.46013547829406
159.72293977611687
159.72916829345877
159.72916829345877
159.88128413380284
160.03219060641217
160.0436259811217
160.23996719161104
160.23996719161104
160.23996719161104
160.23996719161104
160.23996719161104
160.2440317655611
160.3351263243857
160.58571268721886
160.7882005822518
160.86637825419297
160.86637825419297
161.09669612974378
161.09669612974378
161.26855282003152
161.28258789340546
161.34438154410776
161.40921765005334
161.544377992441
161.544377992441
161.78261874901372
162.0647730179782
162.09051279490507
162.09051279490507
162.093283096996
162.093283096996
162.093283096996
162.20226200110167
162.20226200110167
162.3603158327247
162.3603158327247
162.3603158327247
162.53925123584636
162.6747124486369
162.6747124486369
162.76042884043758
162.76042884043758
162.76042884043758
162.95955827125465
163.05895967230379
163.05895967230379
163.05895967230379
163.08218832257484
163.08218832257484
163.1419346295946
163.1419346295946
163.22537367458548
163.22537367458548
163.22537367458548
163.22537367458548
163.22537367458548
163.22537367458548
163.43258320334928
163.43258320334928
163.43258320334928
163.43258320334928
163.60973530859417
163.60973530859417
163.8127110754516
164.08833826076759
164.31889084977408
164.54564606819545
164.54901007815374
164.63843795606414
164.63843795606414
164.69846208358902
164.69846208358902
164.9206684012165
164.9206684012165
164.9206684012165
164.9206684012165
165.1913324367753
165.19996674086917
165.19996674086917
165.19996674086917
165.19996674086917
165.45940440222347
165.60454511219422
165.7411790158735
165.76935823524997
165.80988969603445
165.80988969603445
166.0985519686287
166.0985519686287
166.11068679653746
166.11068679653746
166.4329826302469
166.54567374255296
166.54567374255296
166.6263944395533
166.84500414865855
166.95317320494112
167.1450671031672
167.1450671031672
167.34372006448578
167.41029428353087
167.6304188413329
167.82151097309196
167.82151097309196
168.07445251274052
168.07445251274052
168.07445251274052
168.11742431664317
168.17713768798825
168.21473720996937
168.4151536084693
168.4151536084693
168.4151536084693
168.4151536084693
168.49205920973765
168.49205920973765
168.82501470555323
168.82501470555323
169.0613372835815
169.37069531414627
169.417240126244
169.44859964485906
169.6338417666219
169.6338417666219
169.76476862704527
169.76476862704527
169.76476862704527
169.76476862704527
169.97669464262188
169.97669464262188
170.09664945947856
170.09664945947856
170.1493703240604
170.34292017174698
170.5811743335017
170.5811743335017
170.83525435052564
170.96697778869856
170.99527040405846
171.2246589204437
171.2246589204437
171.3502013940246
171.3502013940246
171.48474741946896
171.48474741946896
171.72484150355683
171.97142042241177
171.9720182771835
172.1650620105665
172.1650620105665
172.24468720288667
172.38212906804924
172.6033773802507
172.66717742919406
172.84500745322887
172.84500745322887
172.84500745322887
173.04211026347022
173.04211026347022
173.0779251103046
173.14948515932016
173.15107896182107
173.22305803596993
173.53098325371406
173.53098325371406
173.61093628692032
173.76036351751483
173.82333526205466
174.26746621569345
174.63374755813453
174.92334129841646
175.0085015167575
175.0085015167575
175.30813121134705
175.42638555692503
175.71870607278018
175.9539343030002
175.9539343030002
175.97857737976852
176.35168933073402
176.66543944383588
176.883541994208
176.883541994208
176.883541994208
176.883541994208
177.1380871785514
177.1380871785514
177.1380871785514
177.44573014293505
177.80309952426205
178.1143951338308
178.3546694732429
178.55983336251464
178.7446199297314
178.91569622794955
179.01107250474604
179.01107250474604
179.01677791285468
179.06870495431082
179.30630762180613
179.38982291302736
179.4266430968638
179.43013918309134
179.43013918309134
179.46449104362517
179.63131351847093
179.8406723538801
179.89623106514946
179.89623106514946
180.02772664280906
180.02772664280906
180.37510953718441
180.4489008160632
180.48665227622547
180.6564799978211
180.6564799978211
180.6564799978211
180.6564799978211
180.68541469502168
180.892947284745
180.892947284745
180.892947284745
181.00993980456047
181.30111124911005
181.57047028027912
181.77586061786164
181.8924499418215
