0.25133839167498384
0.5436052046048028
0.5436052046048028
0.8721504048615848
1.018175695562649
1.4383594439517118
1.5828604991913549
1.6375665005459064
1.981735933391198
2.2266910772479496
2.495631384275072
2.7598383448467674
3.064308153310087
3.0960814009573077
3.260112524204122
3.591352225505632
3.8878517887393347
4.305630726651681
4.636373728821882
4.742972326564597
5.125251653630642
5.273759202023746
5.500880816233905
5.768134488196033
6.306869752173444
6.589891853618369
7.125172243216156
7.387028189087118
7.821582368745299
8.254030857460055
8.959759817366669
9.335698617269333
9.62414800412678
9.816848431629023
10.155095460225102
10.794408993648219
10.81037814403496
11.188282347712308
11.408574249118253
11.408574249118253
11.73483627246106
12.010109261507298
12.258075618009332
12.729425184308187
12.929788814930449
13.514745186670893
13.780807843175339
13.93798642975531
14.220730521340403
14.395383344723168
14.559440771802878
14.911341793447752
15.019556355009486
15.308711001688259
15.629615023981726
15.629615023981726
16.213730125708828
16.373586647286327
16.39713045124716
16.726181470059277
17.065821582248887
17.065821582248887
17.17665516102418
17.32632162378575
17.773170301991904
17.800464986437646
17.800464986437646
18.419770293204632
18.64420586893032
18.64420586893032
18.64420586893032
18.82767727674137
19.04953693007837
19.119201340874632
19.119201340874632
19.19360907673457
19.718891393122455
19.965115719861128
20.070979790890622
20.430366691777383
20.667097102758568
20.948781993673233
21.112672279739687
21.46367328155015
21.78137836907503
22.028966721162
22.301127227798805
22.473188660911553
22.738818609565442
22.896488052731165
23.026968153736004
23.34328499230743
23.34328499230743
23.484559116356007
23.77753392759314
23.978776451696408
24.4848019710774
24.59287636262777
24.655132239227758
24.824267497101687
25.106066901199654
25.471702818518775
25.618691649063212
25.84023188630715
26.20025370971204
26.62562604568381
27.113829501746118
27.426358902849284
27.488835683664483
27.596526773577434
28.050192123679093
28.515525466754664
28.515525466754664
28.667066586606797
28.79813390615445
29.235523533542178
29.235523533542178
29.378620070663832
29.514827751304
30.02804712721867
30.230297913683568
30.65456543474705
31.35775002856882
31.639078039778973
31.992649200042806
32.25632599177404
32.5779600438208
32.670739373593236
32.78309121862663
32.7999979580803
32.7999979580803
33.04961323578308
33.108085612983295
33.41239428483566
33.825708619543505
33.96911522820694
34.27164231018908
34.553396513525904
34.57336054322703
34.67288041504204
34.92753855558933
35.41149788461248
35.71784079903484
36.29451234714512
36.46704913660475
36.58088651035127
36.734848652524406
36.89104429810178
36.93529441159609
36.93529441159609
37.105088038214625
37.80370023796334
37.86419076033818
38.239432854065306
38.67569073036522
38.98256350059033
39.308151608884394
39.41564832903886
39.62977023181973
39.80145285089686
40.1219317645686
40.35284620248899
40.58980371241409
40.96425470188714
41.192668269426825
41.35891089414026
41.391029408010596
41.391029408010596
41.61347586717334
41.70301568364176
42.15404022803591
42.44415172073294
42.61574429501262
42.77301445308029
42.95940413128301
43.5817075925458
43.641805132649125
43.99293417778522
44.19519122154186
44.72015951297397
45.227791415878045
45.602853908782635
45.89835800575904
46.00902024283326
46.44493267274961
46.67654364526953
46.683612322032694
46.91053363425815
47.04994175156972
47.10420702898616
47.66469268806017
48.07796916907473
48.259029221678475
48.44684413557197
48.78663532420003
49.42839623922326
49.6531915241972
49.830939431670814
50.09963459490123
50.33247361429688
50.42237649129285
50.687005446832806
50.687005446832806
50.804910708086574
51.016941849087154
51.31521212823579
51.405755097305246
51.820376233935235
51.93415165664951
52.21240199852035
52.47225158344287
52.67885082749071
52.67885082749071
52.74297768044936
53.110736864664005
53.193788756874945
53.193788756874945
53.334887006479846
53.334887006479846
53.665593013918865
53.681041372327584
53.89896478294126
53.99164021693078
53.99164021693078
54.53288605633687
54.755059925936955
55.24931906267546
55.48463702766109
56.09616138950159
56.39446372074764
56.81069019369617
57.14378481031845
57.63250063974663
57.76568828526128
57.961206971718084
58.25823922361993
58.792037710468506
58.906937689559335
59.21552504998941
59.55839353993891
59.67465742299038
60.02460378145654
60.54015305215549
60.70846717990844
60.70846717990844
61.141464683286216
61.19455041151623
61.376057722442994
61.60003918051805
62.07727559923355
62.65503838702401
62.788285912236695
62.788285912236695
62.80601533625528
62.80601533625528
63.194493285674085
63.22772484565422
63.55576996081623
63.77900004049407
63.77900004049407
63.970226289513796
63.970226289513796
64.05889083144436
64.30588889650582
64.61155871439094
65.09811082075343
65.09811082075343
65.72204910343278
66.1178403242383
66.1178403242383
66.46082594021057
66.70765372111529
66.9985040584573
67.28080747942735
67.60587198609959
67.72530709700641
68.2429520256715
68.38263887507368
68.68203310724569
68.86154498568584
68.89216931908771
69.34963680903782
69.34963680903782
69.75991903556545
69.76316882507719
70.14007701092585
70.27830211254562
70.3315770039441
70.73510932497851
71.03957246598574
71.15007359095326
71.74874008368508
71.88726755223611
71.91575457196164
72.16644425032038
72.48613898566609
72.58312517555332
72.58312517555332
72.87235190124164
73.06962655518826
73.06962655518826
73.20674724994491
73.20674724994491
73.3983320983659
73.48617228154471
73.70415850695798
73.94554416926809
74.29468486077029
74.5820891887282
74.78725129159973
74.79651287923565
74.79651287923565
75.12902982297418
75.18494915448598
75.18494915448598
75.31092002217554
75.5662376411889
75.67130036723306
75.96815052919582
76.0550289845565
76.41361551389124
76.52783013998867
76.59985460339584
76.73630330209942
77.23060247769091
77.41788714505903
77.41788714505903
77.80524781287934
77.94885402493367
78.31257413254511
78.67018683146333
79.0418033631485
79.20527160767749
79.39471024411549
79.82204916196422
80.19059620550556
80.36720955750468
80.72895928098077
80.97853054865783
81.19418470455743
81.52581753631208
81.80096023860789
82.17242503505445
82.3792853935334
82.50557230725606
82.95967133267764
83.15370496141738
83.56515388351579
83.90844485695841
84.00910169703286
84.08090393097537
84.25219386197712
84.47242000243205
84.97355557652381
84.97355557652381
85.03290538178287
85.37413645197789
85.56045928341867
85.56045928341867
85.87027509019656
86.3715058254375
86.60162017436014
87.05192892225972
87.16538705334011
87.37697145874198
87.52153144969948
87.87527788199361
88.36356487246056
88.78332735689358
88.91436568908121
89.19015195822773
89.2476359184977
89.29125527813859
89.3432768673644
89.8061867869471
90.32599600202131
90.95615390231252
91.0770585496909
91.0770585496909
91.52058921349713
91.89029950519742
92.15306567684496
92.53413130565173
92.59320230325682
92.7912635851395
93.17754501674632
93.53132912281085
93.6389508119692
94.21092441399969
94.54297541769627
94.78556271935696
95.07002959585279
95.07002959585279
95.44978902084134
95.75549627198463
96.13730831816869
96.32496396151744
96.43710466840479
96.83914921177491
97.11244318685978
97.51942130394431
97.51942130394431
97.89064343617719
97.89064343617719
98.09144709296686
98.13663928284399
98.49113686844456
98.7576609952352
99.28605984652509
99.62162374574703
99.76647691718465
99.78440037713779
100.17967763961144
100.87410978501514
101.23545326635848
101.64671226955711
101.64671226955711
101.90383708563185
102.15831140921676
102.3604863420462
102.3604863420462
102.70818778829829
103.25056690664297
103.95863959554184
104.16041030146816
104.17999163769522
104.43233314867047
104.68625703421893
104.84593861845642
104.9698664019436
105.38529093338286
105.77031452883433
105.79009126883723
105.97620664270944
106.25090824901561
106.3408968614721
106.763360772353
106.84774699760851
107.06968690410508
107.19959996588044
107.52023614661336
107.79723189539418
107.94174693773085
108.09827370534539
108.09827370534539
108.34350258557313
108.34350258557313
108.62753267581344
108.79567827184505
108.79567827184505
109.24284064195048
109.64792405134604
109.86880604758149
109.86880604758149
109.94534079751013
110.25119678585958
110.79684561821749
110.86426229211945
111.13210123899754
111.50529170788312
111.61061377020681
111.61061377020681
111.63845996705336
111.83671732280624
112.00162230826848
112.18295754341814
112.730419244549
112.85513069729963
112.99653184405948
113.47824282645958
113.76128643722403
113.76128643722403
113.9474244399129
113.95256787426665
113.95256787426665
114.15629895846857
114.15629895846857
114.15629895846857
114.38277714726527
114.45840834397124
114.66277077407399
114.94711125998401
115.19648156963761
115.5869261640355
115.89142823120491
115.95019646792908
116.09437455156097
116.09437455156097
116.41383322832776
116.41383322832776
116.46538225684266
116.62062716370654
116.93866547009654
116.93866547009654
117.09217391768438
117.3462829479412
117.38213179204674
117.38213179204674
117.59959037003544
117.76868240336806
117.96256221247295
117.96256221247295
117.96581354429874
118.36204343348307
118.77074786051679
118.84403140661468
118.84403140661468
118.95302154876002
118.95302154876002
118.95302154876002
118.99096122941398
119.53668796259066
119.53668796259066
119.69255161812566
119.91525213431605
120.08968634041523
120.14746609234732
120.4037109010855
120.4037109010855
120.57958090301756
120.61529488058767
120.76698408196633
121.04382785670126
121.21570356192368
121.30711731956684
121.92112026041607
121.95421469837429
122.12571698911239
122.12571698911239
122.12571698911239
122.36817247707262
122.52847616130974
122.52847616130974
122.68170220944042
122.93341672522938
123.16325637116677
123.16325637116677
123.16325637116677
123.63903153085374
123.91102506666266
123.93564298537929
123.93564298537929
124.1850385697159
124.38140094304265
124.61289952935526
124.89882571384486
125.07725681638159
125.17521061397197
125.17521061397197
125.47410099543937
125.72052979264214
125.72052979264214
125.72052979264214
125.78070121212386
126.01353156532794
126.14058727684512
126.14058727684512
126.14058727684512
126.14058727684512
126.14058727684512
126.49643763399722
126.70088373259387
126.70088373259387
126.93973789849159
127.11134556900666
127.48797736812962
127.48797736812962
127.54208429021018
127.83439819973846
128.14361063270186
128.30331934577208
128.30331934577208
128.78333932787496
128.78333932787496
128.78333932787496
128.7998438545368
128.90615305000117
128.90615305000117
129.32516050407372
129.32516050407372
129.35743238421153
129.35743238421153
129.38380004341943
129.38677112211613
129.38677112211613
129.58349903809457
129.81633272615755
129.81633272615755
130.09370044278663
130.4558876963693
130.50489173976698
130.50489173976698
130.69078692764376
130.71544325104125
130.71544325104125
130.99533142407026
131.09584917343227
131.1084694679374
131.13808435928368
131.13808435928368
131.20856448548264
131.20856448548264
131.28208741538583
131.29008361390467
131.29783331789645
131.29783331789645
131.35180294146645
131.39121044551516
131.39121044551516
131.5962132971333
131.8493253479372
131.8493253479372
131.8493253479372
132.31988210559746
132.31988210559746
132.56448833730445
132.88942203266438
133.24998803170277
133.46828391743796
133.68633264991732
133.68633264991732
133.68633264991732
133.75724134217532
134.0334016304884
134.0334016304884
134.0334016304884
134.14775769022725
134.4515216585448
134.4515216585448
134.55302710631412
134.59253300646205
134.59253300646205
134.83759022740122
135.00358059405474
135.00358059405474
135.2450193676576
135.48148007490224
135.55901316028135
135.77135459765583
135.77135459765583
135.85987298822732
135.85987298822732
135.94554958468075
135.94554958468075
136.20411803158402
136.20411803158402
136.50670145345237
136.50670145345237
136.6502398499517
136.6502398499517
137.01247023938095
137.01247023938095
137.01247023938095
137.3138527364227
137.3138527364227
137.3238361721699
137.3238361721699
137.6881685991243
137.9205493821658
137.9205493821658
137.9205493821658
138.09145182954728
138.23353763298297
138.42224996605165
138.43917329369108
138.58741059004277
138.58741059004277
138.58741059004277
138.7946101526098
139.0412840421087
139.09686006409228
139.35312569043384
139.35312569043384
139.35312569043384
139.38223876985703
139.77734139401738
139.8506729985391
140.24400424700158
140.28506361176136
140.46920122148052
140.46920122148052
140.61249721150668
140.62840009221551
140.65890423845602
140.81534145350054
140.84006203335295
140.84006203335295
140.84006203335295
140.84006203335295
140.84006203335295
141.02846206884388
141.02846206884388
141.22500087127005
141.22500087127005
141.22500087127005
141.22500087127005
141.51396701524038
141.71957356939683
142.0122885399648
142.0122885399648
142.40617366256356
142.40617366256356
142.5661514791445
142.75729832600507
142.75729832600507
142.75729832600507
142.96738235602172
143.35641167268085
143.65772023464794
144.04713325488567
144.04713325488567
144.06325395773774
144.06325395773774
144.06325395773774
144.06325395773774
144.15309602455017
144.37664379151926
144.37664379151926
144.37664379151926
144.37991758148704
144.3834520390552
144.3834520390552
144.45890983071243
144.45890983071243
144.45890983071243
144.45890983071243
144.61220803599323
144.96454142378244
145.2872348794318
145.5148188546325
145.65531449923765
145.7192261767938
145.79825150430855
146.0842947779617
146.0842947779617
146.0842947779617
146.57129209997692
146.8095528259262
146.93124744268283
146.93124744268283
147.16095397949505
147.4412938838123
147.5966414009204
147.60626612497646
147.67124381837905
147.8162475370181
148.05731078415582
148.1835675724173
148.1835675724173
148.1835675724173
148.18608338292066
148.18608338292066
148.37704591983385
148.7524276669366
148.7970557039523
149.2853285020831
149.4067408396976
149.4067408396976
149.4067408396976
149.48460152548952
149.64722355371865
149.82984796697787
149.82984796697787
149.9561019677415
150.0239170635156
150.0239170635156
150.08224477725335
150.09800018040156
150.09800018040156
150.21282999483947
150.40210440566747
150.62182776865853
150.71510894342785
150.94938438337192
151.10340138141322
151.17901369606344
151.17901369606344
151.17901369606344
151.17901369606344
151.1810400376711
151.1810400376711
151.4995848977324
151.9406829963009
152.12779221244514
152.30939553607777
152.31567733167574
152.57557207094993
152.67913142832998
152.6890006387468
152.6890006387468
152.79556620120388
152.79556620120388
152.79556620120388
152.83166768820047
152.83166768820047
152.83166768820047
152.83657225243377
152.84048897766576
153.07911406744
153.22069530286947
153.34484638694312
153.34484638694312
153.34484638694312
153.34484638694312
153.3786207399433
153.48582022877727
153.83793803642865
154.12512466849398
154.18756891925912
154.19420754184213
154.2799482518746
154.4462493154367
154.6691749984205
154.6691749984205
154.6691749984205
154.6691749984205
154.6691749984205
154.84366953000278
155.02740957337505
155.28024903928267
155.28024903928267
155.28299637472077
155.28299637472077
155.4137709022413
155.56024248666708
155.69374650964753
156.1004987534169
156.14716322431556
156.23703298778008
156.26312385844832
156.26312385844832
156.26312385844832
156.3044677654262
156.33210039580632
156.33210039580632
156.59885787582516
156.59885787582516
156.59885787582516
156.59885787582516
156.6413627944391
156.6413627944391
156.6413627944391
156.77814261489516
156.84844231815646
156.8824724573653
156.8824724573653
157.10518962596825
157.19915116946447
157.19915116946447
157.19915116946447
157.19915116946447
157.57310928425446
157.6630117450873
157.6630117450873
157.70570955642162
157.70570955642162
157.77020595658578
157.77020595658578
157.8530274931262
158.08535119556817
158.17573535327665
158.24159167230317
158.2579906216915
158.26783902687555
158.26783902687555
158.26783902687555
158.28367562182254
158.33139980142445
158.33139980142445
158.33139980142445
158.4894954010102
158.7396967157589
158.83574185455038
158.94695820525183
158.94695820525183
158.94695820525183
158.94695820525183
158.94695820525183
159.11176895070668
159.11176895070668
159.26527068061904
159.29767431521208
159.48388018446826
159.48388018446826
159.48388018446826
159.63635523910494
159.63635523910494
159.63635523910494
160.02442444768946
160.19111697202746
160.24142504355518
160.273754476675
160.3046274791798
160.3046274791798
160.3790628203211
160.3790628203211
160.3790628203211
160.4136212857339
160.4136212857339
160.4136212857339
160.4136212857339
160.4136212857339
160.5597704169224
160.5597704169224
160.5597704169224
160.67059714892255
160.70144782396082
160.79649105469795
160.79649105469795
161.05567127337733
161.05567127337733
161.05567127337733
161.55092801333498
161.61751751310487
161.76140913649203
161.76140913649203
162.08907862097556
162.36388560712348
162.45438367838156
162.45438367838156
162.45438367838156
162.8135647473785
162.8135647473785
163.0270364635113
163.0270364635113
163.0270364635113
163.3904009840943
163.3904009840943
163.4566143490618
163.4566143490618
163.4566143490618
163.56765061786774
163.87532451769886
164.14591098838412
164.14591098838412
164.14591098838412
164.14591098838412
164.1696245486123
164.41455600402338
164.41455600402338
164.41455600402338
164.5285495200644
164.5285495200644
164.73626496822135
164.8959234265955
164.8959234265955
165.27781227292323
165.27781227292323
165.27781227292323
165.53291321962757
165.5556530278399
165.6148186916478
165.8051150336035
165.82459192405847
166.03339699850648
166.10329393777107
166.2337930818796
166.31022997450057
166.31022997450057
166.62911469944405
166.62911469944405
166.75954487916113
166.93444008265845
166.93444008265845
166.93444008265845
167.04127146488113
167.11344424546346
167.2164101518631
167.32769690711706
167.32769690711706
167.33869198848032
167.33869198848032
167.55162108248157
167.55162108248157
167.92811630546444
168.05682142463175
168.05682142463175
168.05682142463175
168.10973102985716
168.10973102985716
168.29816885680646
168.29816885680646
168.40155916756655
168.4552246333946
168.5318109590243
168.6735322600445
168.86487263076216
169.0024990573072
169.0024990573072
169.0024990573072
169.10820644628745
169.19416725549243
169.30634473659842
169.30634473659842
169.30634473659842
169.30634473659842
169.30634473659842
169.30634473659842
169.41283985292822
169.41283985292822
