0.18253224023213244
0.28003745029381333
0.28003745029381333
0.5969225800932846
1.0263621472540692
1.0263621472540692
1.0263621472540692
1.0914714718369847
1.0914714718369847
1.283576128867436
1.283576128867436
1.4178287322848946
1.8261995581779629
2.4782223000646018
2.6554599778936243
2.9777155682857384
3.2950903298581697
3.731417142502649
4.162991279147198
4.436087694048428
4.601413249439272
4.914006331617551
5.373421785738363
5.598116887381621
6.028401685052717
6.936092248018816
7.315340566580154
7.440468358644033
7.549875991287694
7.819699507015747
8.409636265922854
8.645343960923391
8.800026571634879
9.055325361721172
9.63515324634999
10.044092939584091
10.338124185025361
10.338124185025361
10.550709973733056
10.793402001751524
11.38914073189177
11.528608354591965
11.939892973845508
12.636733650320036
12.860521783854677
13.348268898889762
13.562305147530717
14.050061958465347
14.345898571723252
14.742591116824073
14.963612589497638
15.216184358352844
15.62357312321148
15.765986100857365
16.155021475897463
16.676423984507235
17.043203073743573
17.358840268379353
17.358840268379353
17.389662217321618
17.616545393997047
18.199403288307046
18.323335237026047
18.837157477681252
19.106322417331175
19.573953772009318
19.678901380151494
19.852305824625812
19.852305824625812
19.907915238236342
19.975623241965913
20.271450592619964
20.271450592619964
20.271450592619964
20.44754039560886
20.44754039560886
20.46567424141236
20.496233679140445
20.496233679140445
20.94995753085163
20.94995753085163
21.16174346002724
21.16174346002724
21.16174346002724
21.16174346002724
21.16174346002724
21.17879234164052
21.21740091760621
21.21740091760621
21.356914143477027
21.553470274138572
21.76136883454872
21.870345627225177
21.870345627225177
21.930908144959776
21.970571871645042
21.970571871645042
21.976836528058058
21.976836528058058
22.234878576815056
22.234878576815056
22.234878576815056
22.34558279751339
22.404329866080474
22.404329866080474
22.404329866080474
22.460147237907155
22.54808084440606
22.54808084440606
22.54808084440606
22.54808084440606
22.54808084440606
22.54808084440606
22.67541064116361
22.785667124337245
22.789862195206126
22.789862195206126
22.893597557122238
22.893597557122238
23.135379555353325
23.33955292796624
23.33955292796624
23.33955292796624
23.33955292796624
23.40834456461686
23.40834456461686
23.40834456461686
23.547235089484644
23.547235089484644
23.654318112419713
23.668274774383644
23.668274774383644
23.69297122643727
23.69297122643727
23.70852588645635
23.70852588645635
23.70852588645635
23.86807683188116
23.86807683188116
23.86807683188116
23.86807683188116
23.86807683188116
23.86807683188116
23.86807683188116
23.86807683188116
24.01393987279239
24.01393987279239
24.022775016090208
24.022775016090208
24.022775016090208
24.099073599842484
24.370933180114427
24.370933180114427
24.439867605528182
24.48913589649681
24.48913589649681
24.48913589649681
24.48913589649681
24.59673334373639
24.710342447288077
24.76825702164772
24.76825702164772
24.78490651845164
24.78490651845164
25.0372519301435
25.105698044543406
25.105698044543406
25.15325574391384
25.15325574391384
25.15325574391384
25.16856139440352
25.36444242784857
25.40502082095125
25.40502082095125
25.647325065203308
25.647325065203308
25.647325065203308
25.696535886055702
25.696535886055702
25.799714503269172
25.799714503269172
26.071020018996737
26.071020018996737
26.14036385066589
26.14036385066589
26.181418207008697
26.209949602063233
26.26702051933296
26.32511666513624
26.32511666513624
26.32511666513624
26.534443087623124
26.534443087623124
26.709831590354252
26.709831590354252
26.844999218516637
26.844999218516637
27.01172670060313
27.01172670060313
27.02014187481105
27.06543465899449
27.326705320998855
27.326705320998855
27.502879830242115
27.521065495785713
27.89036225143756
28.044837071477726
28.044837071477726
28.358799994593323
28.530898427424123
28.76776601711343
29.16541065137478
29.16541065137478
29.176534678963595
29.439130998118646
29.439130998118646
29.560403043642363
29.603362767003297
29.964939976070468
30.039901344666703
30.207132704326085
30.207132704326085
30.207132704326085
30.207132704326085
30.207132704326085
30.3887443746813
30.3887443746813
30.509214285379006
30.80595830679267
30.80595830679267
30.80595830679267
30.80595830679267
30.80595830679267
30.80595830679267
31.08389925631714
31.13026391991425
31.363081228726497
31.363081228726497
31.36578554438234
31.475903796463022
31.686785284856853
31.686785284856853
31.686785284856853
31.686785284856853
31.686785284856853
31.733403704927547
31.733403704927547
31.733403704927547
31.733403704927547
32.02445871571888
32.02445871571888
32.14429568168364
32.34520209118241
32.599299591035226
32.632384808595994
32.87387207890315
32.87387207890315
32.87387207890315
32.87387207890315
32.87387207890315
33.01809714930048
33.42245550983826
33.63877463815773
33.63877463815773
33.63877463815773
33.72208968069268
33.978734482425175
33.978734482425175
34.12256295936623
34.12256295936623
34.39951168156672
34.533775330257264
34.662049102389076
34.662049102389076
34.662049102389076
34.662049102389076
34.8694333841492
34.8694333841492
34.8694333841492
34.917532839509036
34.917532839509036
35.2150964956827
35.2150964956827
35.295296682486644
35.48980500540825
35.50649686374897
35.527766919512025
35.75647313139363
35.75647313139363
35.75647313139363
35.75647313139363
35.91620746039905
36.07194960977129
36.35049918005273
36.35049918005273
36.43041963849203
36.44551076475022
36.517349104492595
36.69195257095399
36.69195257095399
36.69195257095399
36.69195257095399
36.87357487953256
37.106444657495885
37.22088163486128
37.36645065312276
37.42758044119935
37.52663900840264
37.56756073181058
37.66495875209362
37.702339518598116
37.729870274029174
37.80331721775295
37.80331721775295
37.80331721775295
37.853728534922794
37.853728534922794
37.853728534922794
37.89202594800426
38.17699955406836
38.17699955406836
38.260147001877925
38.308152078825316
38.308152078825316
38.308152078825316
38.308152078825316
38.308152078825316
38.33723747913465
38.33723747913465
38.33723747913465
38.351098683279176
38.4790128047725
38.74295043311649
38.74295043311649
38.935540885421354
38.935540885421354
38.935540885421354
38.935540885421354
38.935540885421354
39.22628481639517
39.22628481639517
39.374964765091164
39.45610339816818
39.465873466194836
39.465873466194836
39.465873466194836
39.465873466194836
39.54869376067792
39.69005324794145
39.69005324794145
40.07189346202994
40.07189346202994
40.07189346202994
40.07189346202994
40.26837465310387
40.33649115793336
40.33649115793336
40.33649115793336
40.438112815262805
40.5314440759617
40.5314440759617
40.5314440759617
40.5314440759617
40.5314440759617
40.5314440759617
40.6836166773116
40.6836166773116
40.6836166773116
40.75394876471021
40.75394876471021
40.75394876471021
41.0419698942748
41.0419698942748
41.0419698942748
41.0419698942748
41.0419698942748
41.0419698942748
41.0419698942748
41.1773844637626
41.49966148490569
41.642831445776075
41.8007989958123
42.02157085002235
42.02157085002235
42.066535218612735
42.066535218612735
42.066535218612735
42.204852317147406
42.204852317147406
42.204852317147406
42.204852317147406
42.394936057749575
42.4286415199762
42.4286415199762
42.4286415199762
42.4286415199762
42.4286415199762
42.4286415199762
42.59425284838728
42.59425284838728
42.59435037879663
42.59435037879663
42.59435037879663
42.59435037879663
42.59435037879663
42.625087893717115
42.625087893717115
42.782426342874295
42.97844553054735
42.97844553054735
42.97844553054735
43.06905936905025
43.16094786969912
43.1833322644964
43.344678911429355
43.497197004597176
43.497197004597176
43.497197004597176
43.497197004597176
43.497197004597176
43.497197004597176
43.526735099241336
43.526735099241336
43.5776141215849
43.5776141215849
43.5776141215849
43.85715129636634
43.940282720066314
43.979123877608494
44.16296865134042
44.298857264116556
44.45624706504704
44.644719897737836
44.644719897737836
44.644719897737836
44.644719897737836
44.83703892130818
44.83703892130818
44.83703892130818
44.83703892130818
45.02703193754179
45.16548526819831
45.361411882139116
45.361411882139116
45.361411882139116
45.361411882139116
45.55166794431877
45.55166794431877
45.598242575492364
45.67207846493269
45.74649702827007
45.74649702827007
45.74649702827007
46.04503404997847
46.04503404997847
46.10145905041908
46.10145905041908
46.10145905041908
46.10145905041908
46.10145905041908
46.16284962666143
46.16284962666143
46.16284962666143
46.212017882324744
46.27403461114277
46.27403461114277
46.40408911853884
46.40408911853884
46.46238709523489
46.56338722991541
46.68897905573827
46.68897905573827
46.87827145967466
47.059271487931014
47.13416897685305
47.19710593080631
47.27921043092492
47.315343605941884
47.41916895244194
47.457680488398886
47.51054170849092
47.51054170849092
47.51054170849092
47.51054170849092
47.51054170849092
47.61748982524995
47.8046425147189
47.8046425147189
47.8046425147189
47.8046425147189
47.90145541460203
47.90145541460203
47.90145541460203
48.01462620574784
48.01462620574784
48.01462620574784
48.349933032812686
48.349933032812686
48.349933032812686
48.3692300145706
48.60401420065517
48.68273413609514
48.699650434434524
48.94719067024861
49.032501219390554
49.239539815498645
49.387191353995576
49.417253004185284
49.417253004185284
49.48949624087599
49.48949624087599
49.56478331181854
49.84436362644547
49.84436362644547
49.84436362644547
49.95385334061115
49.95531391096322
50.039043526767635
50.22553557688877
50.38275802376339
50.38275802376339
50.38275802376339
50.617489218186925
50.77821543882128
50.77821543882128
50.90845813698175
50.90845813698175
50.90845813698175
51.05283310450456
51.055385689565774
51.258184060307066
51.282267072342236
51.32193142039995
51.32193142039995
51.37987075551229
51.44112378125067
51.44112378125067
51.442167409595335
51.442167409595335
51.442167409595335
51.442167409595335
51.481529094785174
51.58754711789341
51.78535364421396
52.01896579341236
52.16758052886214
52.16758052886214
52.16758052886214
52.390440473977705
52.43948593240053
52.43948593240053
52.74812021898157
52.85526802266328
53.142273408060134
53.142273408060134
53.22707309757725
53.36507603614975
53.739990812302885
53.740200043087576
53.740200043087576
53.84098838690641
53.84098838690641
53.84098838690641
53.94314456406493
53.94314456406493
54.12695187719578
54.343031808072446
54.343031808072446
54.352224339214054
54.352224339214054
54.352224339214054
54.42852004127131
54.49655847923361
54.49655847923361
54.56888239304596
54.56888239304596
54.56888239304596
54.631345220718266
54.82578485687856
54.82578485687856
54.82578485687856
54.954233987915906
54.954233987915906
54.954233987915906
54.954233987915906
54.954233987915906
55.191163535534805
55.24684084927578
55.24684084927578
55.322890942771416
55.70456965535998
55.74165821050689
55.74165821050689
56.022582789741364
56.022582789741364
56.022582789741364
56.022582789741364
56.163317617915666
56.290140010197966
56.38709684717388
56.53325109134773
56.53325109134773
56.54142651139481
56.54142651139481
56.54142651139481
56.54142651139481
56.54142651139481
56.54142651139481
56.54142651139481
56.62573467739158
56.62573467739158
56.62573467739158
56.62573467739158
56.81124623157857
56.96046007309978
57.08729091573603
57.425913091286425
57.425913091286425
57.52458107928343
57.52458107928343
57.77713551706994
57.77713551706994
57.91631878278462
57.91631878278462
57.91631878278462
57.91631878278462
57.91631878278462
58.027441413942235
58.027441413942235
58.027441413942235
58.170543943898394
58.30625956163868
58.30625956163868
58.41845969434693
58.41845969434693
58.521205743876656
58.5227340197455
58.52549219969011
58.52549219969011
58.80843737198737
58.80843737198737
58.851207246519664
58.851207246519664
58.851207246519664
58.851207246519664
58.851207246519664
58.89095757594377
58.89095757594377
58.89095757594377
58.96201010296715
59.141528377847756
59.141528377847756
59.141528377847756
59.24467352983067
59.38796571789257
59.72103986557015
60.24188602399628
60.254271821187295
60.39988111969788
60.46639929334913
60.56016947268333
60.647001360844115
60.64774236028632
60.66337294656954
60.838233268956515
60.848996843446955
60.98534080671353
61.06345843600643
61.06680061365887
61.11325345936568
61.23066670497042
61.322210533340105
61.322210533340105
61.322210533340105
61.322210533340105
61.322210533340105
61.629212638578906
61.78154062218897
61.84158943383159
61.8689515138594
61.90032207727244
62.097098934977936
62.12052060264576
62.12052060264576
62.12052060264576
62.139797229999466
62.37514428352986
62.37514428352986
62.746520491784445
62.76656308732426
62.875253241837555
62.875253241837555
63.003725574275755
63.14690124936047
63.14690124936047
63.31826678477956
63.61840342927318
63.85005451875087
64.16875723490766
64.26436648024304
64.26436648024304
64.50220510773057
64.59875499945315
64.62980819322775
64.80267666254655
64.80267666254655
65.15486425937057
65.15486425937057
65.31391164124784
65.3925519013153
65.73413295630894
66.03967206656048
66.06460350385433
66.06460350385433
66.06460350385433
66.06460350385433
66.06460350385433
66.06460350385433
66.06460350385433
66.18161156590749
66.304895622419
66.37077895421747
66.37077895421747
66.49407756117598
66.49407756117598
66.49407756117598
66.81143326686318
66.82644614425186
67.05406973093505
67.05406973093505
67.092740788102
67.33591312515605
67.52616842294331
67.52616842294331
67.7108338326181
67.7108338326181
67.87534749157359
67.98260066188118
68.01991622263589
68.16962297163622
68.29908459590621
68.29908459590621
68.29908459590621
68.31927771327608
68.31927771327608
68.56567899782813
68.56567899782813
68.56567899782813
68.7356379234391
68.96411410525661
69.0899530286278
69.09858409807086
69.09858409807086
69.13014703197607
69.13014703197607
69.1691879070917
69.1691879070917
69.1691879070917
69.2764310595522
69.2764310595522
69.36085130968436
69.37292827809173
69.37292827809173
69.52578820522935
69.82073449878192
70.04403066628102
70.24538462901087
70.24538462901087
70.24538462901087
70.32563285440999
70.32563285440999
70.51634387994095
70.51634387994095
70.82197448390134
71.00022782891294
71.00022782891294
71.0709369746256
71.18205490987825
71.2658722280457
71.32613229741813
71.3697403562719
71.3697403562719
71.3697403562719
71.5885189996636
71.5885189996636
71.67442637758906
71.67442637758906
71.67442637758906
71.72489984989079
71.96034838189651
71.96034838189651
72.04618592996077
72.28624659773388
72.28624659773388
72.28624659773388
72.31152683344285
72.37729392322757
72.42153624226454
72.52344036090042
72.52344036090042
72.52344036090042
72.74868668616203
72.74868668616203
72.79909967353149
72.88436663395163
73.00134228058113
73.07542454797172
73.07542454797172
73.15696682475082
73.26146417852217
73.34892856736587
73.44696378613004
73.44696378613004
73.44696378613004
73.72831044848664
73.72831044848664
73.72831044848664
73.83468539379712
73.96126144112537
73.96126144112537
73.96126144112537
74.11195818635068
74.36787259916653
74.53653603293348
74.53653603293348
74.68658676208037
74.74911802651063
74.90416136752371
74.90416136752371
74.97410652503996
74.97410652503996
75.03769947623852
75.03769947623852
75.09321399283326
75.4239168087827
75.4239168087827
75.4239168087827
75.4239168087827
75.49377632416103
75.61816369362185
75.71965640668125
75.80031293599552
75.9779458801283
76.01314552497874
76.25200238577608
76.25200238577608
76.25200238577608
76.63243016850687
76.77712522378485
76.91533315424252
76.91533315424252
76.91533315424252
77.05502903748663
77.06917557361747
77.20836238996503
77.42263248780952
77.42640679272459
77.42640679272459
77.42640679272459
77.59348375521186
77.64335725851697
77.91423519757792
78.04639971991533
78.2865299612988
78.34023627685352
78.60460216801381
78.63392329597646
78.68606957873732
78.93329335287227
78.93329335287227
78.93329335287227
79.22148875054218
79.47083511527919
79.47083511527919
79.63404519144886
79.63404519144886
79.71265497593376
79.71265497593376
79.71265497593376
79.81195303735082
79.99818481951753
80.1080647390288
80.1080647390288
80.31584839119724
80.31584839119724
80.49586207497033
80.49586207497033
80.6158469530067
80.72770747649402
80.81372711565714
80.8361020077109
81.15850013877798
81.64408418723397
81.80446195300824
81.8138854545653
81.97878132554789
82.16715808973409
82.59516271862681
82.63093195216254
82.63093195216254
82.65028006501468
82.96255101759027
83.14971144275697
83.14971144275697
83.14971144275697
83.17278719842184
83.17278719842184
83.26740103041678
83.26740103041678
83.31347032175488
83.60816961508802
83.66048208334597
83.66048208334597
83.66048208334597
83.71212916622046
83.71212916622046
84.07705148716646
84.34495984384533
84.53564531770427
84.53564531770427
84.53564531770427
84.53564531770427
84.69321311683068
85.01847476873364
85.15326072454253
85.15326072454253
85.30661765932865
85.30661765932865
85.30661765932865
85.49186598564941
85.5754399835381
85.5754399835381
85.5754399835381
85.70551852105363
85.70551852105363
85.80408507380155
85.91630740936343
86.09662971593615
86.09662971593615
86.28078649682942
86.34771036550585
86.69889687683576
86.75738309527262
86.9524487943034
87.0544650418797
87.0544650418797
87.24844531517405
87.45079042946296
87.45079042946296
87.57904635071317
87.57904635071317
87.58162736957622
87.75608684699786
87.87249151110053
87.87249151110053
87.87249151110053
87.87249151110053
87.99647308499064
88.0807928372684
88.0807928372684
88.5407687832065
88.95666258680731
89.10707396708213
89.20839670029918
89.2896138872143
89.29706939585847
89.29706939585847
89.56518747443441
89.56518747443441
89.65892706178882
89.77381122917329
89.77627282564805
89.77627282564805
89.91569608217611
89.91569608217611
89.91569608217611
89.91569608217611
89.91569608217611
89.96183704984631
90.01309038224491
90.07193317675245
90.27995167626943
90.27995167626943
90.27995167626943
90.35253786435986
90.35253786435986
90.38993505283142
90.60939928797065
90.7334219004069
90.83645234173851
90.86682968444262
90.86682968444262
90.86682968444262
90.94159882679813
90.94159882679813
91.00091754855566
91.08486384735967
91.44688342415667
91.51256844466195
91.51256844466195
