0.45686293799732525
0.7218728292073644
1.2848280483948955
1.6930718256664363
1.7023766168982692
2.849088494536967
3.394497047635936
4.225981154350675
4.994810093934791
5.7616880610690515
6.448518701274795
7.022233006148827
7.576312879963833
8.081349193698584
8.555773269370574
8.898290924413658
9.720107917941498
10.348362323370218
10.801767277557133
11.251012190404518
11.71759885490722
12.102344813868978
12.98180899246594
13.570490135797307
14.361938140426313
14.711088233071974
15.22050527049646
15.47668443942828
15.802104243226216
16.414899103142226
16.80594677445265
17.06552877533749
17.50586594663735
18.03066252993832
18.444989348233857
19.090113352873768
19.562484143805115
19.89647138561589
20.579651893683252
21.25766017010983
21.697791233913073
22.059143097385647
22.75233266993473
23.17093683685556
23.534880590703754
23.98045701175565
24.52803942424067
24.930363473193328
25.179024488526803
25.373489653102713
25.541309682485423
25.695057215722667
26.62811465559909
27.277640073628504
27.94620054376523
28.225062192324476
28.40434084433508
28.730131723879566
28.867751045073224
29.047634394967545
29.41383894217478
29.636852600095654
29.636852600095654
29.835500679201758
30.405684223107862
30.68623350405484
30.869626886463514
31.295286403119
31.578980906235184
31.578980906235184
32.017486896900905
32.31012098522943
32.808691385063405
33.31803431124314
34.09022360515057
34.42244487610225
34.88473564959132
35.23133635094864
35.71959015738807
36.068176175766155
36.068176175766155
36.08265072738527
36.08265072738527
36.289440031486336
36.53699593847151
37.23374870398755
37.50617171642105
37.817556887564145
38.01508866772283
38.01508866772283
38.399321425710816
38.53112104186186
39.12667144037571
39.13522263198683
39.42125684041931
39.684815614885395
39.81157944241008
40.08682436588481
40.40209361608469
40.40209361608469
40.848252087326955
41.28477403719901
41.44802843143008
41.50414079964518
41.93104730326705
42.3798099644694
42.66294465568471
43.03266036358487
43.27082135520672
43.87932300288127
44.2011610960547
44.372007086800814
44.89488719764035
44.94468171329113
45.08210652158785
45.37357317344444
45.51545689912905
46.129139107147836
46.129139107147836
46.851422373602496
46.91475756930458
47.43555530234313
47.75404547039851
47.95004110885235
48.10961883373561
48.642086486860855
48.848305419687186
49.01841146101526
49.53618610763042
49.802128414700256
50.42503828234453
50.42503828234453
50.59173974549842
50.791757566985346
51.07688911837785
51.48784864928492
52.26090067416847
52.5280013039181
52.62779556565599
52.76096336331781
53.07848860669952
53.22471214549277
53.411132283381484
53.702300905763984
54.29952460277392
54.5812681607614
54.63668785764845
55.196540605312855
55.31916941142149
56.136787331228305
56.136787331228305
56.40005337119917
56.736631043139326
57.325191638612765
57.61280163578147
57.886186268715825
58.27484919842414
58.27484919842414
58.27484919842414
58.77501240890014
59.39862307724101
59.39862307724101
59.741631244172936
60.06017147038599
60.35234711130358
60.76488790935614
60.87240163951964
61.023741288589534
61.10061915530378
61.2315532475791
61.73809796282302
61.807261877642695
62.46066345348545
62.60357575058871
62.73111976965902
63.06090302868194
63.35244301932497
63.90701219750642
63.90701219750642
64.09661970715541
64.56653492991244
64.77513181487825
65.20118924791193
65.50452300246002
66.1246441476947
66.25849178610363
66.25849178610363
66.54347845672699
66.90089067792304
66.90089067792304
66.90089067792304
67.27106203887193
67.5237023953012
68.01931387321056
68.12625533599969
68.12625533599969
68.45976296491979
68.45976296491979
68.87562989054037
69.22009902360479
69.78307816344658
70.34373361588165
70.86684324630443
71.11661775295482
71.62768990737214
72.09738552132971
72.15990579471665
72.95230760513581
72.958765139548
73.30185269184277
73.3855511246645
73.8499025333033
74.26486998403153
74.26486998403153
74.44075836382204
74.77711185015056
74.98441975186893
75.07628605293696
75.3048612360564
75.36874183346144
75.36874183346144
75.53386251801237
76.05205027576095
76.05205027576095
76.07833876325984
76.07833876325984
76.39125329784608
76.77190582614296
77.15432772305223
77.57401453682436
77.71710784373931
77.8890125355428
78.40758215748626
78.81937234585794
78.84555129840591
78.84555129840591
79.04669996260972
79.63945294395228
79.92599858259923
80.24583958920219
80.47037724485149
81.20081643613844
81.20081643613844
81.21224171600188
81.61412589985137
81.65216338747351
81.65216338747351
82.1148321440895
82.24097458920636
82.53688662385181
82.53688662385181
82.9288525109761
82.9288525109761
82.9288525109761
83.3079446350684
83.5449560248251
83.7814775887054
83.7814775887054
83.96320938049907
84.05601973346626
84.16175164816603
84.3837418602347
84.445602888853
84.45933585984461
84.54171264108494
85.01492228972698
85.33781880904485
85.62749584732708
86.2177555846294
86.52876655192931
86.69595493745219
86.69595493745219
87.10441938105143
87.27377223809916
87.84261822813505
88.16787173666062
88.19714540775927
88.58164021880718
88.68509191704574
88.68509191704574
88.68509191704574
88.68509191704574
89.27674664608773
89.27674664608773
89.7640799551561
89.7640799551561
90.2602961628346
90.2602961628346
90.65472271623244
90.9584152564839
91.36990619218004
91.988756878854
92.2551460207632
92.52707582410498
92.81358608727456
93.26012214979278
93.74492610297985
94.39135251165406
94.67111643694538
95.11382104806549
95.40086702064325
95.95424309812978
96.46706988536468
96.79966824633176
97.28153111982384
97.32997396011702
97.54371500395871
97.95682854549305
98.42840393278153
98.75337662372007
99.18641605212494
99.60448421786919
99.95927299102513
100.10338899717593
100.55820999004794
100.99063385853026
101.04138488235196
101.35146779039648
101.5342463811774
101.60949368405574
102.0961584768207
102.22346557806944
102.43866318135676
102.43866318135676
102.67544279184281
103.07596687101652
103.32367210197397
103.4568349162856
103.9148667303158
104.13743638190084
104.73487107105004
105.01539132247298
105.60512309473845
105.8568261019721
106.33599486025656
106.71664754615959
106.90172149438273
107.1759366740851
107.5494818175712
107.81881197019457
108.19046553597268
108.64751540382369
108.64751540382369
109.11762657840096
109.15009737073323
109.68881140736109
109.72196818827932
109.79662933839735
110.05916637890947
110.3071400415746
110.53123440069274
111.24049378216311
111.69231349032798
112.23139286962832
112.58088562027227
113.15947883231787
113.1881536896943
113.28655081291971
113.28655081291971
113.79014267030463
113.87895866158213
114.63008583206292
114.8406961731423
115.07245320434552
115.07245320434552
115.20081129484696
115.66858070135174
115.9470365028135
116.15243758806345
116.15243758806345
117.00984268588736
117.22867586248684
117.51041823868634
117.99977451284202
117.99977451284202
118.28848796053663
118.28848796053663
118.37233068679221
118.37233068679221
119.31019571456993
119.8066077651042
120.3525561505405
120.51340927424377
120.75723256812931
121.28336987406135
121.65197856555467
121.84540557629595
122.1620598969176
122.58600995226291
122.82956990846057
122.82956990846057
122.93734272914179
122.93734272914179
123.30171466109199
123.33700396599917
123.62041611099207
124.03639891882878
124.51692948154954
125.00806584831939
125.40578885811213
125.67602043759315
126.12202344179217
126.23567671523875
126.66946199831251
126.66946199831251
126.6994957033323
126.96150931866596
126.96150931866596
127.12069067990366
127.59459454072734
127.62879221251288
127.90337283828067
127.90337283828067
128.17072779319184
128.4875404761004
128.75262719546322
128.75262719546322
129.12171069330168
129.3927336530706
129.3927336530706
129.41778283936705
129.41778283936705
129.69945893669086
130.61094336306218
130.81981622299298
131.18179712925286
131.32510042043853
131.6792509859362
131.83068656844816
132.0341836625984
132.0347446124392
132.3332464279394
132.49054246433204
132.7398203522087
132.7398203522087
133.09713439713656
133.38405510680565
133.5661622112875
134.0262118710997
134.2973907729339
134.84043502024997
134.91690553605704
135.0371633161888
135.23376693324929
135.50782781593992
135.50782781593992
135.91622087325223
136.05933758806248
136.15946288990992
136.9004144479188
137.37513406201182
137.37513406201182
137.67589898625644
137.7128707905167
137.8506429806055
138.03576489212892
138.2030495257248
138.45582678206668
138.76970342641386
138.76970342641386
139.0515482310734
139.42512881683268
139.5850423138194
139.66676889549578
139.98364274746032
140.14863479882686
140.23065495306176
140.448444378984
140.74405031551314
140.96857919055725
141.4268996294201
141.76059997810145
141.90404211478614
142.12652580184246
142.5813636391331
142.5813636391331
143.06480358277207
143.27322338931458
143.50636036258413
143.74693416744066
144.20816142414407
144.4529035200579
144.52108414243713
144.7682427218143
144.94150618451113
145.1334192648407
145.25209818986698
145.76167145691906
146.26345112197058
146.41615701061332
146.41615701061332
146.71581188184402
146.71581188184402
146.93796996836045
147.15630314397964
147.15981899316904
147.43760623273786
147.43760623273786
148.020996846585
148.09201077267952
148.5487336220623
148.90022514719723
149.0987932455312
149.18439077540737
149.18439077540737
149.18439077540737
149.30218476045343
149.4989980029901
149.92141783318905
150.0541601246784
150.0541601246784
150.10957309847106
150.3393002575394
150.50025671401107
150.69233880400952
150.69233880400952
150.81663426603066
151.12893035282107
151.48532408758186
151.80459570238054
152.30551591435523
152.30551591435523
152.57384142642627
152.82879837140555
153.1791381497012
153.1791381497012
153.1791381497012
153.65960751775165
153.99464529028717
154.2953421262911
154.56295247592868
154.86293915173408
155.00606563247686
155.281738785931
155.8158326150518
156.02919743800265
156.02919743800265
156.02919743800265
156.44881279755776
156.44881279755776
156.4546207613677
156.57376321282524
156.57376321282524
156.57376321282524
156.57376321282524
156.57376321282524
156.57376321282524
156.96976111559138
156.96976111559138
157.37824910926176
157.37824910926176
157.86915535480784
157.91255395844104
157.9767250471985
158.11223379043727
158.22629866434
158.22629866434
158.22629866434
158.3848238061889
158.3848238061889
158.67784796030864
158.98490804480167
159.18750524232092
159.47419859563598
159.59871518861019
160.19128038602116
160.33289356480742
160.66866733651
160.74787100832543
160.80591256675368
161.21119627919867
161.6163811176528
161.6163811176528
161.6163811176528
161.7772474235371
161.90632589590638
162.10746674439153
162.44088032667048
162.75468274377366
162.79815161185851
162.9955156142362
163.23047934180104
163.59424902061946
163.64844320995618
163.64844320995618
163.9643420963736
164.42905804319213
164.69075307709008
164.69075307709008
164.7514737336163
164.7858877102433
165.28004001324663
165.63964988992373
166.09520635867037
166.09520635867037
166.53640821097264
166.53640821097264
166.72410416191755
167.10776611190767
167.41256909381946
167.41256909381946
167.42215596843172
167.42215596843172
167.42215596843172
167.5363208201791
167.6786820067865
167.91700973771646
167.91700973771646
167.91845823237787
167.96348871096686
168.32686564730668
168.32686564730668
168.53104679761725
168.68729470517812
168.88760935296432
168.88760935296432
168.88760935296432
168.88760935296432
168.88760935296432
168.93805509561332
169.0468672871112
169.0468672871112
169.19485419159028
169.36834502057
169.53551746027853
169.65757399811554
169.82807759639462
169.82807759639462
170.00350429684795
170.31941257334714
170.3471331456689
170.45695142216243
170.45695142216243
170.45695142216243
170.77235477013082
171.11288057951265
171.11288057951265
171.11288057951265
171.11288057951265
171.11288057951265
171.41516409253006
171.52670973908153
171.65922993110541
171.65922993110541
171.65922993110541
171.65922993110541
171.79563196396722
172.2582972756676
172.5706629932923
172.94339856133752
173.24143098048063
173.24143098048063
173.6998077463067
173.9723202763552
174.24452835854063
174.24452835854063
174.61725705311474
174.81279348608572
175.16671982424566
175.16671982424566
175.28470833047714
175.28470833047714
175.28470833047714
175.49612990134912
175.49612990134912
175.5836575603703
175.5836575603703
175.5836575603703
175.7699620194256
176.05715932537083
176.14457794190932
176.42979657589964
176.42979657589964
176.48034111896652
176.48034111896652
176.74097542555265
176.74097542555265
176.95326401098947
177.1951529324427
177.25979159295355
177.41870287283203
177.59966928816573
177.8854670549434
178.17378353775896
178.29212102858276
178.29212102858276
178.29212102858276
178.3283265944351
178.58527933366057
178.6941334389452
178.6941334389452
178.86255689677304
179.0161008940522
179.5521230399145
179.7021160043138
179.7339494159203
180.04323683980988
180.15498254503038
180.15498254503038
180.40474022269203
180.51624374128022
180.55219681020017
180.55219681020017
180.6598329272157
180.6598329272157
180.8422128759787
180.8422128759787
180.86419316168244
180.95027100881944
181.13705993588502
181.238647020035
181.6629387584739
181.84543857072262
181.84543857072262
181.84543857072262
181.84543857072262
181.84543857072262
181.84543857072262
182.06327239174502
182.33688375718447
182.515511389668
182.515511389668
182.52516229131726
182.53607101795168
182.65688804709706
182.79058206049322
182.81213902451145
182.81213902451145
182.88465748734978
183.06636801113183
183.32399372261014
183.53427422028813
183.53427422028813
183.55683972319275
183.55683972319275
183.92991912478269
183.92991912478269
183.97260430210392
184.04173981088806
184.2142719091287
184.50011686596278
184.50011686596278
184.72694459201676
184.8713859158974
184.9904352421308
185.13301881195795
185.46645539081035
185.63761954383764
185.9096340886577
186.03970171150473
186.29404539368244
186.3247036043784
186.61311658879376
186.70161038841448
186.70161038841448
186.80697448622522
186.98220828784446
187.07170869735694
187.08511013554764
187.26104668036362
187.5936868512102
187.5936868512102
187.5936868512102
187.5936868512102
187.5936868512102
188.02262046297724
188.0293074064312
188.43468065121257
188.47032809750942
188.75990178801206
188.75990178801206
188.92515827774855
189.2530490440068
189.2530490440068
189.43970858794435
189.68955750540567
189.68955750540567
190.0213655868527
190.08660936531163
190.40791007611514
190.49112964460636
190.5886258561242
190.6206050836118
190.6206050836118
190.63672168433982
190.68355577171604
190.68355577171604
190.8362943348586
191.08001090461343
191.15953211324697
191.41655539048523
191.41655539048523
191.54737323096091
191.54737323096091
192.0222594342103
192.22174699600257
192.22174699600257
192.22174699600257
192.53151528213328
192.80812969101552
192.80812969101552
192.80812969101552
193.12085719955485
193.44545345219163
193.54522478388444
193.54522478388444
193.59304520846027
193.59304520846027
193.92638496883848
194.01715368580884
194.01715368580884
194.18972823996836
194.40610844948745
194.40610844948745
194.80182658738633
195.41158751690517
195.928898826004
195.96840651150626
195.99115879810932
196.2469960773504
196.3065560144455
196.42488910350488
196.43366907881034
196.43366907881034
196.8435318730126
196.96913347781052
197.105879050029
197.179366534789
197.62238464764314
197.81552422942173
198.01723258327416
198.11516244699362
198.2663769072392
198.34140554670375
198.47074019414922
198.47074019414922
198.4939463493396
198.71027304946344
198.9437735881948
199.0997792161332
199.40808165425204
199.60556761831882
199.71080136920284
199.95727896856081
199.95727896856081
200.10793065253162
200.39349323489446
200.4279817442876
200.97338904839972
201.39948328483618
201.54969870532213
201.66601314036345
201.91019329496496
202.230742223025
202.230742223025
202.396626710031
202.69280436362934
202.86978743856952
203.1428047563048
203.1428047563048
203.307177920691
203.6565504279517
203.6565504279517
203.93679888232828
203.93679888232828
204.20059964630903
204.39646621773056
204.39646621773056
204.48299769423951
204.7787114433658
204.7787114433658
204.83403608417038
205.01980994073423
205.24636704400643
205.34453790652765
205.34453790652765
205.65759330940858
205.65759330940858
205.9832301371089
206.2261013162215
206.39156622631114
206.39156622631114
206.79632983167812
206.79632983167812
206.79632983167812
207.38127768765278
207.5745974587357
207.63848516304893
208.09687307949528
208.3514823614365
208.4032970799859
208.4032970799859
208.8289293993127
209.10129501043158
209.43001173450364
209.67814501612403
209.69811770799652
209.85767720807377
210.26976334190022
210.30000916775558
210.30000916775558
210.47171999690678
210.8637782148864
211.08014219914787
211.08014219914787
211.26875756962227
211.68038814505724
211.88289888802265
212.20419106327643
212.60068833093402
212.60068833093402
212.60068833093402
212.79905651501073
212.79905651501073
212.79905651501073
213.0196697822433
213.23065961376713
213.612248143739
213.6853255717019
213.92901022885647
213.92901022885647
214.08393575425652
214.08393575425652
214.30224640695903
214.3285374441115
214.53287618858846
215.01654493574011
215.01654493574011
215.5361491959141
215.60734208900988
215.60734208900988
215.8941202543054
216.0520102354413
216.40522656682532
216.5257961507321
216.8834946075496
217.1969571873167
217.20318131208404
217.20318131208404
217.20318131208404
217.33587368600539
217.3462956518193
217.50837068984836
217.54200660534613
217.54200660534613
217.54200660534613
217.72154435923886
217.72154435923886
218.22322326608284
218.22322326608284
218.56351687707405
218.63375328777508
218.83395163143192
218.83395163143192
219.00839275093125
219.4617155919763
219.5528193119391
219.7571118169949
219.7571118169949
219.91466495380044
219.94143280373854
219.94143280373854
220.05267802484622
220.05267802484622
220.1117619883693
220.3258424906595
220.63846150345375
220.63846150345375
221.3071978336479
221.42710969113975
221.42710969113975
221.78165309390383
221.78165309390383
221.8073012777117
221.8073012777117
221.8073012777117
221.8073012777117
222.15620893240762
222.15620893240762
222.1589581565738
222.31892602931384
222.66528376711736
222.87898261054926
222.87898261054926
222.90663800710578
222.90663800710578
222.90663800710578
223.21925251023578
223.50004468939503
223.50004468939503
223.50004468939503
223.50004468939503
223.6976729570201
223.6976729570201
224.2025881305472
224.33830602209997
224.57874553796816
224.57874553796816
224.58598267063525
224.58598267063525
