0.4690821107808005
0.820358171625363
1.1426830016220697
1.1426830016220697
1.2154000309408333
1.4439885204842282
1.6843330200957172
2.181322691971447
2.289959363572573
2.289959363572573
2.5200667796770833
2.8788102902710704
3.19961085770484
3.19961085770484
3.586738471393272
3.82680792645221
4.288027331787625
4.705817256066212
5.310692403303197
5.335333912758295
5.604444049205459
5.7397211147773515
5.842169002724664
6.170824786563198
6.722883253551401
7.265536812542218
7.491269335382193
8.003542666811764
8.622512640228695
8.834750084785835
9.134770273767142
9.26865987627189
9.369480745056203
9.385254909844003
9.697726338184415
9.701300144832302
9.701300144832302
9.872385994339648
10.191201576533578
10.648179443555431
10.902468636762515
11.408825550169542
11.770867236244163
11.917026847826127
12.115614853394565
12.458590401943033
12.916882695946901
13.326736744973513
13.817563234281991
13.913469572091898
14.007912460941052
14.301155141678844
14.509383230086957
14.920591702561472
15.35351233090431
15.82454533769117
15.882269349721266
16.35334673618416
16.613776586432966
17.020534083100696
17.19337364206069
17.423300178688912
17.674909505022338
17.904573336905788
17.97066745816357
18.612601050540366
19.165627665760233
19.545041585396003
19.724899029244355
19.774922273491434
20.21874784729919
20.21874784729919
20.307467106209995
20.621522619773476
20.87712124288475
21.085637208033372
21.497822787460386
21.68403678865658
21.73338962443368
22.120665724418
22.358769597572753
22.598662258342202
23.23972067087316
23.38958634289959
23.38958634289959
23.49962874292951
23.62398683624278
23.73744785474877
24.076568869265884
24.464785162119497
24.722252048045426
25.208091145067264
25.211611296666746
25.299365059265277
25.299365059265277
25.640124560961958
25.640124560961958
25.80734235295861
26.17238046156645
26.56041846312462
26.654418504686795
27.530447117717117
27.699569356420717
27.782050018512386
28.035375507554367
28.241392682503964
28.552640935456488
28.84405015127699
29.559753192647975
29.716166602453647
30.234890592125836
30.530153327053988
31.290484454328276
31.599440618993448
32.17323203515572
32.44442203523204
33.037873929575355
33.347902715411536
33.36577742228922
33.82988872527051
34.47190972609181
34.63072329274377
35.0125455504705
35.272686478967785
35.871229634489296
36.293380502602744
36.871695135226076
37.492717966702514
37.82013170171859
37.970249638519945
38.39300213111804
39.030889961868944
39.280651098874806
39.793687133211535
40.26488697972321
40.531566014968156
40.531566014968156
40.77815363131797
41.29828377274132
41.608276901221686
42.00188574451941
42.106977178430284
42.484652082087614
42.68716600411735
43.027683630598794
43.53314059646011
43.71116249943522
43.74245753021041
43.74245753021041
43.74245753021041
43.838849320600545
43.86116224414691
43.999083805854404
43.999083805854404
44.37322990067275
44.607743563592464
44.805268332752874
44.95981242995239
45.161966475113225
45.161966475113225
45.2950522188327
45.50889454491971
45.50889454491971
45.50889454491971
45.50889454491971
45.65879582292891
45.65879582292891
45.93812023568191
46.19993431601029
46.703862876605946
47.12603561461324
47.63293733973638
48.20812572812105
48.481815235109394
48.95814748374276
48.965604488879144
49.24931373695783
49.356972810835146
49.679802307053365
49.860839102530356
49.959078656467035
50.23526578529032
50.615158879359726
50.82457362380821
51.224614559580786
51.51839031171052
51.645389600924226
51.65279075932213
51.89199178627091
51.89199178627091
51.92000103446609
52.03837282716002
52.45667134477596
52.84150594050895
53.09575112930531
53.37643986083959
53.54767343268779
53.64785425549036
54.14908044289677
54.18475859446951
54.365089097412216
54.45101581439732
54.48753730743962
54.789487453729855
54.9782216139711
55.27337787074934
55.537620967603345
55.537620967603345
55.71466219776605
55.76322047022623
56.00196209821602
56.00196209821602
56.19792885818829
56.19792885818829
56.500364815751766
56.635905038340645
56.738715360966445
57.08215463637864
57.593076771656314
57.631429673830645
58.026606780411726
58.24470533450763
58.39375617436026
58.52167481167769
58.52167481167769
58.983611682557324
59.13357955154352
59.547504542567076
59.61069319149836
60.114358057401446
60.28450614993994
60.73504806082979
60.8077061798478
61.22358363385126
61.472595450931806
61.88505872089322
61.88505872089322
62.15402230686202
62.2880488636406
62.39492782934204
62.58681052046685
62.88573901000771
62.89265046210934
63.015070535218456
63.015070535218456
63.40676849181244
63.60717046266183
63.65191084329379
63.65191084329379
64.10111651178987
64.3961312768648
64.7684695916774
64.88005783652395
64.88005783652395
64.88005783652395
64.94680411864509
64.94680411864509
65.00070810858071
65.05489167530729
65.05489167530729
65.05489167530729
65.11354406630981
65.17623472847623
65.3668257737048
65.3668257737048
65.63253832391216
65.68075923617545
66.23624578602488
66.32321647721179
66.51266694796429
66.9125758157448
67.25861645880707
67.27445650662236
67.36250618181813
67.47678162050605
67.8408592200251
68.20449235138008
68.20449235138008
68.29068288082645
68.29068288082645
68.51686847724629
68.59941935073502
68.72367669421203
69.1078551639006
69.35207783980646
69.53790756421006
69.53790756421006
69.59402228059727
69.66649997742091
69.71012736142376
69.71012736142376
69.71012736142376
69.86771465976386
69.99795161473199
70.0734389152812
70.40867305733646
70.40867305733646
70.56145038076119
70.80705077318426
70.80944529125611
70.80944529125611
70.96555722614784
71.22226436081846
71.22410309061318
71.27364685435022
71.55265661327674
71.55265661327674
71.7027561119219
72.00250719189978
72.00250719189978
72.30845647499326
72.48508955796417
72.48508955796417
72.77378605697199
72.89751560872803
73.12169129744008
73.26008034769592
73.53671259451754
73.57828601429574
73.96259421086083
74.55368395367807
74.61905817675893
74.63135183581151
74.63135183581151
74.63135183581151
74.63135183581151
74.63135183581151
74.63135183581151
74.63808311853938
74.73361260265062
75.0699131629306
75.24892571270347
75.24892571270347
75.64849385899926
75.86084876524802
76.01057648807088
76.07320926218527
76.07320926218527
76.26735284776443
76.65534219827288
76.65534219827288
76.70026222018492
76.70026222018492
76.70026222018492
76.70026222018492
76.71747590733078
76.81856782023428
76.81856782023428
76.81856782023428
77.18617446780259
77.2618793629419
77.2618793629419
77.30237157536567
77.56477125961705
77.67567008279532
77.84038761078662
77.84038761078662
78.41471799266904
78.5260256312062
78.65901911197433
78.65901911197433
78.88674593605988
79.19500282657411
79.29789091435119
79.47014078444235
79.64760295889067
79.73105024875456
79.95352880505753
80.01745866408022
80.27395545583249
80.39243309043535
80.39243309043535
80.44091267665107
80.69680643544046
80.69680643544046
81.0036999822322
81.12529939156362
81.12529939156362
81.56338502247773
81.744236493387
81.90748458604989
82.26064278344012
82.42193964999353
82.77997570404138
82.9603148241717
83.18569286114342
83.26473533329307
83.46045684417496
83.47923727877975
83.60282785837781
83.74927129484793
83.8136097504543
83.94507056190427
83.94507056190427
83.94507056190427
84.29296202640995
84.59070988340028
84.696694668493
84.81564040522942
84.97105694171394
85.10668110439076
85.33160711897105
85.5714679367555
85.85437751469924
85.96913087597137
85.96913087597137
86.04563619054503
86.04563619054503
86.22514489485056
86.47007556030417
86.50176495030836
86.64663969625816
86.86011103601948
86.86011103601948
86.95402407772752
87.08700083999184
87.40042477103084
87.40042477103084
87.40042477103084
87.50015204315957
87.82358200772823
87.82358200772823
87.82358200772823
87.98873173827597
87.98873173827597
88.36276756127586
88.53781689278398
88.53781689278398
88.79668876297312
88.79668876297312
89.20841737421779
89.54829702354007
89.69868562719529
89.76317201499054
89.77729271262297
89.83716031611762
90.26485061101904
90.32215344716538
90.35324679700214
90.45777788405981
90.53094010513357
90.82901595326692
91.02826578817229
91.45152140470096
91.51945251928655
91.66953599471867
91.72838306227511
91.92026875316007
92.32976538754318
92.57450610627949
92.70864374790223
92.93375952774304
92.93375952774304
93.08400842097441
93.29861726120176
93.38970768093073
93.60336841031767
94.0121288768911
94.05957099789327
94.12751344046448
94.12751344046448
94.5122126487885
94.5122126487885
94.82193033420879
95.29815395948523
95.66232067354993
95.9111028545823
96.19995822855076
96.26410177358942
96.42298980483358
96.62288329239331
96.90652698908028
97.18309757992805
97.52404860958866
97.52404860958866
97.8222778298334
98.2463283127872
98.44297019469171
98.5489308573426
98.82816605023586
98.90542364460346
99.26956284697994
99.4016800035916
99.59645024731448
99.59645024731448
99.80585378797757
99.80585378797757
99.90942718640991
100.1552231411638
100.23492248469775
100.43870124598553
100.54055307176088
100.54055307176088
100.67205064472965
100.67205064472965
101.13856750355914
101.33350194802816
101.57183838914604
101.6161360354208
101.63008890037263
101.73595949987222
101.89974541941208
102.18861916228633
102.3784347142083
102.67404745256093
102.89955279196087
103.22908500109824
103.42636944875244
103.42636944875244
103.50195677648793
103.85568195289467
103.99352214240679
104.11153409587345
104.4067191839752
104.43009959354056
104.59285538045616
104.59285538045616
104.60133050377178
104.97399498945454
105.25338686512504
105.25338686512504
105.56829251631932
105.73026151707464
105.73026151707464
105.73026151707464
105.73026151707464
105.86538500869248
106.02237106417431
106.02237106417431
106.28833880555474
106.37830044057996
106.41023160658352
106.48055408983343
106.5377006336582
106.83318348468845
106.83318348468845
107.15418678177443
107.30942007674867
107.34481911391497
107.34481911391497
107.53184870543419
107.826814792378
108.13983959661974
108.26910274344402
108.45128414520966
108.70852225389223
108.87982435310226
108.87982435310226
109.01859559971734
109.2082321449435
109.29401169954332
109.29401169954332
109.47306006509126
109.69742535745387
109.87261447110843
110.06008913987144
110.160028751357
110.20985749098257
110.20985749098257
110.63769268295073
110.78406637659157
110.9303422457268
110.9303422457268
110.9303422457268
111.29502598905775
111.32231035181502
111.45239290369226
111.45239290369226
111.55291826566692
111.79848914519584
111.8802023491696
111.8802023491696
111.97267496823724
112.10925062436272
112.38987548133257
112.57100881505582
112.94610930368843
112.94610930368843
112.94610930368843
113.05956654231946
113.27813936441757
113.47851525290476
113.62521320767483
113.98941571826985
114.21909226268794
114.21909226268794
114.36866508028638
114.49815218538318
114.49815218538318
114.602642184454
114.7610757990966
114.77526231438385
114.98173218751988
115.13356961913806
115.14983962191299
115.14983962191299
115.14983962191299
115.1529121136106
115.30173961095801
115.30173961095801
115.30173961095801
115.58922467753693
115.74305265823982
115.74305265823982
115.75173707179052
115.75173707179052
115.97938661749929
115.97938661749929
115.97938661749929
115.97938661749929
116.2362243275918
116.40614604411529
116.6974174597555
116.82968870420923
116.82968870420923
116.82968870420923
116.82968870420923
116.82968870420923
116.82968870420923
116.82968870420923
116.99660560404287
117.23273157453343
117.40124705828892
117.58068790348742
117.68246790716489
117.68246790716489
117.94452870036675
118.20541266597668
118.20541266597668
118.21820229213166
118.21820229213166
118.2472612305735
118.2472612305735
118.4697159958338
118.72882744682548
118.93239115382102
118.9343813700112
119.07156672618882
119.07156672618882
119.07156672618882
119.07156672618882
119.07156672618882
119.07156672618882
119.15440481957555
119.17294745650298
119.23292423774542
119.38547079352828
119.38547079352828
119.38547079352828
119.65052997247675
119.65052997247675
119.72534753152553
119.80860433422225
120.11035851578656
120.11035851578656
120.11532050509192
120.11532050509192
120.3123204296196
120.3123204296196
120.3123204296196
120.3123204296196
120.38853970322793
120.38853970322793
120.56978970174168
120.56978970174168
120.56978970174168
120.63184911741592
120.75599519309367
120.7636349497231
120.80928287959921
120.80928287959921
121.19939834011286
121.34084606830865
121.61155789328873
121.77987701247189
121.77987701247189
121.77987701247189
121.98794510675651
121.99890487849599
122.00303268359524
122.00303268359524
122.03140584887461
122.17473194907124
122.17473194907124
122.17473194907124
122.24819042057383
122.24819042057383
122.32848180024605
122.53607785330253
122.53607785330253
122.53607785330253
122.69588988920269
122.95888337710849
123.15447683822816
123.20898206153483
123.20898206153483
123.337314032131
123.46995095355055
123.82763135206065
123.91145487331279
124.02394775895364
124.4200463888732
124.53189018633009
124.58853361961494
124.69201271124516
124.69201271124516
124.80508473365039
124.80508473365039
124.87937439251507
124.87937439251507
124.9829953786544
124.9829953786544
124.9829953786544
124.9829953786544
124.9829953786544
124.9829953786544
124.9829953786544
124.9829953786544
125.27275036156355
125.27275036156355
125.44376474858805
125.44376474858805
125.91522583630879
125.9350888379608
126.10636375128821
126.43984129852646
126.43984129852646
126.43984129852646
126.57956765414139
126.60855401408374
126.6896722838348
127.06042279088156
127.08321298237034
127.28712629554951
127.37559665865221
127.38872754682315
127.55953724947986
127.70400251817615
127.92742826884847
127.92742826884847
127.94449700847161
128.23186787930496
128.23186787930496
128.33961329328937
128.33961329328937
128.73006954820875
128.8757697373714
128.8757697373714
128.90231307516925
128.90231307516925
129.0463515780718
129.28276049448053
129.49551632809172
129.49551632809172
129.57381371135492
129.64058771328055
129.64058771328055
129.87871820818975
129.905329808772
130.23058584930104
130.23058584930104
130.26989824760514
130.4308585727558
130.52595248803647
130.7312137919447
130.7471842999916
131.00262052500898
131.0347216577679
131.0347216577679
131.10461848827583
131.10461848827583
131.1440575991447
131.44311792992625
131.44311792992625
131.62903484165642
131.6576130712905
131.6576130712905
132.05709578163908
132.05709578163908
132.2704415055512
132.2704415055512
132.2704415055512
132.2704415055512
132.30837938934792
132.30837938934792
132.38854778893165
132.38854778893165
132.56080793734304
132.58239802467034
132.58239802467034
132.89652954585452
132.89652954585452
133.20721745494558
133.23593702453024
133.43846219689473
133.53644829254176
133.64769658456635
133.99389326109227
133.99389326109227
134.19735045177342
134.32687855755893
134.4285887529779
134.44725407590246
134.65183742167682
134.65183742167682
134.9018917305276
135.20172411863751
135.55762308426526
135.58677341918394
135.76923939686205
135.85976597235293
135.85976597235293
135.85976597235293
135.85976597235293
135.85976597235293
135.89664680904497
135.89664680904497
136.07628136877557
136.07628136877557
136.07628136877557
136.20646010284017
136.20646010284017
136.4011785700732
136.4011785700732
136.57373850118088
136.57373850118088
136.8303995014482
136.87110303691398
136.87110303691398
137.03176419340554
137.1083258350255
137.39745754945108
137.53553648976873
137.53553648976873
137.65102763140405
137.65102763140405
137.65193513100684
137.8312745132251
137.97523092126065
138.06955290956677
138.1207414233235
138.36992802138715
138.36992802138715
138.36992802138715
138.48327481652146
138.64119822094423
138.64119822094423
138.64119822094423
138.70446007726184
138.70446007726184
138.70446007726184
138.70446007726184
138.70446007726184
138.70446007726184
138.85884351377112
138.96514952577428
138.96514952577428
138.96514952577428
138.96514952577428
139.03255584568169
139.14998147438388
139.35875211478537
139.35875211478537
139.41784464315757
139.74686092954687
139.74686092954687
139.99600179579386
140.21768621828954
140.30299196707088
140.5329828944686
140.5329828944686
140.5329828944686
140.7229589934796
140.7229589934796
141.07482206715443
141.07482206715443
141.29025787316564
141.29025787316564
141.35957172860344
141.71792966968593
141.7788399787987
141.84048467556715
141.8863453759924
142.01364849842975
142.01364849842975
142.0379819666151
142.0379819666151
142.25115582983875
142.25115582983875
142.25541979636708
142.25541979636708
142.36679018582225
142.45308884641744
142.5862201113553
142.67060836358763
142.67060836358763
142.67060836358763
142.72023298273447
142.76599084720272
142.76599084720272
142.76599084720272
142.76599084720272
142.76599084720272
143.0644061536956
143.0644061536956
143.0644061536956
143.0644061536956
143.21309996163322
143.21309996163322
143.24370200610312
143.33751854168847
143.3518489433532
143.46150179469078
143.58121697965635
143.68366107271245
143.81606179417204
143.81606179417204
143.81606179417204
143.8166833317374
143.85874762834584
143.85874762834584
143.85874762834584
143.9851476928941
143.9851476928941
144.26735666334423
144.55870474655393
144.5669406831308
144.61136326021528
144.66317933721726
144.69061019840368
144.69061019840368
144.9963970597356
144.9963970597356
145.15499038499513
145.27027551097285
145.27027551097285
145.27027551097285
145.27027551097285
145.28230869179478
145.34948939968027
145.34948939968027
145.34948939968027
145.5261083629427
145.55828062099036
145.55828062099036
145.55828062099036
145.55828062099036
145.55828062099036
145.78133787296738
145.78133787296738
145.8102804127617
145.9647338292794
146.02200442925528
146.02200442925528
146.13359743603726
146.36815453862314
146.36815453862314
146.36815453862314
146.43215879146405
146.43215879146405
146.57942115280997
146.6597333652684
146.6597333652684
146.6683276569183
146.6683276569183
146.8956984557039
146.8956984557039
147.05840692045342
147.2168540075048
147.25908035977832
147.3826166929896
147.3826166929896
147.3826166929896
147.41214136079236
147.41214136079236
147.5660587092899
147.6683427264858
147.72445320473074
147.77985860705036
147.89451392473663
147.89451392473663
148.17585764320813
148.18275334968095
148.34154019378153
148.34154019378153
148.3696396459423
148.3696396459423
148.3696396459423
148.3696396459423
148.3696396459423
148.46900792943825
148.46900792943825
148.5582081033687
148.63622580329283
148.63622580329283
148.81724479157106
148.81724479157106
148.83769223661636
148.83769223661636
148.9518270529061
