0.7624841483573666
1.0099620738040984
1.2122771169813966
1.3778873091526218
1.3778873091526218
1.7923438961498244
1.8593523565274581
2.1489493887083313
2.5991092433958007
3.16100813683289
3.289034084421683
3.319251076636256
3.5958567397544465
3.8429159110146256
3.8512276041992752
4.159258869184031
4.768260145199794
4.787798418903203
5.266223714680869
5.266223714680869
5.344522145540349
5.444589618219789
6.289827078809717
6.736333854736871
7.013912266780528
7.033385105387534
7.58754242377077
7.78101059589772
8.235162673428098
8.599402626205334
8.8070681764964
9.469322358902609
10.024136903052144
10.205692157351915
10.359969460873442
10.81750453195139
11.42402673756474
11.486843307650737
11.844309873883137
12.297653583261123
12.373709606371062
12.869802394176661
13.33719290711289
13.699744002217283
13.956620081006173
14.687348726881886
14.687348726881886
14.804697816900926
15.072249710497854
15.163813952002752
15.596327415448867
15.961056722940866
16.63512774168976
17.132517293109466
17.530976780171905
17.721517206467446
17.745688410986386
18.02949044946916
18.92179200812728
19.18169651709581
19.48168787365463
19.48168787365463
19.77046443552347
20.452411259066345
20.943561211085427
20.95336824895074
21.146278125772756
21.146278125772756
21.51346591434359
22.21155254074477
22.43887858602773
22.848952148762574
22.848952148762574
23.34566242731083
23.47834980537506
23.630460230794146
24.078796279806227
24.72743824075741
25.30054179729008
25.364878242577134
25.901224400013053
26.301035180380616
26.399645575781253
26.435043560381857
26.82666531085754
26.99385000200986
27.166031750769207
27.323430248357585
27.522988329417323
27.681901034544754
27.812635518826735
28.25303919057587
28.31350748432933
28.672821328283906
28.990280800530194
29.4630358980726
29.501072188767015
30.048639422506458
30.658282315404477
31.119409586369677
31.209492760394454
31.67303477125035
32.049947219844036
32.152377772775864
32.63134203798164
32.822492993066454
33.413792083584866
33.7932760655412
34.4724975991605
34.79200706667468
34.882379985984095
35.27241562452386
35.568807591243775
35.71374898885045
35.97077833938587
36.12329397530533
36.12329397530533
36.2863180289592
36.28829286272082
36.28829286272082
36.28829286272082
36.461560875203524
36.4652008568991
36.919123816589604
36.968452367659175
37.1911952074654
37.66722575258649
37.907502031545185
38.52077292928613
38.61857267135168
39.52315928000221
39.87366334383082
39.87366334383082
40.12640325108658
40.22427699761529
40.22427699761529
40.45506967144867
40.45506967144867
40.45506967144867
40.45506967144867
40.45506967144867
40.45506967144867
40.597877198857844
40.652780355371064
40.652780355371064
40.88499040451495
40.9149030729145
40.9149030729145
41.32461665648717
41.39936906274282
41.62339950587799
41.62339950587799
41.97822512465212
41.994336834017375
41.994336834017375
41.994336834017375
42.214202688310436
42.214202688310436
42.67434311575592
42.67434311575592
43.027755984285186
43.027755984285186
43.04788332473129
43.383627917028036
43.919559130088416
44.12426703890383
44.23530793866671
44.23530793866671
44.36211639319336
44.69774441643708
44.714287010080184
44.873233857726376
45.21523548616908
45.62385939762475
45.723718115265406
45.83585259467587
46.04727650969317
46.498495972300056
46.498495972300056
47.113442107091906
47.22814235091876
47.55123358625083
47.84284492187257
48.163863746169994
48.60359464407373
48.68716467789087
48.83444447649732
48.83444447649732
49.100949867180134
49.51504134841928
49.85816325825713
49.85816325825713
49.85816325825713
49.993981147126675
50.065081907332825
50.306524677906026
50.523002377326534
50.73643705093573
50.964216268465734
50.964216268465734
51.27799246776606
51.27799246776606
51.54866737373113
51.58891535338321
51.8811138941345
52.28094207170062
52.28094207170062
52.638519503380884
52.638519503380884
52.7180003960866
52.86252581179864
53.20990523595252
53.358261385739446
53.45391812759586
53.92375449286079
53.92375449286079
54.171845169380525
54.382008760203355
54.382008760203355
54.3913698327046
54.48885050422523
54.961085871523345
54.961085871523345
55.18560361748175
55.18560361748175
55.19708594649872
55.22710336513148
55.22710336513148
55.44580817201889
55.44580817201889
55.73783702204909
56.062225323953975
56.405175720290785
56.932576541570974
56.97776360477263
57.35762508012413
57.60177547199357
57.60177547199357
58.01478460169164
58.298493522669936
58.298493522669936
58.298493522669936
58.298493522669936
58.764179713389446
59.10434917055769
59.43790209006944
59.936858491483854
59.97120958138205
60.130699786345225
60.35763316351202
60.35763316351202
60.51092590875035
60.726288528301424
60.726288528301424
60.808721476615624
61.324112400336574
61.524375795553176
61.524375795553176
61.627102457791416
61.627102457791416
62.04236913687027
62.232772739799415
62.393928211462125
62.87208274514761
63.533061806398614
64.08525773865829
64.5320867236881
64.74357977935027
65.35533842486599
65.81846304227405
65.99545949918733
66.19925633477095
66.48602707146902
66.637408421676
66.95322624590652
66.96111117662113
66.96111117662113
67.26638977931296
67.44567117004922
67.79180950400227
67.90617842711997
68.57805926720201
68.606974088465
69.10092907594942
69.10092907594942
69.10092907594942
69.16733478821874
69.67507661034122
70.10336928647747
70.40215030326725
70.67797953300031
70.99934413315488
71.46982997184108
71.58758628507437
71.7549079714302
72.1687202235521
72.25377661717997
72.46607542248876
72.8718384751147
73.03340051332444
73.36048614567397
73.46476383699499
73.78008027033661
73.78008027033661
73.92853671559038
74.46805661554738
74.88772379188572
75.58599665367296
75.65199109108933
75.88717192772961
76.07065365922844
76.36777758676072
76.36777758676072
76.46386489314227
76.7545717129574
76.95045651786955
77.10163636748864
77.10163636748864
77.29455895921686
77.68632637382845
78.20646126827856
79.04315733282742
79.3426835557752
79.668884569915
80.07687740975945
80.58307034726747
80.89812789411829
81.39117330926386
81.48070255696935
81.98745879676123
82.18419247605719
82.74640289289374
82.90615603241932
83.08510092610263
83.33808191866255
83.48108172977096
83.63514084579161
83.85948891508555
84.23521493418848
84.39472682078548
85.19326618040844
85.41291702083033
85.84628495985582
86.20594304062465
86.42497857765946
86.65526082846316
86.83384504852289
87.18588028870654
87.18588028870654
87.61249419926634
88.03805286104809
88.3192887985096
88.70844554134587
89.18146762089445
89.48142487441436
89.48142487441436
89.70754462203193
89.73944462446376
89.91414535936337
90.41389276343122
90.5954261214936
90.5954261214936
90.60500162818373
90.60500162818373
90.73565624295499
91.03489008051811
91.03489008051811
91.03637287470339
91.48415961183298
92.09724549627525
92.3455269920268
92.7711800433847
93.2375148247923
93.51742998899397
93.781612110236
93.81570384083432
93.81570384083432
94.29908905376296
94.78708827006638
95.033867094605
95.32881733945406
95.36739103228258
95.53972731695198
95.53972731695198
95.81662971116329
96.25128318678115
96.25128318678115
96.27158755545435
96.31809552956152
96.5760724617561
96.9905363494451
97.30948496357827
97.73686168629652
97.9852608820906
98.19380990413826
98.51291967203667
98.55994508386483
99.01221347931688
99.33210135923021
99.85089200351592
100.49055339022227
100.57095204518352
100.71379063327862
101.3505682748181
101.41509136126255
101.59329801824624
102.14590741805273
102.46832358269626
102.73523515588953
102.73523515588953
102.9402345126396
103.2556760818779
103.40397339902752
103.61886223061495
103.81656310756321
104.3670293042345
104.64359113687784
104.87495210600024
105.21350594214954
105.76831169825155
106.27712346944693
106.63128905496156
106.97855173861569
106.99459804809071
107.57270439690994
108.05824780993272
108.67017521348659
108.67017521348659
108.6990476495216
109.05480604735244
109.3636115190661
109.3636115190661
109.4331420086413
109.60777550066851
109.93657978020923
110.47389452413938
110.77540063514721
110.88477867897203
111.1023118986981
111.1023118986981
111.24617663757004
111.68607375851957
112.1393479848601
112.37114163412286
112.86887661667737
112.86887661667737
113.23365373714282
113.64243235639292
113.64243235639292
113.64243235639292
113.65191187577136
114.09904797920827
114.09904797920827
114.5164856391082
114.5164856391082
114.85573854319988
115.42348701163668
116.11422965213066
116.40716985528256
116.57340961327907
116.65374187487413
116.74107610598394
117.11622715496969
117.22535836495359
117.51302745016366
118.1035558141728
118.1035558141728
118.32112510674645
118.3995790972634
118.68081700500036
118.91337001407956
119.5353219772902
120.03028276210412
120.16404704464135
120.59984843382462
120.7003151842205
120.7003151842205
120.80200580230952
120.81609736965757
121.53783570386248
121.53783570386248
122.06628982633755
122.2673623539193
122.4372678305053
122.76619565965498
122.89388840509913
123.25720504848323
123.37757014147357
123.37757014147357
123.47684917655994
123.7318222132561
123.7318222132561
123.82378109766847
124.56325307419173
124.56325307419173
124.83619705445496
125.16487476486931
125.54720843028484
125.944713195456
125.944713195456
126.3105767785846
126.3105767785846
126.698259720678
127.04117264120416
127.04117264120416
127.45404631706413
127.58884194508755
128.27477429225817
128.44470906209227
128.88607672270166
129.12457737303671
129.49665337558383
129.49665337558383
129.66809466431178
129.76660807439512
130.0165350026135
130.61114132836238
130.88686383606526
131.4102305944718
131.5807302642457
132.17075857141924
132.36974927126977
132.67497982004318
132.69958766965848
133.04206156127884
133.36209413372626
133.64525332609523
133.94074654086396
134.19240022738055
134.19240022738055
134.27491914206732
134.99515559548917
135.82352015806737
136.1936342910982
136.53370667872105
137.06097312045387
137.72924099360054
138.60523854652365
138.60523854652365
139.4408808188031
139.4408808188031
139.66954013285752
139.7676432369273
139.7676432369273
140.06719731332964
140.43664141543707
140.61233789467775
140.9843022244637
141.67032068657446
141.68329237115242
142.13213057438142
142.13629020222757
142.13629020222757
142.44022996969264
142.5280246287094
142.53175009629098
142.85400477816503
143.3720820715529
143.6357919406918
143.66565256684055
143.74809195331514
143.74809195331514
143.78551450391205
143.99979410621145
144.1563204021937
144.49426390026144
145.01565226796592
145.31355753651403
145.31355753651403
145.54048729840088
145.67113696865104
145.71296173071573
145.71296173071573
145.80162176158606
146.16454442770052
146.53913063361546
146.53913063361546
146.53913063361546
146.70162601895368
146.99770218321882
146.99770218321882
147.40411456757644
147.4166288888924
147.4166288888924
147.56165585093956
147.56165585093956
147.68353968594613
147.94269976645904
148.0388756775389
148.08306567939255
148.47427900001216
148.47427900001216
148.47427900001216
148.76966400426727
148.76966400426727
149.05183866165453
149.05183866165453
149.11991812151467
149.45035412517382
149.90695755492746
149.99005188840923
150.30374964403967
150.30374964403967
150.3138384636176
150.5721747976195
150.5721747976195
150.97403809565532
151.032318207005
151.1232048821473
151.26981277071178
151.89944306752102
152.22084314663715
152.79246863858208
152.92007333826706
153.29772558861302
153.29772558861302
153.30579574921316
153.41182467414623
153.41182467414623
153.42555357336823
153.80362984027528
154.06677015703158
154.06855066164826
154.10105563060594
154.28484897699616
154.3117230242178
154.3117230242178
154.3117230242178
154.79280856987654
155.05919217763918
155.21505094655106
155.7257105134564
155.7257105134564
155.7257105134564
155.75333470943502
156.21205278398602
156.23331663845738
156.75375668822372
157.04849705213203
157.04849705213203
157.18138939332727
157.36259943029825
157.36259943029825
157.4576173818207
157.78278051827598
157.94540886344205
157.94540886344205
158.05739461601837
158.37618747104054
158.47966066969312
158.58074563250483
158.88749452518903
159.57636002119818
159.57636002119818
160.34495653021924
160.37949088463316
160.56783292075616
160.6846005081841
160.9241842992198
161.0723238260191
161.3227328126688
161.55686991578025
161.8702274021289
162.25113621325957
162.60543172164878
162.6347264268917
162.6347264268917
162.9281961982547
162.9933716754087
162.9933716754087
163.3736667316119
163.48682513274838
163.64679566045277
163.83850600206839
163.83850600206839
163.83850600206839
163.83850600206839
163.98039761025473
164.41195901680854
164.84789959295145
165.08533220486274
165.58528627329542
165.9825279847471
165.9825279847471
166.34506760999327
166.34506760999327
166.55642146845747
166.7279808346321
166.7279808346321
166.9418875008027
166.9418875008027
167.0247565163777
167.12007872339657
167.12007872339657
167.12007872339657
167.34990344435704
167.68234536376073
167.68234536376073
167.68234536376073
167.71783513576653
167.71783513576653
167.71783513576653
167.71783513576653
168.2188793262508
168.24897972985124
168.3816322571521
168.3816322571521
168.66351432513747
168.96758889135162
169.1241375070328
169.1241375070328
169.1241375070328
169.1241375070328
169.3396679262248
169.4814142289499
169.7488675745819
169.91900299746035
169.9658723277153
169.9658723277153
169.9658723277153
170.24899970767976
170.24899970767976
170.39200851834389
170.4112189225075
170.56640505621263
170.62213780066114
170.79050869686503
171.1134574549925
171.29634756165223
171.4803271711441
171.7770107256365
171.7770107256365
172.0083327627458
172.0083327627458
172.53658360288395
172.70998830464663
172.71775833199413
172.71775833199413
172.71775833199413
172.9609931754668
173.0300093977152
173.072658273649
173.38293895239863
173.6564060645742
173.6564060645742
173.6564060645742
173.87898138842985
174.14438284074126
174.3825713450626
174.3825713450626
174.62277249424616
174.76109631627662
174.76109631627662
174.76109631627662
174.80640352460878
175.37081742393227
175.44195701193698
175.94838837682568
175.94838837682568
176.0867006463488
176.21911956235024
176.30723670486466
176.7259073213872
176.87391456508385
177.30047398140354
177.49361746079146
177.6599458519977
177.6599458519977
177.89026756436738
177.97669298688606
177.97669298688606
177.97669298688606
177.97669298688606
178.40922485641224
178.51124033193545
178.60418796568047
178.96612933495004
179.02356289790998
179.21897125964122
179.27694452118357
179.34857619483222
179.7039416202343
179.7039416202343
179.91266036709467
179.91266036709467
180.07353210363405
180.7040056908506
180.71237966969326
180.89638397299055
181.04342796554678
181.04342796554678
181.35221251661451
182.0002252095295
182.40128698880378
182.40128698880378
182.63370646390953
183.00460663566747
183.09753422711955
183.18243900077633
183.53917344246415
183.7072673959599
183.75876670150907
183.75876670150907
183.91944907675327
183.91944907675327
183.9402348515905
184.3209021702458
184.55391983209216
184.69322885292704
184.69322885292704
184.9582369413035
184.9582369413035
185.00058939350515
185.33597499639154
185.46467315943408
185.7020837911967
185.7020837911967
185.7020837911967
186.0396180848022
186.3733317566821
186.3733317566821
186.75832533036333
186.81055477702478
186.81055477702478
187.13272650398957
187.20703205315027
187.2730256049729
187.2730256049729
187.49287748163752
187.59423965942355
187.60523501150405
188.02477100492078
188.03104961731617
188.2511214695203
188.27555060678915
188.27555060678915
188.6542314056684
188.6542314056684
188.6542314056684
188.6542314056684
188.78617463237094
188.85919491972643
188.85919491972643
188.85919491972643
188.85919491972643
188.85919491972643
188.85919491972643
188.85919491972643
189.08569455451877
189.08569455451877
189.21494444564496
189.21649628124496
189.4062746636382
189.64471410024316
189.64471410024316
189.97518558198888
189.97518558198888
189.97518558198888
189.97518558198888
190.28778192321386
190.42487106318106
190.42487106318106
190.42487106318106
190.63708539863077
190.65927026021834
190.65927026021834
190.882885641812
190.89993647547948
190.89993647547948
191.06900901564165
191.14913495686292
191.20413578123254
191.20413578123254
191.2192869811039
191.2192869811039
191.47963663604324
191.47963663604324
191.61693251782216
191.61693251782216
191.69064322446474
191.77124012679846
191.77124012679846
191.77124012679846
191.77124012679846
191.97199997640993
192.04904798111298
192.04904798111298
192.04904798111298
192.04904798111298
192.2119025028786
192.35115745131824
192.35115745131824
192.6528047921763
192.9008204002564
192.9008204002564
192.9008204002564
193.01126318545357
193.01126318545357
193.15859684683477
193.15859684683477
193.38399508972594
193.4955814285993
193.4955814285993
193.75481329505834
193.75481329505834
193.75481329505834
194.00135896982798
194.00135896982798
194.0168719694529
194.0168719694529
194.0168719694529
194.0168719694529
194.03802886818806
194.03802886818806
194.03802886818806
194.0555086481685
194.18165552618018
194.18959371312212
194.2265091335165
194.34170590592657
194.43297003188636
194.62583991491803
194.62583991491803
194.65817525325164
194.72138729792647
194.72138729792647
194.72138729792647
194.72138729792647
194.904362890932
195.3028786235703
195.3028786235703
195.3028786235703
195.3215585289265
195.3215585289265
195.33344828271515
195.33344828271515
195.5485788859724
195.7107184675602
195.7107694339486
195.7107694339486
195.74427603005745
195.86564480208546
196.02424283031544
196.02424283031544
196.02424283031544
196.16796508143108
196.16796508143108
196.32566129440326
196.32566129440326
196.32566129440326
196.32566129440326
196.32566129440326
196.32566129440326
196.55385962495927
196.55385962495927
196.55385962495927
196.8710923689368
196.97616497749746
196.97616497749746
197.08795884746354
197.08795884746354
197.46949740581377
197.5773617904132
197.78894075656686
197.92777093255518
197.92777093255518
197.92777093255518
198.06753251344387
198.12248864806372
198.12248864806372
198.30831435677547
198.7377767790041
198.8901731542102
199.23085046145968
199.23085046145968
199.40547014243603
199.40547014243603
199.43100194038638
199.60126115061314
199.7201659817562
199.724077924107
199.724077924107
199.724077924107
199.95584431529767
199.95584431529767
199.95584431529767
199.95584431529767
200.0422707916783
200.08603402884435
200.14706593567604
200.14706593567604
200.30291051687314
200.32351650926879
200.4675964073087
200.4675964073087
200.7049105538384
200.7049105538384
200.7049105538384
200.7049105538384
200.7250403368388
