0.778564081360091
0.947456285187696
1.0560978707992714
1.4056467187179569
1.815794212063351
2.14548830554848
2.254437630036404
2.3286657563277235
2.678448974321864
2.822593131065738
3.1273004540291067
3.3100362891696204
3.677425684683493
3.7853087938882375
4.07251411547549
4.07251411547549
4.147179051261223
4.196849187535849
4.3367538885212
4.550688082664402
5.391056456408247
5.391056456408247
5.476238915553302
5.614158166582414
5.833112478016877
6.248699764851416
6.287441371946576
6.479095288358217
7.304726317270987
7.6407799865432295
7.6407799865432295
8.255445326750953
8.526987947188584
8.826738992926593
8.860022999330418
8.883871322588693
9.191440638894885
9.609087819224282
10.182197464842915
10.375232785497406
10.909236797400483
10.909236797400483
11.084675252871365
11.469130401887547
11.668090299903005
11.987997520119137
12.31792655954036
12.466582589525272
12.806243151807362
12.852469242848986
13.246471127395917
13.246471127395917
13.642152637868664
13.73264890300807
14.219970251812306
14.219970251812306
14.543925609739802
14.723397966875565
15.11818851647946
15.744620950345997
16.201920072993342
16.542142147429114
16.606811696786
16.691569690794097
16.79155345616947
17.336557453340294
17.56186919387402
17.56186919387402
17.702821357169547
17.819167249968437
18.306251243437423
18.623961900271535
19.190576492153863
19.675344971339708
19.96636664787803
20.590227141725233
20.787898286238786
21.189529776604772
21.189529776604772
21.629020152929453
22.145269709589577
22.286853157027046
22.679254458973322
22.79143292830874
22.95098352545733
23.258653092701017
23.542727224372097
24.067488329100538
24.38875758893514
24.796660667482602
25.449795062004497
26.42512239796137
26.967035322723238
27.039404258432302
27.295783536984008
27.89933707278171
27.89933707278171
28.152923651084475
28.384448049826894
28.938423549042803
29.22757159196198
29.851588635634172
30.279300236169412
30.377014627349265
30.747286275195634
30.958978668461384
31.970543274575782
32.25222678926968
32.61402469745273
33.09932926810762
33.46037188085217
33.81576662601259
34.30257506854687
34.5736979201342
35.07647542492895
35.39640830927961
35.72011383731425
36.43841103533178
36.99507498220775
37.28650307961697
37.73699843322853
38.338744650309735
38.338744650309735
38.75911902436369
38.80662123982515
39.14661171668707
39.3272098275612
39.35837279835589
39.44153411001904
40.01931631160453
40.25034531512671
40.29832494289769
40.8577172737639
41.20684383399082
41.593696214181385
41.593696214181385
42.070373200821386
42.3070036359345
42.3070036359345
42.50314119445746
42.50314119445746
42.619055804614554
42.72801494680081
43.239544651570824
43.30021721845713
43.599428265647546
43.92616956793153
44.14131047899168
44.69890001601347
45.197934065324134
45.529274926080284
45.53413980406679
45.87130766280964
46.25610345777231
46.58641623187734
47.021649933886586
47.16637466052328
47.27865298241303
47.93152557996171
48.149125200465896
48.7846621376448
48.82594666645172
48.931003980050605
49.20624186250462
49.31405743409233
49.81524597906231
50.311565688880094
50.75237672578479
50.881007147122105
50.99738392572232
51.44438531990958
51.75155366141867
52.01245824279354
52.36698709941952
52.68455248772406
52.94490480892802
53.22314528772336
53.61217527567776
54.010519366523475
54.292208667258684
54.359019585858555
54.50152939627595
54.94137015969351
55.10894547783743
55.39241419542528
55.39241419542528
55.62032978492601
55.991255629491235
56.47547774663331
56.92056132222737
57.28923233459878
57.775671507436826
58.03134053180577
58.35158174482632
58.87240321049906
59.25575147121269
59.376509229979774
59.59467058858516
60.60474394526309
60.973938644915904
61.106880441551695
61.171907105359466
61.358649708041334
61.677195258916406
62.12950380767159
62.40536425715403
62.5531787650848
62.744664929662505
63.31515799592297
63.42862746481402
63.83747799056133
64.23894966463747
64.84757350558894
65.59982904415178
65.83102383081163
66.15594236058774
66.35851568984923
67.15492564497899
67.40647229943379
68.10649625850918
68.52617828177502
68.72829242420269
68.93707473343004
69.22623701703509
69.78325225051155
69.83314496407559
69.99668540718423
70.21886551190761
70.47075313117308
70.75170055895809
71.01672010795996
71.17526808893173
71.75597116981737
72.1552878741006
72.65407674146287
72.70064989354815
72.89239705718211
73.36447615969115
73.85726972747865
73.9667025073781
74.61885683447318
75.05906937790631
75.33153617140371
75.72606040653639
76.30452534789623
76.3873367552546
77.12134677000516
77.13119077228987
77.65106231665234
77.96175772141406
78.22385005055098
78.3095461031057
78.34664397726971
78.74342173760138
79.48175716902458
79.86459913929627
80.33110157892823
80.64898606930828
80.98237660631258
81.94407460337108
82.59727352300541
82.8272353058569
82.8400584787442
83.21173099701046
83.61272322460977
83.66848567957344
83.76462732812548
83.76462732812548
83.87578732311793
84.03277840794603
84.45789066148917
84.5488962316635
84.57340067509706
84.99321070199039
85.3058364571632
85.54798457033392
85.54798457033392
85.83066614676413
86.12252955557771
86.19649929120392
86.2700290435788
86.54359196349392
87.08476864348883
87.62980425808526
87.99823092290501
88.49020520000208
88.5256772201403
88.57515826606682
88.76528949620771
89.21038773324587
89.21038773324587
89.21038773324587
89.21038773324587
89.64297876994222
89.7862151923973
89.95840586695789
89.95840586695789
90.18856896050663
90.26660703450533
90.81910790825691
90.81910790825691
91.24607752094659
91.74979407579777
91.78391622724065
91.78391622724065
92.0571012139634
92.0571012139634
92.07404055367951
92.54164331112223
92.87876851800029
93.41489341663875
93.72752024181321
94.40723047825391
94.54587841430903
94.72926978081522
95.2163848304618
95.62903402262975
95.62903402262975
95.9050549306531
96.2438782470053
96.34246538402637
96.7647578206019
96.95160420121731
97.03448854765374
97.30937456415802
97.53796360564175
97.53796360564175
97.74983944148471
97.74983944148471
97.96106031321737
98.09124280019785
98.2249939147916
98.58078504323929
99.01270851439503
99.41014147699079
99.51912189869462
99.54040794511974
99.65760300976001
99.7924549147722
99.7924549147722
100.37539919244088
101.072224449041
101.22716925572644
101.61765363011777
102.29912859437653
102.42004115805557
102.92600965185655
103.21163467841569
103.54732629364705
103.54732629364705
103.706222707158
103.84122355298976
104.00107216991765
104.00107216991765
104.30776895362972
104.35590134580032
104.72283937912685
104.74920755530857
104.94543272271554
105.14759607357118
105.60327304686724
105.87876238980733
106.12462518702586
106.12462518702586
106.12462518702586
106.5010946567524
106.62108358921266
106.89168191294188
107.18679950233475
107.30853131411396
107.30853131411396
107.42066949817568
107.57609270440139
107.69424632082391
108.11658769450237
108.46507531123811
108.63010041447508
109.24167168556815
109.71858380596021
110.12979322287508
110.241577602169
110.50657153532053
110.63985545855874
110.88596271994258
111.08318375175726
111.11802962725922
111.55112989121186
111.55112989121186
111.79492177251798
111.81956388280732
111.88789190763951
112.11223220060529
112.38794147660349
112.59521285306415
112.95497003093521
113.21854366638772
113.60197473882364
113.60197473882364
113.66547046610083
113.66547046610083
114.01418805697894
114.2366114749992
114.27371509232094
114.27371509232094
114.27371509232094
114.36311154620313
114.727208263671
114.727208263671
114.94603732165847
115.06772622737456
115.06772622737456
115.15688664288064
115.28912959296942
115.39735317915596
115.81303388419927
116.21415209966936
116.21415209966936
116.21415209966936
116.4766881014664
116.65757609130534
116.7040538739714
116.70846182045119
116.86058677665707
117.05594858693512
117.18269599535095
117.41350599694377
117.58801226579698
117.58801226579698
117.76017533414348
117.96793018751517
117.96793018751517
118.15447965102605
118.57568298571942
118.69962447628802
118.9323778139241
119.17079572144345
119.4538571586101
119.826954790691
119.95396997129144
120.1098361034474
120.21189566623131
120.46152632334683
120.63171434658368
120.673163709683
121.12314390112708
121.45976642025185
121.66810054511669
121.66810054511669
122.35440922702703
122.54097256358439
122.8339053733643
122.94325300676006
123.1953500987742
123.24896214178781
123.71622311948865
123.72459576908105
124.08844166839815
124.15521255884545
124.40019224632515
124.40019224632515
124.40019224632515
124.40019224632515
124.6389897869692
124.6389897869692
124.6466490530145
124.77834408238549
125.01810746405037
125.01810746405037
125.01810746405037
125.59806556644128
125.59806556644128
125.59806556644128
125.88061341632047
126.32685548131165
126.5427921318253
126.90764272517087
127.21120263529616
127.33966640882521
127.38315352449264
127.64445340671787
127.83938464538058
127.83938464538058
127.83938464538058
127.83938464538058
127.83938464538058
128.0521352281649
128.2592361431559
128.51691534259152
128.64170893223212
128.64170893223212
129.25578526562927
129.50891557369926
129.90668296597613
130.00525533187866
130.27049779802414
130.27049779802414
130.27049779802414
130.77706881691762
131.08686421104338
131.23498001895075
131.23694527156707
131.61546883112808
131.82755744082772
131.96095871957522
132.28167679315942
132.28295065794265
132.28295065794265
132.3716218379691
132.6686704513532
132.6686704513532
132.78915659818762
132.78915659818762
132.78915659818762
132.90283596404407
133.1455849070097
133.1455849070097
133.1455849070097
133.1455849070097
133.1455849070097
133.3006449696075
133.62811428895898
133.62811428895898
133.85854115181576
133.85854115181576
134.07569431123088
134.3490114777286
134.3490114777286
134.3490114777286
134.65920540979474
134.65920540979474
134.77715868232812
134.94676252182808
135.03829847790837
135.03829847790837
135.14729751275692
135.14729751275692
135.21013780242808
135.54597791771823
135.62868800771548
135.78946959917567
136.08036646241385
136.08287811106524
136.34278966611097
136.34278966611097
136.38118111747374
136.52787789550612
136.71515268895908
136.77309147574115
136.85722601980385
136.95846234466617
137.05814126141146
137.10072986627125
137.12262446000653
137.12262446000653
137.12569060224206
137.49071564020826
137.50571382229785
137.50571382229785
137.50571382229785
137.50571382229785
137.64777610327872
137.69294782567943
137.69294782567943
137.9979211099534
137.9979211099534
138.13095020971426
138.34670246638737
138.44566615235374
138.5479728322413
138.56267870325655
138.56267870325655
138.71499342185604
138.76624470932458
138.9990071303067
139.0015836003776
139.0015836003776
139.0326405619866
139.40785658133584
139.57987998885977
139.57987998885977
139.7949712336995
139.8222953146346
140.04041324926865
140.14382802018068
140.14382802018068
140.2776313450539
140.35499949553324
140.53419319782105
140.7227783780738
140.77232886103718
140.8926272389004
140.8926272389004
141.12298927904138
141.13597722826856
141.2268256518866
141.27854266017434
141.27854266017434
141.43735735974838
141.9061914997165
141.9061914997165
141.99933345150077
141.99933345150077
142.2561006908844
142.3183993562198
142.49102925709963
142.79093420513357
142.79093420513357
142.96852495819968
142.96852495819968
142.99120079895172
143.02719756415132
143.2121548011632
143.38070682627358
143.71235887274958
143.80323996886364
143.9639739172084
143.968552963203
143.968552963203
144.19579250619051
144.4062519813726
144.4062519813726
144.4062519813726
144.49760193239177
144.65226230702956
145.0022290585138
145.0022290585138
145.0022290585138
145.0022290585138
145.0022290585138
145.26015713353758
145.40292279000454
145.51340468094318
145.70283836414518
145.70283836414518
145.89556728111103
146.19609587890673
146.46059656965647
146.52547707595386
146.9206822215785
147.08383938571424
147.39201612571847
147.6247793955817
147.7373781802344
148.08933669944062
148.46120287124506
148.62677381468646
148.62677381468646
148.62677381468646
148.74014812133166
148.74014812133166
148.77399686074992
148.77399686074992
148.8835114547936
148.89260379519334
149.13403565787198
149.13403565787198
149.13403565787198
149.13403565787198
149.29432468213543
149.76510219806164
149.8582688453569
150.07533723372424
150.4853815512771
150.62415826667782
150.95426926036646
151.20611494752177
151.20611494752177
151.36992572230943
151.4841988504876
151.55033676622702
151.8607180678222
151.99252960213983
152.26801281421797
152.27712623503152
152.27712623503152
152.5271992407079
152.5271992407079
152.5271992407079
152.5271992407079
152.74934491172192
152.74934491172192
152.76392057648997
152.76392057648997
152.76392057648997
152.81514807082436
152.97097614875403
152.97097614875403
153.30742407305777
153.4194628511599
153.8271655030953
153.8271655030953
153.9376411447938
154.09144345600387
154.1068296049724
154.27251529031577
154.389333580809
154.55542025539538
154.55542025539538
154.55542025539538
154.55542025539538
154.55542025539538
154.65925125341423
154.65925125341423
154.97134722648877
154.97134722648877
155.26913298235561
155.54289569143694
155.59072086588273
155.59072086588273
155.59072086588273
155.68938752755454
156.13330269229752
156.5217249534617
156.5217249534617
156.5217249534617
156.5217249534617
156.848245054922
157.15521583048016
157.28050505708669
157.3361117600836
157.34793820159902
157.5309145827893
157.5316464734283
157.54614016233708
157.54614016233708
157.54614016233708
157.62283793417095
157.7646982270088
157.7646982270088
157.7646982270088
157.7646982270088
157.9895804492522
158.0520765511219
158.18637261188604
158.6098051996384
158.81665568344297
158.8698022638097
158.8698022638097
158.88366141018824
158.88366141018824
159.27489767079248
159.33084664550785
159.41817051380002
159.8682673055101
159.8682673055101
160.19701990867557
160.19701990867557
160.22384543201565
160.27755977388333
160.27755977388333
160.27755977388333
160.42073444683436
160.80318342685553
160.80318342685553
160.86686314488148
160.86686314488148
160.97779290834296
161.21103169435386
161.32588222023452
161.49049874362387
161.58933363848527
161.58933363848527
162.01595454471814
162.0969612130557
162.27656898453722
162.3902109895734
162.60770119384046
162.85575837671183
163.15853696595323
163.56311372200918
163.56311372200918
163.9375952158425
164.32790061901326
164.32790061901326
164.32790061901326
164.3545322333024
164.3545322333024
164.45939602423402
164.45939602423402
164.45939602423402
164.45939602423402
164.5320405052909
165.03651035564414
165.03651035564414
165.2720735824391
165.48601513698932
165.6363951348966
165.73141763804531
166.21642607059243
166.40604274243805
166.70807968355166
167.08285331963498
167.08285331963498
167.2436021332573
167.40049792743088
167.407841321533
167.407841321533
167.47846175251564
167.65772687632813
167.71944449617718
167.71944449617718
167.92323515553588
167.92323515553588
168.21247479204868
168.32083752288193
168.4244014004132
168.4244014004132
168.61982883437224
168.61982883437224
168.9437955176752
169.10211153298
169.25308401034695
169.2581741483145
169.47486692076959
169.6082811754659
169.89272156957344
170.02816753922102
170.03583629740535
170.0581840190747
170.0581840190747
170.0581840190747
170.0581840190747
170.0581840190747
170.1468320206231
170.1759866195261
170.1759866195261
170.26597900998016
170.26597900998016
170.41777233849822
170.41777233849822
170.47922911881372
170.5960437420299
170.59860053940548
170.933039283355
170.9775426657534
171.19487732450997
171.4001451424039
171.42115786955236
171.59859511106524
171.59859511106524
171.69070515846877
171.69070515846877
171.88525282187902
172.02530268752415
172.02530268752415
172.10114505615334
172.13718936369483
172.3215900860359
172.3215900860359
172.47047234394128
172.54028035700168
172.54028035700168
172.54028035700168
172.54028035700168
172.8020650857068
172.86953621788447
172.86953621788447
172.950309966628
173.1516586489094
173.1516586489094
173.26943252464145
173.38780781360109
173.66485151734327
173.66485151734327
173.81316112073378
173.9138945603352
173.9138945603352
173.9138945603352
174.14254674860592
174.2162233223845
174.5604559802156
174.87280533835025
175.01861870655284
175.01861870655284
175.3242012916803
175.33823500243906
175.33823500243906
175.33823500243906
175.33823500243906
175.48600126891736
175.72626500951887
175.72626500951887
175.72626500951887
175.85542815815546
176.00803608779316
176.17839080401762
176.253652202717
176.43460876251592
176.66852999336032
176.95660171447395
177.0234315119203
177.41117983525388
177.43016032053947
177.43016032053947
177.43016032053947
177.43016032053947
177.5971740681552
177.5971740681552
177.94178487696237
178.19891206985216
178.3247305985274
178.4986550985762
178.68051126915265
178.8450892749662
178.85107439294597
178.91048109284787
178.99991959917244
178.99991959917244
179.1904761924844
179.4628217059743
179.4628217059743
179.67109367838512
179.83232177989657
180.0213253687322
180.0213253687322
180.2146765062122
180.38264405522594
180.4744007815751
180.4744007815751
180.55381194189488
180.55381194189488
180.75305683788193
180.75305683788193
181.16378019665115
181.49104560296382
181.49104560296382
181.49104560296382
181.49104560296382
181.5587419931772
181.9147041936848
181.9945768070377
182.31685362369683
182.47198671902186
182.6188223861968
182.6833131166116
182.88875973852447
182.88875973852447
183.1306829859458
183.2717975723611
183.2717975723611
183.38615794075403
183.60290648435523
183.74574616497358
183.74574616497358
183.74574616497358
184.05100120330087
184.1089435128666
184.27670125056488
184.48383502901416
184.51125462765202
184.51125462765202
184.51125462765202
184.75162157144445
184.84319433731577
184.88670510380686
184.94974613581505
184.9947192200372
184.9947192200372
185.34991888852576
185.34991888852576
185.6074204192676
185.64056412597674
185.9151247785378
186.12135794745606
186.3014334733882
186.3014334733882
186.3486607347266
186.57480938352612
186.57480938352612
186.57480938352612
186.80396061333835
186.80396061333835
186.91458808301059
186.91458808301059
187.08946738340245
187.1413111809052
187.1413111809052
187.24059581701556
187.52416889974324
187.85328018355037
188.01327616237725
188.01327616237725
188.10934451281787
188.10934451281787
188.10934451281787
188.23760882628224
188.70389997944514
188.9337141022374
189.11864494634906
189.11864494634906
189.3062640237203
189.3062640237203
189.3062640237203
189.45927208773645
189.48824445809038
189.87645720524074
189.93374283164155
190.25506464299536
190.31652148441586
190.5135714670254
