0.21344139471305068
0.7245952059755526
1.3544000765317343
2.041995338315202
2.701593272732203
3.1447232969206067
4.137292626581625
4.813490915888283
4.865084223903332
5.271773589119869
5.819035236258091
6.16369423740858
6.622187723351
7.186296178836267
7.504220801595014
7.770058505286982
8.368376148618557
8.552981369084922
9.175676182683546
9.720688508859768
10.192498261074684
10.62394867953924
10.62394867953924
11.18679137478792
11.807763382119871
12.311829970236962
12.776820997554912
13.279902367015689
14.056725033332045
14.737981215574987
15.358381077087573
15.73182958754087
16.25433349914394
16.48110041762759
16.960455507013588
17.21677745587812
17.832272678881594
18.433682945590114
18.55847169169451
19.137750935271807
19.634060241691078
20.265528959035148
20.39826190186144
20.683724933565124
21.212468269725615
21.950353589988865
22.389072821981312
22.841609718740006
23.155080331958818
23.995818257176172
24.46159503498348
24.81659976812899
25.52752298043408
26.015562199254543
26.658807251647342
27.534781343094153
27.76677645160271
28.27566762019147
28.919713438440525
29.68971914990514
30.34791162879212
30.82089709934155
31.451495962599232
31.875376587181744
32.19525068168154
32.70906240015489
33.271938219823866
34.287060484351215
34.74374174600638
35.54048165906098
36.06028648213561
36.86196082761094
37.56396552388303
38.17290892193216
38.61860901101386
39.16247556581662
39.34163589280569
39.71565273566204
40.18738592149145
40.69630427538254
41.38657760322848
41.75066674402149
42.08414400650971
42.84303742650859
43.26001807629549
43.87924928880976
44.18651217164868
44.90498253496652
45.04390954199995
45.631543848220666
45.94063627020761
46.076792600995546
46.458189287637374
46.94974158428183
47.523529380993885
48.049850092753644
48.599714657657664
49.21842371971958
49.418876789278194
49.89524254363805
50.51670544009482
51.21673837504934
51.78430829886307
51.981558522071865
52.42683112626562
53.047689247741985
53.311485024833914
53.55918320083613
53.954933728977046
54.335931336124375
55.15314646166004
56.19833893892503
56.970759938664344
57.35716647396022
57.542596360394356
57.949934861989604
58.439311103141556
58.68540068941502
59.223117697315644
59.74071025285588
60.64778022648912
61.29075904810654
61.567937783171075
61.80945763804123
62.583728239928476
63.134607376614554
63.6033029593957
64.00597342498979
64.5804529273951
64.92980172414813
65.70187405469319
66.0144633110007
66.74338827838643
67.20978375626909
67.38304880739538
67.9644819556924
68.0909272693592
68.36058596550922
68.45645640813602
68.65623948949427
69.21370161245237
69.54163362878863
70.09581115737309
70.34961843992735
70.86797609836678
71.49500990628908
71.77284412605614
72.384625595156
72.87804372376804
73.46724921060559
73.76742333604359
73.76742333604359
74.38279964885143
74.84102624194622
75.3465114857019
75.59631715362029
75.72550858620258
75.99383516864832
76.1054310484288
76.4211365698922
76.519119579619
77.04569498174357
77.56408621049334
78.2263609339901
78.7604069990001
79.20103159849984
79.89255970794692
80.25413444379814
80.72504797741209
81.47580986433684
82.20442102651674
82.53298216640383
83.17365579368992
83.9487372033743
84.07802920662779
84.73756374450876
85.07646115594349
85.64368732372958
86.17044917176855
86.57379594441453
87.23260823048527
87.87519054813464
88.3185330569631
89.03807569218695
89.59246780167182
89.6865704615687
90.26399095438592
90.79619390776526
91.11023902544035
91.45474108164318
91.92807489851954
91.92807489851954
92.53637477206956
93.16954245155969
93.46275282940258
93.58966074434706
94.28220761408944
94.73848371817752
95.10096929751361
95.1333041479205
95.55166672882791
96.16993924573312
97.15934749440326
97.43592772968658
97.60197396149862
97.60197396149862
97.84024285412605
97.91308250833747
98.2369022382877
98.72500783917341
99.01165422383679
99.35759417168127
99.80718470269593
100.52429314607967
100.65786113119876
101.48850918933255
102.04017294251945
102.7512058996436
103.10579632637413
103.48066465512038
103.77695510398695
104.17639816544151
104.3446171617481
104.53031939609568
104.85966547848307
105.07482626205082
105.47102872696568
105.85402884497992
106.1344855643176
106.52968194707807
107.08034125048091
107.39067443901598
107.60901047146379
107.99780618441821
108.15241968931555
108.17649489998446
108.56235097404489
108.87094948886666
109.12544837485848
109.74705926705116
109.74705926705116
109.74705926705116
109.74705926705116
110.1386497224299
110.2814005023517
110.4602222418573
110.4602222418573
110.6908101298183
111.00933895897359
111.21626689232542
111.65966793501718
111.83760626780384
111.91208833971326
112.4743789876572
112.66294512190777
112.67459407845591
112.67459407845591
112.81490156874989
112.81490156874989
113.44266785801987
113.52877821626618
113.81447187224391
114.268374594396
114.28899399505131
114.40922141581903
114.8741683731529
115.13228930563486
115.26254425715193
115.28138725204276
115.28138725204276
115.51377636648716
115.51377636648716
115.75548803852679
116.06189612981979
116.06189612981979
116.26153107803539
116.44403009796271
116.94443696659543
116.95400071688415
117.26283237893705
118.14860287430064
118.30528468787386
118.50232273489162
118.71914747612763
118.71914747612763
118.71914747612763
118.71914747612763
118.75386721705131
118.75386721705131
118.86250592851805
119.07445606937655
119.39771326003043
119.39771326003043
119.80906617053176
120.0845244674792
120.30401811601057
120.30401811601057
120.30401811601057
120.35622503445292
120.54177999416461
120.98686969796462
121.18690632128347
121.28714152873395
121.40979714695074
121.40979714695074
121.62123772312582
121.90890390483543
122.25818204547213
122.32111232503591
122.52387200141413
122.95136116959307
123.18033939718104
123.18033939718104
123.33086296235653
123.44253297976786
123.5941855497491
123.88266659006983
123.88266659006983
124.75334975225425
124.75334975225425
124.87095169329893
125.63305225491206
125.73783719064416
126.19036691358929
126.23634878188932
126.23634878188932
126.23634878188932
126.37648144891095
126.54648959802984
126.72546862746121
127.30770289467728
127.56358422238696
127.92719403333149
128.25320190442233
128.25320190442233
128.25320190442233
128.4436886453717
128.4436886453717
128.61728129609992
129.26963913234758
129.3011365318728
129.42922778234828
129.50076493945687
129.54628882241457
130.07674952899472
130.23171722924585
130.5184745503662
130.87549469504432
130.8977951665181
131.26624169778944
131.27100865807
131.27100865807
131.27100865807
131.3445434094624
131.5438296874803
131.81284856858227
131.81284856858227
131.81284856858227
131.81284856858227
132.36853809319544
132.59240183700433
132.8844346758305
132.8844346758305
132.8844346758305
132.97801628202288
132.97801628202288
133.10455289735344
133.29709757987155
133.29709757987155
133.49304588718502
133.49304588718502
133.49304588718502
133.84771979742578
133.84771979742578
133.84771979742578
133.9434155779562
133.9434155779562
134.06046723005107
134.3220040992916
134.7245133354882
134.9494285567412
135.05665107199715
135.43175967371366
135.43175967371366
135.43175967371366
135.51319596458205
135.6343667738884
135.85072331548267
136.0128094293954
136.19482417432852
136.26998464788193
136.31966019200516
136.52685928847623
136.74244435857935
136.74244435857935
137.073477739906
137.3591067039025
137.3591067039025
137.4560358660489
137.63902730750166
137.63902730750166
137.73074369265072
137.73074369265072
137.73074369265072
137.73074369265072
137.9732259466363
138.33225689198926
138.33225689198926
138.4670157011924
138.81259612766183
138.87114118052463
139.14865557652823
139.40787145732216
139.40787145732216
139.40787145732216
139.40787145732216
139.5367741504271
139.6175030483826
139.64722662885038
139.64722662885038
139.78655735168357
140.14980227541773
140.24365780378554
140.24365780378554
140.5606988941268
140.5606988941268
140.90912278101484
141.04711332013937
141.4937867314361
141.4937867314361
141.80401867554914
141.86064602098153
141.86064602098153
142.19801045912945
142.3706783529328
142.53297199318698
142.68757842945416
143.03576599770955
143.15009532044564
143.3756870805712
143.47670719121322
143.47670719121322
143.47670719121322
143.47670719121322
143.75818991571975
144.11369576101774
144.7910606824978
145.09995071463965
145.09995071463965
145.19238391176577
145.43109166232898
145.43109166232898
145.64491418663917
146.0537924200179
146.0537924200179
146.26483271681374
146.39550726911037
146.64851614204937
146.7598509114423
146.7598509114423
146.7598509114423
147.0232359044979
147.43128604441915
147.96294912923332
148.000450547861
148.21117377305978
148.21117377305978
148.21117377305978
148.55988765377668
148.90661792728318
149.15185763592194
149.15185763592194
149.45557243942747
149.65519903103055
149.77222123030094
150.07213252936364
150.40516700523537
150.44409713714066
150.95582995967018
151.42605621872485
151.55676252119358
151.6837207057226
152.0012426495008
152.0012426495008
152.08083472241424
152.08083472241424
152.41445590318853
152.75618883468007
153.06438958745804
153.30082940760553
153.3405123028091
153.4079052178119
153.4739395459211
153.73599334774556
153.73599334774556
153.73599334774556
153.73599334774556
154.1435076833084
154.1435076833084
154.24610464104668
154.24610464104668
154.41797761710765
154.41797761710765
154.41797761710765
154.62797896687388
154.8728902098339
154.8728902098339
154.8728902098339
155.30697777334234
155.30697777334234
155.49316699990223
155.79071967664814
155.79071967664814
155.98999673447034
156.22917534978478
156.3956264076258
156.558022102827
156.6147203428333
156.78702716645284
157.08712877256937
157.13854309767154
157.29684248522045
157.56399387167068
157.81603979954264
157.89326646095304
158.3383730911674
158.42545198634184
158.84500198436822
159.30206382382818
159.42641733441917
159.70266167151394
159.70266167151394
160.00058947665613
160.00058947665613
160.01729663429612
160.01729663429612
160.20803061468965
160.30016773020134
160.30016773020134
160.66254861140385
160.6667955307923
160.97872251206465
161.07270272370997
161.426510689566
161.44327253600775
161.44327253600775
161.84236098427323
162.18403019783548
162.18403019783548
162.3484497694631
162.386777312962
162.386777312962
162.386777312962
162.45766849961714
162.67381653526832
162.67381653526832
162.82099408588184
162.98562405215768
163.3666077504661
163.56823845939203
163.6590649144075
163.6590649144075
163.83656676816642
164.0966462560471
164.36581264742273
164.49085345555073
164.65951751202573
164.81201518982124
164.81201518982124
164.81201518982124
164.92336300757268
164.92336300757268
165.5797872993191
165.6968414895651
165.76495621864086
165.76495621864086
166.06870270414254
166.3564609992774
166.52770059348475
166.61363254076045
166.72147682002858
166.72147682002858
166.96647381474497
167.32114407301597
167.4184586426495
167.5652331311437
167.69596427159377
167.69596427159377
167.7823256555386
168.12099951125606
168.13944837311539
168.15551021285987
168.18272013799296
168.40832979604644
168.6504957086103
168.95515794599527
168.95515794599527
169.06669752318777
169.18090103011406
169.61487465681472
169.75059008120553
170.00436704772392
170.25700684746388
170.25700684746388
170.58033197788527
170.8666368346117
170.8666368346117
170.9287859810128
171.1033199998944
171.1033199998944
171.31497295600298
171.58652109836564
171.58652109836564
171.58652109836564
171.9951781564645
171.9951781564645
171.9951781564645
171.9951781564645
171.9951781564645
172.4827884987439
172.7489334442574
172.85218858188279
173.39933190965445
173.71323272327197
173.71323272327197
173.71323272327197
173.85722446841112
174.328265816051
174.59769646672095
174.85716846565148
175.10547425484427
175.4218067493174
175.4218067493174
175.4218067493174
175.46725994767178
175.46725994767178
175.46725994767178
175.77111236692275
175.77111236692275
175.77111236692275
175.77111236692275
175.94028181272293
176.05516572946377
176.43079512268773
176.68850507557366
176.72083366019052
176.776713614535
176.87151213491381
177.36657382468763
177.6024004271097
177.63217105255436
177.91335470235853
178.06379784720085
178.430784419533
178.430784419533
178.52347245020178
178.52347245020178
178.52347245020178
178.52347245020178
178.75521588799876
178.75521588799876
179.29727775518606
179.3597615203763
179.3597615203763
179.3597615203763
179.5214087466668
179.7144660322629
179.74522835102454
179.90240949310603
179.90240949310603
179.90240949310603
179.9159177134483
179.9159177134483
179.9159177134483
179.97137391013095
179.98391616846527
179.98391616846527
180.4252379970607
180.60098253195113
180.60098253195113
180.60098253195113
180.73346912589773
181.00257995874696
181.00257995874696
181.15923308816784
181.561213784495
181.68939499414304
182.0394679110547
182.200753432243
182.20623504399535
182.46060320847488
182.6236793894503
182.99444823254365
183.08705137910277
183.31482293355683
183.82904537785254
184.10507133739654
184.46342986706262
184.9181677336884
184.97699935017124
185.20802206876502
185.2574072556592
185.2574072556592
185.65134245721126
185.65134245721126
185.8019715680512
186.04255845696605
186.21116465008865
186.63009862724226
186.66105163986305
186.66105163986305
187.15775114254157
187.15775114254157
187.15775114254157
187.18087541014617
187.22454028194645
187.22454028194645
187.50203179141513
187.76420150741478
188.04950522461888
188.33778703988855
188.6025980591333
188.6025980591333
188.6025980591333
188.74108529998762
188.74108529998762
188.74108529998762
188.8909873688332
189.27951819533197
189.5343461103828
189.82306460264502
190.19718482011302
190.79527791753208
191.0496801649516
191.30833463496816
191.47927989881828
191.47927989881828
192.00448003502026
192.00448003502026
192.357568716665
193.01587106378557
193.01587106378557
193.43151264860737
193.69136212456874
193.7407141521565
193.9118848647769
194.01218049669325
194.0954619576992
194.46602423499
194.46602423499
194.46602423499
194.46602423499
194.88855065735177
195.0725454024871
195.1264143321645
195.27787494360263
195.32679890117976
195.32679890117976
195.6389702159191
195.70715867393395
195.93641492277524
195.93641492277524
196.15495463094962
196.40948550628616
196.67071907068805
196.67071907068805
197.11019673452466
197.4549236788736
197.46461929528908
197.61178190878394
197.61178190878394
197.82465791639473
198.11468318113472
198.11468318113472
198.30812560208267
198.30812560208267
198.48757245610398
198.6073956420406
198.6073956420406
198.66989709122436
198.76894504189892
198.76894504189892
199.04410971171816
199.04410971171816
199.04410971171816
199.04410971171816
199.04410971171816
199.1666632003549
199.1666632003549
199.18758158923347
199.23583605989703
199.4292050856563
199.4292050856563
199.4629848940914
199.4629848940914
199.48457858866362
199.6145638725772
199.65038743146783
199.67274916393998
199.85548236896247
199.85548236896247
200.00445206858507
200.09873448420845
200.31998931824893
200.41302391856485
200.6559810259896
200.6559810259896
200.6559810259896
200.7600487452252
200.7623482319047
200.7623482319047
201.14048559627548
201.3332608070367
201.38519326666645
201.62922130553682
201.76072689478733
201.76072689478733
202.30038127632338
202.6508203125675
203.0703061392137
203.3483947186017
203.3483947186017
203.59393426090074
203.9518956602762
203.9518956602762
204.04907195385334
204.13339020775624
204.13339020775624
204.3949616305006
204.4820088954269
204.62717192621568
204.62717192621568
204.82763643886105
204.82763643886105
204.82763643886105
205.11047452842877
205.15040610263247
205.15040610263247
205.53656461234502
205.77423899990822
205.8122375323806
206.10881905756102
206.10881905756102
206.47513324313192
206.47513324313192
207.1552004614834
207.79116264417166
207.79116264417166
208.03604420702857
208.0751672395853
208.48482235366396
208.48482235366396
208.7125720551517
209.00936057729555
209.00936057729555
209.27471195193525
209.74145630151577
209.74145630151577
210.00422147245607
210.00422147245607
210.24346336193165
210.36223561019332
210.60587041931717
210.8505927235886
210.8505927235886
211.21959776347938
211.21959776347938
211.64755039065088
211.72240316849218
212.0617753146479
212.46090907042546
212.6522186630284
212.81534444201625
213.01058213980832
213.31288943559397
213.31288943559397
213.66906217056274
214.07337522679316
214.2347918141736
214.2347918141736
214.2347918141736
214.34665308041332
214.72569745672993
214.89760365523622
215.08138037312716
215.2390419907566
215.3343876345773
215.44040477691757
215.81283885109184
216.10595944727103
216.3480924432451
216.3480924432451
216.3480924432451
216.54305779389517
216.81359448303797
216.81359448303797
217.22230300933043
217.22230300933043
217.67917385205945
218.0642748194414
218.23417302454337
218.32780850283737
218.32780850283737
218.32780850283737
218.50264695619026
218.72868763998588
219.01405381562316
219.0229240854826
219.38292508583118
219.7667639436245
220.2147186549431
220.4084555571167
220.4084555571167
220.66637613780077
220.83635916967674
221.03379283060295
221.7069624429635
221.7773936315826
221.7773936315826
221.7773936315826
221.94731910072773
221.94731910072773
221.95647349920466
222.0215908919456
222.06804427419866
222.33056889410952
222.49705332250983
222.49705332250983
222.49705332250983
222.82973178636811
222.82973178636811
222.84760781109262
223.10343016179246
223.2710719962528
223.2710719962528
223.34132278056072
223.66785394135337
223.89660020602756
223.89660020602756
224.1511385700773
224.1511385700773
224.17327775479473
224.28414164385367
224.4495168290213
224.53612392347696
224.81433515643624
224.96971177309425
225.05395008287834
225.30749101866814
225.68026326336565
226.06752431987147
226.06752431987147
226.06752431987147
226.20230744738382
226.20230744738382
226.25865362634954
226.32818539848375
226.45259550575818
226.75799835290138
226.75799835290138
227.02535542286913
227.27612092146308
227.4426119341638
227.51913688382345
227.51913688382345
227.60518208485232
227.60518208485232
227.76027984655875
227.76027984655875
228.13741261667224
228.13741261667224
228.43517719352687
228.5438052468502
228.5438052468502
228.61608966543977
228.8419418922225
228.93782072727464
229.0158178073549
229.58265398705925
229.5868172304204
229.85772763732194
230.19137835426076
230.2382652625787
230.38759775571054
230.4140367879152
230.5016437473351
230.8219025568573
230.8219025568573
231.05160203904396
231.2381597943159
231.38733074822937
231.38733074822937
231.38733074822937
231.60942866062658
231.70979857969473
231.70979857969473
231.93523215810902
232.2892616242245
232.34965496394383
232.56136073197277
