0.557226265776909
0.6878771778389905
0.8504511833356292
1.0369660883111982
1.5545209975164749
1.5545209975164749
2.0108868880132897
2.531804045287169
3.1142771667662696
3.2605911597955273
3.359688510316337
3.931028169063993
4.021031478337651
4.324949683814176
4.47760636556652
4.553406023753343
4.8311780031551175
5.094703891706527
5.589897923857226
5.594626529395194
5.610442708576478
5.787700965366454
6.3522762087803475
6.6923852581377705
7.015862007028945
7.394981534005119
7.571415476591263
7.8354199907572175
8.144897184562412
8.498082957017992
8.830319209002322
9.014798613592832
9.267696102959412
9.267696102959412
9.45234112972016
9.528706611569284
9.58774193043158
9.58774193043158
9.781433648360412
10.129360719681355
10.378112511419836
10.838712077047935
11.050765868903127
11.281230003599852
11.544519915459272
11.775468982882472
12.316322638412863
12.65926858097329
12.777077588161514
13.239622552172708
13.524726411003881
14.063531657667273
14.185977279615514
14.268829531090216
14.394303841322571
14.860234420856854
14.860234420856854
15.36915574883633
15.55029543685252
15.916166883295329
15.916166883295329
16.272130061545887
16.272130061545887
16.91616117880123
17.049110551990577
17.275604617452785
17.60878667047862
17.852752487865562
18.017734483319476
18.206902240123277
18.63043948751603
18.910569425131847
18.910569425131847
18.910569425131847
18.963443796542453
19.101411496797613
19.22043752279862
19.455363483906222
19.816264803265426
20.042769640483762
20.2355536701099
20.536196132375583
20.895122052504963
21.263113595461967
21.625567843928703
21.625567843928703
21.87582942367631
22.25027935788073
22.94752827277607
23.147088301566882
23.594095659718096
23.773188434174035
24.316469389759945
24.50444262576496
24.585949364337502
24.792592811119224
25.179049839020596
25.687708683862883
26.00991446008646
26.359745438938663
26.951791118065877
27.598217042201718
28.131335407803373
28.44818790772084
28.93663490589388
29.0527091818854
29.482698082079324
29.72219262742145
30.339954210520396
31.09345664105751
31.753395524537574
32.104733396496364
32.65944824495718
33.29183676389782
33.672401890099984
34.06566669407806
34.39539646428968
35.011049092874664
35.73889095850005
35.85881337211826
36.44674369082437
36.877163472127954
37.08810354517098
37.44327083441214
37.6290674764023
38.15378732789765
38.46932759751755
39.04177130203967
39.43611732137531
39.756729473292324
40.23425754295261
40.52232577088435
40.913635689317864
41.30283518183708
41.88962505559652
42.29490010141616
42.95559734554754
43.12297276736379
43.54458832815968
44.13614542556032
44.60230244557172
44.761178181655474
44.9660550585306
45.419129937162275
45.6900922611016
46.00188016814477
46.19410928152747
46.42354319683876
47.15117359345852
47.75276847865153
47.94067488193508
48.41026699917366
48.866002638681856
49.29168973586209
49.65995069286198
50.02601581397798
50.4388995646359
50.64166449244537
50.99075682629568
51.46742704185568
51.75469993417378
52.21384302782825
52.81594568780704
53.26952078161855
53.61022391123678
54.03349775112584
54.32592868441024
54.7258493427091
55.30443091818066
55.799511502486695
56.12190603810578
56.59722911222608
56.9418451965697
57.448327052694275
57.81082817445651
58.08395247678815
58.666135612968176
58.71781124660914
58.921513289638334
59.32521636042554
59.98244622173037
60.31453384436043
60.71403233486404
61.47509944654483
61.62409826227711
61.69150163714774
62.31085550073416
62.850498498990426
63.01663001480075
63.223818006478886
64.03144287263483
64.46489375775609
64.84537196377067
65.03269447705932
65.38261800004166
66.04912487197444
66.47318523559709
66.63074826061715
67.48958385032077
68.25285646817099
69.01427825537974
69.24842923000463
69.36437035500387
69.36437035500387
69.76809835578749
70.3741695523964
70.67037887604442
71.0314976120332
71.58913791060587
71.85901564148918
71.97769929544724
71.97769929544724
72.61711228176435
72.83409328091513
73.23041188270898
73.47528128594787
74.10457985505415
74.31940782634295
74.50070228230676
75.13628726781859
75.40906304337459
75.68121400479602
76.18845044450467
76.64569547866338
77.03168628018736
77.23437715919745
77.58999634377435
77.79255794750563
78.08220610034597
78.49787414581489
79.11034989214075
79.26920792457187
79.73819169725896
79.96757502449123
80.48297480436956
80.85109289451857
80.95953916377512
81.34235681181805
81.64483797416632
82.03112127518567
82.45746814283766
82.8846608846696
82.8846608846696
83.3180579358833
83.55005826371011
83.7806587528323
84.15765153764933
84.53254050624875
85.17483099777924
85.58114244123497
85.69552832170639
85.8861938650056
86.07254052127206
86.15682824772507
86.83216981418927
86.83216981418927
87.11632835904348
87.86096684425384
88.35835602339215
88.49065464894758
88.56445667270513
88.6787684780735
89.01850056228902
89.40965760312987
89.75387068265262
90.05672500926754
90.27885176126887
90.41568515725382
90.89580780229099
91.24622570567612
91.63392753601649
92.1765134802794
92.89553744062985
93.35268895730252
93.35268895730252
93.81323776277877
94.36345957974117
95.01762886977372
95.29820800563064
95.81491865720591
96.33472650566596
96.93537172021232
97.27629455613814
97.47202560650267
97.7416825474771
97.84544281659723
98.22151547885807
98.4873334110045
98.99779439588917
99.27375521034503
99.70873634789658
100.26737537106392
100.59361486142816
101.0456182199214
101.56456113437824
102.16164606770333
102.16164606770333
102.82485618271669
103.42901812300443
103.94792811959428
104.59225720780887
105.19169848890104
105.76965177165182
106.27379026254593
106.40915638582116
106.7104033141745
107.09575464824579
107.37806130822338
108.04970586622304
108.87471948683972
109.12988469182615
109.91202050374658
110.8005732684657
111.26057383676716
111.64745838849127
112.04418926393075
112.6799270967031
112.91822435967099
113.31527759811817
114.00276231557451
114.52023510490102
115.0163390974039
115.1775736534092
115.69574738315258
115.91879519182594
116.22191280383052
116.29464465227292
117.15521953836992
117.64762690183228
118.12791060296817
118.62084583969829
119.02404881933742
119.45909074217269
119.88247847406991
120.40436191995546
121.01055980953686
121.46285128508019
121.9645426137085
122.0634782308672
122.8899580969194
122.92295018553222
123.10721168646036
123.35621323699309
123.83192641044006
124.292428232796
124.96923356825138
125.2838558747951
125.56435997179906
125.8376461513332
126.0738010226271
126.36085281602278
126.46863596908177
126.95897344393222
127.74843532634573
128.14377211122363
128.67288721207657
129.32136970885725
129.3505895682857
129.60305861063185
130.32094597393493
130.73160408046246
131.06393585799057
131.37576018688398
131.89692895147473
132.27033547945797
132.90645720142516
132.95621152108572
133.35680398718955
134.20634845800436
134.68278938303547
135.2301702313789
135.68021429422862
136.15731028261894
136.47985079726388
136.75814567605724
137.2742007864477
137.90129979954006
138.13701821665626
138.56576329991998
139.3840210631637
139.90185234438343
140.18451308811734
140.54873848117015
140.70254469679494
141.4384081761257
142.2215817037192
142.65712806010086
142.76654843368246
143.23720895248906
143.47039023749068
143.88377304443566
143.9467408301869
143.9467408301869
144.32865446416542
144.64918842407255
144.9719091765396
144.9719091765396
145.50015472991012
145.8055334278723
146.11448371441227
146.2760889200736
146.7518458948455
146.84989340106563
147.0875445143707
147.13680601717286
147.21944508837657
147.21944508837657
147.31957007834896
147.49154518870924
147.92767365676067
148.08831651977317
148.26319628559295
148.31797514155846
148.554032276421
148.79923086253544
149.0041033619888
149.17802096592033
149.70945239610955
150.15268593892793
150.15268593892793
150.40982606587133
150.80475994757785
150.99371621955217
151.2213925806743
151.72027185327477
151.90487637693357
152.0196288533116
152.09264459787266
152.23458602639465
152.48433254797536
152.7756784057792
153.04507018232584
153.04507018232584
153.23134143262695
153.2376284248123
153.58491964608876
153.97868000339005
154.18343160465847
154.57076082053345
154.9731253780108
155.39389446093708
155.88924749137857
156.09971657164448
156.4333318551885
156.7495295662558
157.19471214467455
157.5644234169063
157.9552848667703
158.3980926318348
158.70898219691406
158.80959042015172
159.21189735542828
159.52710022932735
159.9204480934575
160.13969109760848
160.75264409046355
161.15160148770266
161.45276715126025
161.93717545391343
162.36324868178775
162.36324868178775
162.5238477659229
162.8579395891829
163.23844781782955
163.23844781782955
163.60369552186035
164.0440270868767
164.77793832800134
165.10848663919353
165.68885014368414
165.83162174434415
166.0579068466506
166.51610739057756
166.81580300380693
167.3953348703753
167.8539375437262
168.21017972751227
168.4433713193833
168.93459170788907
169.35351113741862
169.8704414954134
170.01726683329707
170.32269524220914
170.4626266470593
170.6370208029616
171.12604740355988
171.3437780286141
172.00451915604273
172.30113032056954
172.64086305364032
172.73030039296236
172.8808487945743
173.14367867401378
173.22524056468745
173.41292598918224
174.04625637576345
174.55779346891072
174.8240232990931
175.0865500413199
175.31132509566416
175.8389264932192
176.15163769336615
176.36793503314942
176.56381664140955
176.60981229628277
177.02935998658032
177.4393603682718
177.7736776330401
177.7736776330401
177.99905366676455
178.10800587498306
178.46281694847954
178.62786586847932
178.74149782140103
179.0378816813026
179.523389729998
179.5664094971478
179.98421024051734
180.18238626622613
180.46483120722831
180.82090769664984
180.82090769664984
181.2543010266217
181.4139796267895
181.44472999554972
181.5360218098078
182.0542098918283
182.0542098918283
182.0542098918283
182.21762274099328
182.44041546892396
182.8534254198407
183.06815184615513
183.5654029074391
184.03883956143395
184.2524346960168
184.47690505688539
184.705074753041
184.73374188693322
185.0229406787439
185.67667817322433
185.79718651683385
186.1541854445182
186.6848710093525
187.0474034261632
187.2466160926758
187.44646071972798
187.91911754966873
188.26087926904663
188.43208811128557
188.68898941420906
188.987304757567
189.27280823044933
189.52727346707823
189.84432053956778
190.01211108881614
190.27344109909538
190.7068684002108
190.924073593736
191.15769598310973
191.24944021425756
191.6927434633704
191.9844988953958
192.48883501649777
192.5874435906244
192.8405773797216
193.31196524047164
193.72294952308891
194.48259799405176
194.82170245349502
194.849974778725
195.53970299950964
195.92225343686573
196.36951086171322
196.608341262672
196.96875939881895
197.215004175356
197.48002916093208
197.8770736063761
198.23051376033428
198.5016533941545
198.8115189133255
199.3428260443063
199.8689372802873
200.27887253171465
200.4737843351567
201.20293987278455
201.5660892928875
201.83033667187664
201.93754060082222
202.41813891312438
203.05988390916332
203.54931402520904
203.89884686837104
204.10715497272048
204.6711781249962
204.96789972755474
205.29532552837225
205.79602110700088
205.90988174323482
206.38324953771857
206.76937705920304
206.967635835069
207.33352836298815
207.9653280648498
208.39995422369157
208.81626001678308
208.95264333074482
209.65473303325493
210.21404317407664
210.83189949444784
211.17709601550425
211.17709601550425
211.53627247215954
211.85222833616697
212.11216002453097
212.11216002453097
212.62131051857455
212.76526896119097
212.83800166601503
213.30225131764007
213.47576655770922
213.93115667688113
214.52274877264105
214.72307544104595
214.89324120536662
215.31262861330316
215.42995541421533
216.16170909057047
216.42975719913727
216.92485508062146
217.21301535052348
217.66832382318148
218.24902211685267
219.01732080499283
219.4410499077126
219.96149181790102
220.47223016672612
220.81630658302484
221.40466899438889
221.72371893103903
222.28405741336272
222.67139413837475
223.29800907062818
224.07516794496877
224.7772673520125
225.30309205879936
225.69228517062345
226.07509999556316
226.80981739967638
227.41975320417075
228.00448222610098
228.6204196585998
229.24270462170625
229.75380971146785
230.42040403496551
230.92386591606632
231.51656826021588
232.2992228270827
232.7339111082972
233.11989211515083
233.4618037114439
233.9880716702932
234.58535922756954
234.77964379263724
235.07978848691224
235.53484815860713
236.30093744102916
236.85105020649098
237.75215361919757
238.3631266261543
238.91250138200382
239.44667243575654
240.0020423556593
240.6890217606362
241.4565686219539
241.6466950300129
242.07945267812275
242.86305315431073
243.65440635044553
243.95549045456795
244.63441227244675
244.70009142993
245.19374496070313
245.89734402044894
246.51068044791677
247.18865097500557
247.77570386753712
248.2023875183287
248.73955509403908
249.39602860982242
249.96755656568345
250.42795450878805
250.9395573299172
251.45707511030477
251.80010985580932
252.34924929233924
253.0055964442043
253.52606697063464
253.96907341199446
254.5534689805532
254.8210222162086
255.42010421939096
255.8676864048484
256.3552216814534
256.91892049596703
257.80373809304234
258.2815434270763
258.8979611085348
259.3163079237622
259.6837533741409
260.24229366779366
261.03047587159983
261.5286781639379
262.2310330286727
262.52837134526743
263.02429229002263
263.83804047915373
264.35755274045437
265.04347854268605
265.2286680791917
265.77104629455135
266.41995768691345
266.5590988378394
267.0296393359378
267.79650291689654
268.1952326154584
268.77181022778086
269.3075277252564
269.8538294194235
270.1145919804668
270.516251718583
270.86253540670964
271.17913631611736
271.6768869057869
272.07683626678016
272.8595457933771
273.53709761562084
273.8882615483124
274.29077186420943
274.7568941825361
275.3114257036328
275.50186609963816
275.6942432130204
276.0203157051553
276.48059300763384
276.59714575747586
276.8905236240865
277.4702126678592
277.9196789105304
278.3755729842616
278.3755729842616
279.0991961367277
279.71911314035833
280.2336180825837
280.37129202727954
280.88758321434676
281.5176403868299
281.8066181124062
282.4474616806349
282.72736153215226
282.88013399483606
283.26657813316706
283.7705790914693
284.1527824647914
284.6455467888214
284.74215240704586
284.8822464992209
285.2943341873505
285.9979291614306
286.4553493686318
286.9909568686596
287.2795627341067
287.53131352438527
288.25785870935374
288.9598129646755
289.2209160291602
289.61917704183554
290.06288901609116
290.6615813386018
291.31797150687106
291.5415113471371
292.03969576089844
292.4734418170793
293.1680694495645
293.7707674345601
293.9155189185104
294.35879576000576
294.7784392214878
294.88903106126196
295.6301848625417
295.8580895966009
296.1915849959165
296.2939751394737
296.8370849094072
297.3301043972239
297.77845759418364
298.13349186283517
298.4424745082035
299.04324581567886
299.3830015477771
299.9252327689973
300.28683557121724
300.3285251576929
300.61719550403234
300.97395814156056
301.1161042366088
301.78084872494657
301.9848095206311
302.28675370470376
302.59715740042816
302.8401396198653
302.9993189081644
303.6656683582508
304.1341586000576
304.24024130321266
304.5127776683775
304.93373616136256
305.26753785986796
305.53625501207057
305.85637077740364
305.85637077740364
306.1543432512937
306.2411620108314
306.82905062911766
307.36339026363623
307.41023750691045
307.7490665430378
308.2018529602605
308.4500611154097
308.9263016401537
309.29722029084036
309.6853649260903
310.13044645456927
310.3680365401316
310.4956084450928
310.61156297721715
310.9592678479384
311.36801579281894
311.66580085179214
311.99666720758165
312.4706535188932
312.61070271732615
313.0569960943623
313.4741385047856
313.73324387600184
313.990390557111
314.0261940604586
314.4947589552467
314.8293537780609
314.93144038697795
315.0046980054446
315.0046980054446
315.1307006891556
315.4116003069712
315.92201922327206
315.934483442081
316.1623713850156
316.69656485474576
316.8385653895036
317.15009699194394
317.61553770935626
318.0717808580065
318.16197319122915
318.2471347742561
318.6549019432756
318.6549019432756
318.8478215846934
319.27049150853867
319.2748073003831
319.6967434809691
319.94097606564173
319.9487604654657
319.9487604654657
320.17593600166373
320.54471137919404
320.54471137919404
320.90264665851157
321.0431839937361
321.2070164548808
321.5541428413107
321.9028648102556
322.1173721187784
322.36890421356264
322.6708360494818
322.8620411437823
323.1014426249787
323.1703972855034
323.6804456224347
324.03178292047187
324.4509752478984
324.6955204599878
325.2057308421697
325.8518529431807
325.92948993759364
325.9552019857554
326.06709797924947
326.5870744237486
326.79907513971744
327.1079008458132
327.1292586954665
327.3241064362483
327.77979854774077
328.2210861585825
328.83744911268343
328.9377226995963
328.9377226995963
329.00870857389833
329.26619713031636
329.6173471919994
329.85432029403535
329.89881768458633
329.9541268111126
330.34647589208186
330.78686316385455
331.2519143561046
331.4955460432059
331.52368283123013
331.52368283123013
331.9819749742529
332.3158921336788
332.49277651474983
332.80780878283457
333.185137403675
333.38310607179517
333.9898859972006
334.07969017152664
334.29247545757005
334.8057314993239
335.15769461003924
335.15769461003924
335.6156081619929
335.9262681079279
336.2332558682416
336.62514534737886
336.9785261915521
337.0841473474477
337.5028395693267
337.7001859033259
337.7001859033259
337.7001859033259
337.9002758100821
338.20602399652836
338.6815595001711
338.8443342207472
339.3491068206476
339.59308816496275
339.96872579709986
340.6613889619655
341.0312173484738
341.57219158619847
341.7548885296755
341.9294429176346
342.0551044519219
342.3049005982132
342.7016159484896
342.75108205589055
342.9982766526489
343.19023309675896
343.6343614498853
343.70470660700283
343.9070538892327
343.9070538892327
344.0161537150687
344.0829024721214
344.0829024721214
344.18350263409394
344.19506298952626
344.32187566525414
344.5443476044659
344.7046301373964
344.8054242990384
344.9504025811622
345.33732058917855
345.35550069661514
345.54488654417514
345.6813898207235
345.95734499492215
346.1882686894861
346.63222763222086
346.95208536252494
346.95208536252494
346.99972115173375
347.53647258639904
348.02400512480506
348.33249540858213
348.71276645300594
348.71276645300594
348.9569833479955
349.1529672893619
349.7217324802026
349.8524245249982
349.9831850500186
350.34773914244965
350.42378249267534
350.44373627791316
350.44373627791316
350.74763337919677
351.09257940129544
351.163788999477
