0.0
0.7517223230802184
1.1379890903567063
1.207187510878672
1.2234895182062346
1.438645502171405
1.522498044155049
1.522498044155049
1.5549970648836542
1.6195870594888617
1.8247616573471597
2.2304366038405914
2.3952221378087253
2.7947975813410464
3.127474570311188
3.3163034867944905
3.8618413366970867
3.8618413366970867
4.216971936728736
4.689747533264049
5.106559486253765
5.304355612052085
5.960459009387537
6.14688869834004
6.554740391228849
6.952259709022381
7.30617112088799
7.62098416665147
8.207412976953604
8.971149958611553
9.100262288623005
9.36523599663307
9.638219914219983
10.028787127372079
10.39450640279846
10.765406443620527
10.989844871916493
11.398033717004548
11.941956779357733
12.033437272810938
12.524255319241346
12.865010031254844
13.374089991982695
14.167787403977357
14.493775748299843
15.159446356896149
15.636784545332828
15.945021213142237
16.302659551060632
16.70977302914351
16.884565724639454
17.09014860009279
17.213506697948194
17.33505414074504
17.6925811948516
18.158656621558382
18.387581777983808
18.599171120769626
18.613871262448768
19.32228379260336
19.49811570371208
19.982505545939105
20.665697037016294
20.877334999292167
21.5589395120817
22.40028457733673
22.981802783103937
23.40630388488248
23.689666853091975
24.170928520706873
24.80179106762779
25.402946791230075
25.689776699662453
25.74228315974534
26.536537568545334
26.942350790767193
27.594737268057855
28.133598791306067
28.168764806893538
28.595333383388475
29.110361187082532
29.20376967895066
29.520577596522628
29.780415665248007
30.379601872138963
31.063891080267958
31.334728226824918
31.67885041740391
32.03888096563242
32.33875696776474
32.68803353479585
33.29262126797073
33.63732088251461
34.187089104045135
34.900669732624365
35.344280722448666
35.734520153338835
35.96606615341699
36.35241210846922
36.765161948303096
37.34173919415561
37.774658822724746
38.10287843064812
38.33320784932004
38.996215773057244
39.12273117641996
39.16378524151928
39.45495288079905
39.54376631975008
39.54550154131439
39.617660554087045
40.21271758979322
40.62614388596364
40.90134237899032
41.41296732080488
41.63056649308406
42.17709721689841
42.350059802981534
42.87140552370498
42.87140552370498
43.2863940730038
43.594030380470585
44.022381042041005
44.57245403050876
45.26317572491351
45.76755412117996
46.270648429252994
46.46706144957368
46.635919340377214
46.92885422863329
47.4168866678118
47.9131060912195
48.30669174555443
48.52835866312803
48.729394572025214
48.88625129008932
49.17865990970524
49.3985817264004
49.3985817264004
50.12518548449532
50.429654351855994
50.67755997384169
51.06532378820374
51.64383565546935
51.865971282652154
52.275380928799066
52.545994234947976
52.97515466202132
53.38588197619818
53.82852506255423
54.09480489277111
54.8978780320636
55.63712599246454
56.01525538548803
56.289670903880996
56.289670903880996
56.43649843622358
56.57092493107652
56.77759240503378
57.45325255449991
58.1738646924672
59.171180724893645
59.45115414470525
59.73306479027755
60.32324889342377
60.687894681865096
60.687894681865096
61.23121730118388
61.41656592016464
61.76495245440781
62.10365122206874
62.50108495294932
62.67972613027917
62.959886671656406
62.959886671656406
63.60276882626786
63.84401838440238
64.2033720333011
64.82108426138754
64.82108426138754
65.26928555050497
65.26928555050497
65.48127070335933
65.7559371553962
65.86900668871205
66.19935505490473
66.25921356209162
66.25921356209162
66.50636130371558
66.54622997568798
66.6653016608566
66.97958629817623
66.9871301827038
67.12370501322609
67.45810790800957
67.83206285597531
68.02837848883324
68.1943015118794
68.31282761444561
68.31282761444561
68.31282761444561
68.76160869750244
69.40215936463089
69.67956988968011
69.84841793494236
70.26719544725299
70.26719544725299
70.29012929005
70.34872095519391
70.57293022901939
70.60807614603836
70.73850466361313
70.92941972264481
71.04537778327403
71.04537778327403
71.4028523249761
71.77191915732817
71.77191915732817
71.77191915732817
72.01153596305859
72.01153596305859
72.01153596305859
72.02777034992336
72.05886009852338
72.05886009852338
72.39660262261995
72.684673187187
72.99998259296187
73.40605924552759
73.80176379708688
74.43769444928058
74.93991952255293
75.41848348004169
75.41848348004169
75.44510377715811
75.48663076755064
75.48663076755064
75.7130096922468
76.20093057438031
76.6056627998201
76.6056627998201
76.68938939110421
76.91152808866934
77.2545061698037
77.27532270590233
77.32763669370891
77.32763669370891
77.32763669370891
77.82894662640862
78.20671880049221
78.41224346732415
78.79391575383329
79.22719149949717
79.23094032216667
79.23094032216667
79.2721371573812
79.2721371573812
79.68944573140092
80.28688115546625
80.28688115546625
80.6254138642607
80.89668524361647
81.14709468027453
81.14709468027453
81.57550473229311
81.64577158944064
81.64577158944064
81.64577158944064
81.64577158944064
81.64577158944064
82.14865570564645
82.285381477569
82.285381477569
82.285381477569
82.51888016282516
82.7645598608987
82.88638805377701
82.90164481896456
83.04113877680658
83.40520518124062
83.40520518124062
83.40520518124062
83.40520518124062
83.72580737693686
83.72580737693686
84.18963014325568
84.30569942714837
84.35047642328048
84.35047642328048
84.66849674873912
84.80163156544641
84.80163156544641
84.80163156544641
85.04273635785391
85.49945476128433
85.67708400347013
85.67708400347013
85.95886750947786
86.26935010227879
86.3986190532813
86.3986190532813
86.47659527437855
86.90393020027736
87.47516934826693
87.60312525495766
88.01760148447387
88.20951507292246
88.21671634178436
88.32770323199279
88.62959199220718
88.70824900925494
89.00627171926818
89.52794174843068
89.52794174843068
89.52794174843068
89.52794174843068
89.70481839324403
89.70481839324403
89.77786832321111
89.77786832321111
89.93242315986002
89.93242315986002
89.93242315986002
90.24239290840333
90.24239290840333
90.24239290840333
90.33045787512967
90.49799098686711
90.94316885191449
90.94316885191449
91.26882072128177
91.40293957066186
91.40293957066186
91.78004782332569
92.16102760829395
92.27447225055457
92.320528827879
92.320528827879
92.320528827879
92.320528827879
92.57927616935238
92.57927616935238
92.57927616935238
92.64788593971197
92.64788593971197
92.64788593971197
92.64788593971197
92.8425536396773
93.05101063379978
93.05101063379978
93.10246380475876
93.11086580219117
93.11086580219117
93.11086580219117
93.21826864934019
93.21826864934019
93.38837221206502
93.55702153850663
93.55702153850663
93.63787095478209
93.9639966016673
94.34562525029936
94.34562525029936
94.34562525029936
94.59220826496019
94.70559516450116
94.72759272587233
94.93727046067147
95.15953321941409
95.19916462735667
95.19916462735667
95.60050756268913
95.70697879678102
95.91542371540746
95.99671379874607
95.99671379874607
95.99671379874607
95.99671379874607
95.99671379874607
96.22139593910016
96.27061280280894
96.37822960550463
96.499506590217
96.99623322640498
97.07043192722315
97.15825614882114
97.22234817778752
97.22234817778752
97.22234817778752
97.40001322303533
97.40001322303533
97.65136312120275
97.65136312120275
98.09101262370007
98.21163597011392
98.25920685898873
98.39605011346487
98.5109155973478
98.5109155973478
98.80847972287567
99.0403948372892
99.23868764005186
99.48805581509589
99.48805581509589
99.5595380645268
99.5796234825406
99.5796234825406
99.5796234825406
99.5796234825406
99.75955448274954
100.11972185897243
100.11972185897243
100.15790229864041
100.2688166017987
100.2688166017987
100.34464074083945
100.34464074083945
100.44597596522485
100.77416279399735
100.77416279399735
100.77416279399735
100.77416279399735
100.77416279399735
101.06836538905644
101.12503874711928
101.12503874711928
101.20078864829095
101.47648211880208
101.47648211880208
101.60300725399573
101.60300725399573
101.60300725399573
101.74119994907919
101.74119994907919
101.7752690673587
101.7752690673587
101.77562366405473
102.0752088611516
102.41277989930961
102.60900867711406
102.7737004408147
102.7737004408147
102.7737004408147
102.89053216658009
102.89053216658009
102.89053216658009
103.01553608274355
103.25557460798842
103.28402873061019
103.28402873061019
103.42368892360062
103.42368892360062
103.42368892360062
103.42368892360062
103.70330980448145
103.84439883184169
104.08637959368406
104.08637959368406
104.17129715483634
104.32207546353705
104.46256187080837
104.83458357527454
104.92904629718375
105.31385016889517
105.63203507877446
105.85104593580223
106.16939560048993
106.4681995123813
106.4681995123813
106.4681995123813
106.4681995123813
106.67600412033676
107.04826976822756
107.04826976822756
107.04826976822756
107.04826976822756
107.30796502031384
107.30796502031384
107.30796502031384
107.60129004901454
107.65744787408522
107.78630591304128
107.94455155499797
108.18703413142745
108.213010140362
108.26399863898122
108.26399863898122
108.26399863898122
108.7752749225286
108.90596553474188
109.1472295458352
109.29600318834137
109.78650075792584
109.79233993422064
110.06956537532338
110.3515688501505
110.43452362584651
110.7051770203072
110.7051770203072
110.7051770203072
111.08001942739597
111.1820817063178
111.39683847436596
111.52115222504631
111.52115222504631
111.52115222504631
111.73839171169799
111.97336107077481
111.97336107077481
111.97336107077481
111.97336107077481
111.97336107077481
112.17095826240434
112.17095826240434
112.17095826240434
112.17095826240434
112.17095826240434
112.17095826240434
112.17095826240434
112.17095826240434
112.54462168295619
112.75285618764192
112.86336079269195
112.86336079269195
112.86336079269195
113.186264977206
113.186264977206
113.20760060092096
113.30226957561098
113.30226957561098
113.30226957561098
113.46011260624901
113.46011260624901
113.6697731173336
113.79190504764406
113.79190504764406
113.86189973551457
114.10782100002594
114.2628188738441
114.2628188738441
114.2628188738441
114.45727649328444
114.51545550438226
114.66624935884062
114.8549971261074
114.8549971261074
115.02970667695713
115.02970667695713
115.02970667695713
115.3182171783301
115.3182171783301
115.58159838173195
115.58159838173195
115.58159838173195
115.81255836812004
115.81255836812004
115.8244858072978
115.8244858072978
115.98939359896869
115.98939359896869
116.18287415670628
116.18287415670628
116.38288366564016
116.4180008443899
116.4180008443899
116.4180008443899
116.6279117917571
116.6279117917571
116.6279117917571
116.73047226543032
116.73047226543032
116.73047226543032
116.8443291356817
116.8760775688542
117.0374798094244
117.0374798094244
117.06288157559914
117.17266584346312
117.35955881959218
117.52842208762704
117.64793805559141
117.89335985410246
118.16218445230137
118.27523258135851
118.3998554423535
118.47757470179994
118.503559764041
118.503559764041
118.61264158335715
118.71504498201715
118.71504498201715
118.71504498201715
118.87093529448937
118.87093529448937
119.01063583099497
119.01863881716966
119.01863881716966
119.01863881716966
119.33661102146104
119.33661102146104
119.33661102146104
119.4185535125446
119.4185535125446
119.4185535125446
119.4185535125446
119.4185535125446
119.4185535125446
119.4185535125446
119.5502161899679
119.5502161899679
119.5502161899679
119.5502161899679
119.5502161899679
119.5502161899679
119.68160061791178
119.68160061791178
119.68160061791178
119.68160061791178
119.68160061791178
119.68160061791178
119.68160061791178
120.04595722563377
120.18859037645272
120.25084233254034
120.25084233254034
120.288103087758
120.288103087758
120.288103087758
120.288103087758
120.64762690163109
120.64762690163109
120.96118663930801
120.96118663930801
120.96118663930801
121.0005533127153
121.0005533127153
121.0005533127153
121.092536304859
121.092536304859
121.30603162620893
121.30603162620893
121.72771959227082
121.72771959227082
121.72771959227082
121.9966738201087
122.26994503689852
122.26994503689852
122.29452719435962
122.29452719435962
122.29452719435962
122.87289415014686
122.87289415014686
122.87289415014686
122.95203825122377
122.96568851284933
122.96568851284933
122.96568851284933
123.11621620671603
123.11621620671603
123.19915789058336
123.22037088288484
123.23636218835657
123.29421499753526
123.58352679430627
123.58352679430627
123.72616007019619
123.72616007019619
123.72616007019619
123.72616007019619
123.7364882514276
123.7364882514276
124.23878439065291
124.23878439065291
124.40890953092502
124.59979582696674
124.59979582696674
124.67103981905814
124.67103981905814
124.67103981905814
124.67103981905814
124.67103981905814
124.67103981905814
124.67103981905814
124.69812473201388
124.69812473201388
124.69812473201388
124.83674639224883
124.83674639224883
124.83674639224883
124.86709005135356
124.86709005135356
124.86709005135356
124.86709005135356
124.86709005135356
125.09698648047289
125.24640697060597
125.24640697060597
125.24640697060597
125.46871581753857
125.67154375208378
125.67154375208378
125.76502599312462
126.0972595888222
126.0972595888222
126.35597758488296
126.50089008006894
126.50089008006894
126.55984963866098
126.74768940486314
126.74768940486314
126.77870279313004
126.99754320880685
127.23200416979289
127.23200416979289
127.25394930535712
127.43178716638266
127.59165312397334
127.62571074643746
127.68743798300677
127.68743798300677
127.81449231521047
127.81449231521047
127.81449231521047
127.81449231521047
128.04049265407778
128.27411478552239
128.31721625201968
128.44560481076968
128.55404173823374
128.63508448495648
128.63508448495648
128.63508448495648
128.63508448495648
128.73694754261606
128.73694754261606
128.88937687172512
129.13610996588733
129.4070267650639
129.56316428714985
129.62941964624224
129.62941964624224
129.98721074719137
130.09123581531077
130.12186620427272
130.19581476152743
130.262682523849
130.3415376280215
130.3415376280215
130.5709598950253
130.7755926284455
130.7755926284455
130.7755926284455
130.91672621072536
131.0706679824206
131.0706679824206
131.08443389282397
131.18275283738657
131.18275283738657
131.26340657348413
131.26340657348413
131.26340657348413
131.26951252826368
131.26951252826368
131.26951252826368
131.36201236888357
131.54928688751482
131.54928688751482
131.54928688751482
131.54928688751482
131.80515562974918
131.81661729276604
131.92964918311853
131.92964918311853
131.92964918311853
131.92964918311853
131.92964918311853
132.14181532509124
132.28568210022777
132.28568210022777
132.28568210022777
132.58013160034224
132.58013160034224
132.8572329395273
132.8572329395273
132.8572329395273
132.93946355944848
132.93946355944848
133.06160317297602
133.06160317297602
133.06160317297602
133.0932428827333
133.0932428827333
133.0932428827333
133.29382857108547
133.38950929748955
133.38950929748955
133.41522264308304
133.60995158689644
133.62324326910706
133.62324326910706
133.67791250337538
133.67791250337538
133.67791250337538
133.67791250337538
133.8542200125094
133.8542200125094
133.8542200125094
134.19031649319857
134.34132002097664
134.38513550344035
134.38513550344035
134.76676610554128
134.8882472109968
134.8882472109968
134.8882472109968
134.8882472109968
134.8882472109968
134.8882472109968
134.8882472109968
135.14277755216426
135.52839608427098
135.6042532161392
135.6042532161392
135.6042532161392
135.87601736354935
135.87601736354935
136.0119179121169
136.106469191614
136.106469191614
136.14393818033622
136.2432476304298
136.2432476304298
136.2432476304298
136.2432476304298
136.2432476304298
136.35822370768443
136.44531874119832
136.44531874119832
136.51588181667265
136.51588181667265
136.51588181667265
136.5514103275365
136.5514103275365
136.5514103275365
136.59349865016296
136.66409752469795
136.90043219134157
136.90043219134157
136.90043219134157
137.03990883456547
137.03990883456547
137.2011610710494
137.31009600649065
137.31009600649065
137.31009600649065
137.31009600649065
137.31009600649065
137.4967663945226
137.70932289067497
137.70932289067497
137.71701433429627
137.71701433429627
137.71701433429627
137.81323996312724
137.95191681480733
137.95191681480733
138.07158422605852
138.2109989032354
138.2109989032354
138.2109989032354
138.38193915585632
138.613100664816
138.613100664816
138.613100664816
138.613100664816
138.62692756790284
138.69986667383552
138.78973811436867
138.78973811436867
138.8920767468516
138.8920767468516
138.8920767468516
138.8920767468516
139.03096311517697
139.05706487577933
139.05706487577933
139.58266235303313
139.66300545016992
139.68457559995608
139.68457559995608
139.68457559995608
139.77131202436368
139.80180780051464
139.86936884359176
139.86936884359176
139.86936884359176
139.86936884359176
139.94052571733772
140.0323529362875
140.16438634468093
140.16438634468093
140.2802773792217
140.35060307110163
140.35060307110163
140.57857998297686
140.57857998297686
140.57857998297686
140.57857998297686
140.660012919929
140.69329335062145
140.95593692630823
141.0673630429878
141.33810533992528
141.33810533992528
141.33810533992528
141.5294321893783
141.5294321893783
141.5294321893783
141.5294321893783
141.5294321893783
141.54507596333775
141.54507596333775
141.56451843329754
141.6887754227139
141.6887754227139
141.78277282522177
141.78277282522177
141.94915067229067
141.94915067229067
142.0561533234345
142.0561533234345
142.0561533234345
142.34919828137035
142.43288187031206
142.73916152627248
142.73916152627248
142.73916152627248
142.85177325406627
142.9878565020783
142.9878565020783
142.9878565020783
142.9878565020783
142.9878565020783
143.1306394216131
143.2287754518761
143.2287754518761
143.2430878889863
143.37451944857045
143.37451944857045
143.37451944857045
143.74336652635893
143.74336652635893
143.74336652635893
143.74336652635893
143.74396599805428
143.9280701504463
143.9280701504463
143.9280701504463
143.9280701504463
143.9280701504463
144.08179441939237
144.08179441939237
144.29025566365328
144.35789427778784
144.35789427778784
144.35789427778784
144.35789427778784
144.49661756328393
144.49661756328393
144.5053146787763
144.5053146787763
144.5053146787763
144.5053146787763
144.5053146787763
144.5294610859793
144.56061651816316
144.66142651048403
144.66142651048403
144.82481431520173
145.05632428604437
145.05632428604437
145.05632428604437
145.05632428604437
145.05632428604437
145.10606348106992
145.10606348106992
145.15918113463408
145.15918113463408
145.24218935589772
145.24218935589772
145.24218935589772
145.24218935589772
145.3130875892881
145.3130875892881
145.3130875892881
145.3130875892881
145.3130875892881
145.3130875892881
145.3130875892881
145.3130875892881
