0.4978092763125325
0.7072594890293774
0.800852539696448
1.011451569508606
1.69570066971806
2.3008680487323128
2.8492042422310795
3.547664729097645
3.9353205009490746
4.281369629814592
4.494973312937194
4.494973312937194
4.64358461438372
4.8080787038301045
5.331607082751615
5.659207544389094
5.949045667079186
6.420670815007297
6.6358288568205674
6.7536313846259635
6.763694876991219
6.813420997319741
6.851831184604583
6.945324290126355
6.945324290126355
7.070073608587962
7.3079073292514805
7.667163894740295
7.873605819339691
8.381901672842032
8.787411213767228
8.947150641467886
9.070395830784749
9.264380064931103
9.264380064931103
9.533106410386335
9.950150058203539
9.950150058203539
10.063675454947083
10.308753835225204
10.637327780781485
10.771580625343892
11.182809342076837
11.396353144115615
11.73744602650995
11.756961900904734
12.130177866353389
12.6954050036512
13.216483387540038
13.372799418605641
13.54592390759655
13.831511644950021
14.080520357474695
14.408698036389696
14.473095108247563
14.741419659901055
14.984953507239757
15.492020599955403
15.89386188245145
16.186097924831785
16.770185358527815
17.252015521187158
17.590313916278923
18.061342995231065
18.44140005510766
18.628152321560048
19.146024135761543
19.43282713371075
19.5562064378363
19.730751886305494
20.008962696512345
20.33430951465738
20.606248160371056
20.973715496815775
21.48801876749715
21.805201813775412
22.4139462104624
22.783299070020202
23.325340327464783
23.340673443288093
23.494670077506598
23.74178895593018
23.88631908977332
24.680504374806908
25.088170105538552
25.37764330254093
26.041136725433486
26.48136126827943
26.800982968404377
26.917194705010033
27.155511382833268
27.500342207232954
27.710156710695536
28.37289400675865
28.80021685088672
29.06876109380486
29.327063834915975
29.79237830404884
29.982077456534345
30.386756835824457
31.08288161600853
31.546136711472908
31.98567241231232
32.56647292356259
32.979878540716165
32.979878540716165
33.2943700303753
33.88525808905845
34.264793768081226
34.3888865061344
34.85839287973757
35.3249510534522
35.472952334181805
35.6620500269335
36.46783331872222
37.18042802219947
37.83378369659532
38.50682624023541
38.98186133604289
39.485274783224156
39.860311482805244
40.269122431473654
40.3004162353103
41.10393717653092
41.10393717653092
41.31532181288945
41.427368707395864
41.80895067627795
42.11662581928199
42.166020302715076
42.47223386508125
42.77304236699975
43.32055734529287
43.4934368761443
43.83383006360363
44.14517125820697
44.63105499524152
44.72011063150919
45.1179719311608
45.43293962527634
45.93684751695024
45.93684751695024
46.236442876514516
46.53770624228892
46.97990555165924
47.49809196792805
47.86659453893039
48.39961989077072
48.77003348042346
48.77003348042346
48.84840442568607
48.87550318121583
49.046640254835204
49.046640254835204
49.3667344859278
49.84408669926978
49.93571190812793
50.25920705799973
50.40133435479791
50.54533004225454
50.55409075351565
50.55409075351565
50.55409075351565
50.747937192136604
50.747937192136604
50.85086236808244
50.934738567833726
51.12002565679253
51.421167280166124
51.95447261079499
52.27519575014016
52.27519575014016
52.585666783332584
52.71947493653523
53.15191385667283
53.15191385667283
53.49833414225589
53.60079701153805
53.839119081290846
54.19409199473082
54.19409199473082
54.19409199473082
54.39301461832066
54.86564922948095
54.971221985357275
55.526929676590164
55.54431975551353
55.604476717981804
55.87098646145755
55.87098646145755
56.05181078846951
56.05181078846951
56.37276393173843
56.537271834204574
56.876850479399735
57.06094439884839
57.06094439884839
57.351570369636626
57.44735230941217
57.52291713212025
57.52291713212025
57.673316008050534
57.9314161480169
58.118437285903205
58.300166217940834
58.80894072097045
58.89748642280655
59.107985380072876
59.24389458605093
59.69213936680528
59.880516341615376
60.225189944921006
60.225189944921006
60.60821121886347
60.76397322536453
60.81739649016962
60.929408147799464
61.10398316098193
61.197990694990246
61.755555459733614
61.9137104078306
61.9137104078306
62.18213231571434
62.52880068231635
62.687422339304625
62.848928717244895
62.99543992680079
63.01594365946373
63.3496005852677
63.378521361120576
63.40153903372505
63.496728359291936
63.64210213413754
63.66029294512248
63.66029294512248
63.853498782408224
63.88036657329649
63.91323020684039
63.982318126617926
64.17501036034577
64.29784834966635
64.33966157594435
64.71136005362679
64.7337515471293
64.98322116935515
65.27211226882355
65.27211226882355
65.27211226882355
65.51030442282918
65.51207331751876
65.51624420356057
65.51624420356057
65.73795193414519
65.73795193414519
65.76936833802354
65.79706230139259
66.07994966234921
66.07994966234921
66.3084794629774
66.3084794629774
66.3084794629774
66.48086976437347
66.67526046478721
66.75690007001464
66.80900182179947
66.80900182179947
66.92739670304132
67.15322575564407
67.16491231788399
67.16491231788399
67.3389026616721
67.63556089445342
67.81129043806529
68.29433863548033
68.84988502847679
69.05812967640273
69.05812967640273
69.11629898108407
69.65617906300103
69.96575578471726
70.072130945008
70.39084003054168
70.44939932669686
70.55582316196511
70.61031033619913
71.00394365202791
71.00394365202791
71.00394365202791
71.35454321849004
71.35454321849004
71.75715941381407
71.85271281430308
72.03775860553661
72.34364729813262
72.90511624693441
73.01673781797292
73.38266875306167
73.56320284302534
73.79728506575103
73.79728506575103
74.00466222753728
74.07812831589445
74.2632078061278
74.2632078061278
74.2632078061278
74.53604382668023
74.74748956774418
75.0119024847827
75.04700136088582
75.14055182134241
75.22185220739576
75.54598909969809
75.59006411843247
75.79091124034474
75.79091124034474
76.13042299976215
76.27420220639046
76.67160579341021
76.87961656703918
76.95495262063925
77.277913579304
77.277913579304
77.45792471321084
77.66079126678157
77.6763769767145
78.06485572440671
78.16470657206487
78.21129333259618
78.56594898277149
78.63883939344964
78.96567211400658
79.13213706418736
79.18203323108875
79.18203323108875
79.30362912475962
79.46164130885896
79.46164130885896
79.46164130885896
79.46164130885896
79.46164130885896
79.6317217578972
79.80804799935868
79.83200362015008
80.13918475126097
80.47921988710743
81.0182576611004
81.28025180524578
81.28025180524578
81.5408036775843
81.5408036775843
81.6082351490251
81.81919908085618
82.17720045677623
82.30547898221609
82.34020895415509
82.37645246018519
82.6351488972341
82.6351488972341
82.77623625270037
82.866247765565
82.88906788502653
83.22410954153852
83.22410954153852
83.22410954153852
83.47195110400988
83.47195110400988
83.62801216104361
83.6854994319897
83.6854994319897
83.77824929172623
84.19210935266518
84.47445633723102
84.47445633723102
84.47745345053843
84.6808920404391
84.93914356019927
85.19080454128435
85.61749808049659
85.61749808049659
85.85237289921135
86.09038757948359
86.24188528720761
86.24188528720761
86.31143796757718
86.44733029244054
86.53644017981777
86.72003915552129
87.02888457628453
87.12800388587945
87.35386421033924
87.38905051837808
87.46200082379436
87.46200082379436
87.46200082379436
87.46200082379436
87.86516238093172
87.96426960193807
88.0410811451487
88.0410811451487
88.21360193621803
88.29277501986346
88.78780145889854
89.1012059482157
89.43705601209028
89.76313610354349
89.76313610354349
89.76313610354349
89.76313610354349
89.76313610354349
89.76313610354349
89.80549456118759
89.80549456118759
89.80549456118759
89.94760197396845
90.11216424271305
90.11216424271305
90.11216424271305
90.11216424271305
90.24060507235758
90.2437848680819
90.45265749764562
90.84896104289726
91.09756960761149
91.09756960761149
91.26168127190972
91.26168127190972
91.33123836217568
91.69345939452116
91.69345939452116
91.71015941873539
91.77984087670951
91.79989481776958
91.79989481776958
92.05092247225123
92.19885620798202
92.26098608871338
92.26098608871338
92.56694366494453
92.56694366494453
92.77445607967388
93.10304799257817
93.10304799257817
93.10304799257817
93.10304799257817
93.10304799257817
93.43181586148512
93.56127277857294
93.68983660877154
93.81482528157372
93.91901088522377
93.95100468483466
94.14961419614664
94.24507452123724
94.37606930223984
94.47959341154485
94.68478620577342
94.86652227561567
94.8810354332446
94.8810354332446
94.97797445585358
95.13731583614216
95.16267719646054
95.55522837492872
95.55522837492872
95.55522837492872
95.83541389797585
95.9342319552946
95.96528574741829
96.26858714702769
96.44073750059538
96.44073750059538
96.44073750059538
96.44073750059538
96.5306012483249
96.57735966290818
96.62295054372049
96.65708552447812
96.65708552447812
96.65708552447812
96.80478529634054
96.86387865394613
96.86387865394613
96.86387865394613
96.86387865394613
96.99961613565655
97.01012364405894
97.30764361557924
97.3565911717657
97.44720985196047
97.44720985196047
97.44720985196047
97.44720985196047
97.44720985196047
97.5894987991145
97.5894987991145
97.64872018247628
97.64872018247628
97.64872018247628
98.04158625298415
98.04158625298415
98.06214951365527
98.06214951365527
98.06214951365527
98.06214951365527
98.06214951365527
98.29192401059697
98.41339159477923
98.41339159477923
98.47321650333794
98.57674283338238
98.60500540650823
98.7014927746136
98.97346410595475
99.08826216223622
99.08826216223622
99.28073615943106
99.28073615943106
99.47442665046177
99.47442665046177
99.50618339879952
99.56541434225646
99.65852865748698
99.79724875273963
99.85637101051279
99.85637101051279
99.96189112629952
100.07654958298957
100.1438365763885
100.15775033933465
100.15775033933465
100.18125049829277
100.4600031841093
100.4600031841093
100.61457239447041
100.86846882054797
100.86846882054797
100.86846882054797
100.86846882054797
100.86846882054797
100.86846882054797
101.01554478678531
101.33176211270174
101.65524656871321
101.65524656871321
101.65524656871321
101.67172601904197
101.67172601904197
101.67172601904197
101.8098474145802
101.8098474145802
101.8098474145802
102.03612410991484
102.2023708474041
102.2023708474041
102.5155505078722
102.67773421992257
102.6906601010122
102.78785661838528
102.83386151950702
102.83386151950702
102.91801409280708
102.91801409280708
103.05062299089018
103.3086743182373
103.3086743182373
103.3644499216786
103.40474686599646
103.40474686599646
103.60748984619184
103.89368983291602
103.89368983291602
103.89368983291602
104.07224133278851
104.07224133278851
104.20802468296935
104.20802468296935
104.32433859634193
104.32433859634193
104.49103831120937
104.49103831120937
104.58919400849389
104.65267522336751
104.71919889712866
104.71919889712866
104.71919889712866
104.71919889712866
104.86194400754452
104.98469262663217
104.98469262663217
104.98469262663217
104.98469262663217
105.14651131132646
105.40240970638769
105.40969402623223
105.40969402623223
105.43570328891676
105.57570890425966
105.57570890425966
105.68901398645642
105.68901398645642
106.04873998844377
106.24748003835468
106.30962660510181
106.35973823469858
106.35973823469858
106.35973823469858
106.50310226923868
106.62675124005814
106.83530889646327
107.10002262611987
107.44470147474343
107.47407645801593
107.65578756642672
107.76375376088716
107.76375376088716
107.82126302298012
107.96651095746132
107.96651095746132
107.96651095746132
107.96651095746132
108.19502294125846
108.19502294125846
108.19502294125846
108.2178560308375
108.46233437398593
108.75218887240099
108.75218887240099
108.75218887240099
108.86947683574991
108.96610664012708
109.30825680312923
109.30825680312923
109.47909507646179
109.47909507646179
109.6680294024671
109.72944544512775
109.99846727061531
109.99846727061531
109.99846727061531
109.99846727061531
110.19471995619703
110.19471995619703
110.30836128293969
110.30836128293969
110.48680750989215
110.49853627590349
110.78613296791576
110.78613296791576
110.8869758656045
110.98496245452733
110.98496245452733
110.98496245452733
110.98496245452733
110.99775241516286
110.99775241516286
111.16474844637304
111.16474844637304
111.16474844637304
111.16474844637304
111.2878005095318
111.2878005095318
111.41032857306931
111.6286085903342
111.63921558322656
111.72887317066694
111.86216042852868
111.86216042852868
112.05399422144666
112.05399422144666
112.1545932851296
112.1545932851296
112.1545932851296
112.3902843120057
112.60126247498893
112.67148920181687
113.03904062735423
113.07889129084572
113.10967621104345
113.43637164798257
113.43637164798257
113.43637164798257
113.46368094755002
113.5512212606817
113.5512212606817
113.7691187352367
114.09213667691753
114.15628593781187
114.15628593781187
114.38140328608226
114.6054619584
114.6054619584
114.83592736952413
114.83592736952413
114.83592736952413
114.97168717270881
115.20670410693275
115.20670410693275
115.20670410693275
115.5234677629242
115.692739610436
115.92164296964967
116.2882820582986
116.34131408690092
116.34131408690092
116.34131408690092
116.34131408690092
116.34131408690092
116.35194037239654
116.5111918052055
116.78233963065263
117.00899981190771
117.09666823358022
117.31214178570116
117.42952977085356
117.5284777927965
117.7087419970107
117.7087419970107
117.7087419970107
117.91419068812175
118.3637536173535
118.3637536173535
118.46869020476565
118.46869020476565
118.46869020476565
118.46869020476565
118.51392174413739
118.97447294410559
119.07608720959533
119.27336492721997
119.574313484645
119.574313484645
119.67868095042134
119.67868095042134
119.69199023341535
119.69199023341535
119.69199023341535
119.74975861959885
119.74975861959885
119.80704249801835
119.84391064585918
119.9982837768117
120.13207425499398
120.13207425499398
120.13207425499398
120.24939974151977
120.24939974151977
120.24939974151977
120.24939974151977
120.26753151098524
120.3908623342518
120.54079225116683
120.58481240993706
120.68953559440834
120.86133149003452
120.9407077542886
120.99367193070518
121.03982316634884
121.15665887517537
121.33137086614747
121.4264950456304
121.60098249634578
121.60098249634578
121.9207037960974
121.9207037960974
121.99011946101409
121.99011946101409
122.08039374684293
122.08039374684293
122.12407308327188
122.16022874001007
122.16022874001007
122.16022874001007
122.18368697058094
122.4374073938262
122.5621788357673
122.57489664654479
122.60043380227333
122.66269339104126
122.66269339104126
122.66269339104126
122.66269339104126
122.66269339104126
122.68601822324581
122.9516584158222
122.9516584158222
123.09201801449893
123.24413869034353
123.5138681090585
123.56221804980375
123.56221804980375
123.56221804980375
123.67447295283543
123.67447295283543
123.67447295283543
123.68318596797695
124.07022015455806
124.07022015455806
124.08672289330373
124.15122922296437
124.40089021617564
124.54613113719962
124.71603736370537
124.72850122396336
124.72850122396336
124.72850122396336
124.92314093218697
124.92314093218697
125.30362262891092
125.4959596764651
125.4959596764651
125.71554007312245
125.71554007312245
126.0583599183621
126.27082523800088
126.29116045396584
126.42928719196053
126.42928719196053
126.43331117495478
126.43331117495478
126.68044666508047
126.68044666508047
126.68044666508047
126.9383957116966
127.11235427012375
127.28763605038606
127.28763605038606
127.28763605038606
127.46755020242519
127.51235906836989
127.51235906836989
127.51235906836989
127.51235906836989
127.51235906836989
127.57488881640516
127.63934562785369
127.63934562785369
127.71602879547979
127.87366059529356
127.87366059529356
127.87366059529356
127.87366059529356
127.87366059529356
127.87366059529356
127.87366059529356
128.1227925454301
128.1227925454301
128.36989395190125
128.36989395190125
128.36989395190125
128.36989395190125
128.36989395190125
128.69138341517703
128.82958291825483
128.82958291825483
128.82958291825483
128.82958291825483
128.82958291825483
128.9614085416032
129.17835438879328
129.17835438879328
129.17835438879328
129.17835438879328
129.35953898745498
129.35953898745498
129.35953898745498
129.49889844058595
129.61406916760103
129.68163836918254
129.68163836918254
129.71062920131462
129.7475883292978
129.81102599792814
129.81102599792814
129.9374810198649
130.12736103620077
130.2206362769039
130.2206362769039
130.2206362769039
130.2206362769039
130.2206362769039
130.23170223747263
130.46910803414275
130.46910803414275
130.48248223504672
130.71367648720607
130.83345738346316
130.83345738346316
131.01219042383718
131.38397788983463
131.41745713663138
131.41745713663138
131.45397329338718
131.6605791547148
131.6605791547148
132.00220131002098
132.00220131002098
132.00220131002098
132.333671635788
132.47323481022622
132.47323481022622
132.47517888413066
132.47517888413066
132.54882979622465
132.69079866553784
132.69079866553784
132.99418900267506
133.04221009944374
133.04221009944374
133.14707311576393
133.2869667662458
133.5285347378986
133.5285347378986
133.56539389382863
133.6142864724825
133.6142864724825
133.6142864724825
133.6142864724825
133.8558901850899
133.8558901850899
134.16431792783257
134.33312436747553
134.33312436747553
134.33312436747553
134.34427399491813
134.4863145683287
134.72774310698202
134.72774310698202
134.8079382183457
135.02680733899018
135.02680733899018
135.05897286524714
135.05897286524714
135.10654901264255
135.10654901264255
135.26637495941725
135.26637495941725
135.26637495941725
135.26637495941725
135.26637495941725
135.26637495941725
135.26637495941725
135.40690251335417
135.40690251335417
135.69414609516102
135.79042009345002
135.79042009345002
135.79042009345002
135.8159238269932
135.8159238269932
136.0861082804135
136.0861082804135
136.19528346889965
136.21768665429533
136.2214828990636
136.35099758081574
136.35099758081574
136.35099758081574
136.60505087961556
136.60505087961556
136.6850407927639
136.8913029821531
136.8913029821531
137.03841832691123
137.11507365834333
137.24659102015534
137.30508280764866
137.30508280764866
137.30508280764866
137.30508280764866
137.38222780540474
137.39670082875253
137.39670082875253
137.39670082875253
137.6292520463058
137.6292520463058
137.7330010804802
137.7330010804802
137.73668190584863
137.99368951317842
138.1332797434155
138.2452687557447
138.312314101689
138.36220041969705
138.36220041969705
138.36220041969705
138.5817765018107
138.5817765018107
138.80721322243605
138.80721322243605
138.8173406234773
138.8173406234773
138.8173406234773
138.8173406234773
138.8173406234773
138.8365185523405
138.8365185523405
138.9571634899021
138.9571634899021
139.1611035550754
139.20254402290917
