0.03356960269834258
0.5451166408308121
0.8868553305767377
1.4918358465091277
1.5465148041633927
1.7439097668678862
1.9461027756885088
2.5928434827298235
3.0439991116180565
3.5217354483617926
3.8099228024512044
4.159425173004572
4.7670927767308955
5.6849787773467115
6.022664235346515
6.424439697210629
6.9570140601653545
7.630929927763164
7.96646599202755
8.242785763495176
8.558185080224748
9.067436207616247
9.37353159295916
9.938946535097894
10.345411793851458
10.524075684558122
11.165676386076246
11.688518953052222
12.37828668676548
12.801968567017777
13.244670830712614
13.610398086862364
13.85814522050099
14.47649446665353
14.916802240571
15.277917928036768
15.585423252689935
16.006957272264824
16.574372216420063
17.016426299054658
17.726349012668905
18.036909358378335
18.38036790630943
18.808970211856185
19.0879802463718
19.380127982404012
19.630654402309602
20.150170279988526
20.341235807008008
20.77186821405224
21.504898710055
22.01236861381255
22.387801708818827
22.86919292115786
23.084679187188048
23.52159390134967
24.16657785575026
25.075237862868807
25.366323686227794
25.55821302965908
26.18980819625543
26.69881422169854
27.515636349449238
28.038994887651402
28.671619763274833
28.960124086535636
29.696297935468927
30.31248891426634
30.734813566451255
31.222448763687687
31.618821388953826
31.882325526919225
32.43015558538074
32.99006315977146
33.419064112038214
33.63901057481674
33.802055518967045
34.08511238069463
34.296118911207294
34.73152745894188
35.149185870678615
35.60553643806657
35.60553643806657
35.68631591658409
35.89484074609756
36.232799526078715
36.37569573397186
36.712464239282625
37.3576403123703
37.63041033514676
37.89990622475251
38.082227237987716
38.191090745313424
38.25541293867161
38.84633397489662
38.84633397489662
38.84633397489662
39.10679818753028
39.40426412086711
39.763411418199155
39.998137781582976
40.45278685309125
40.53126218063901
40.735671831839305
40.83628572857332
41.034868396413565
41.665002921317736
41.730684515587924
42.04947241654126
42.1938509704439
42.872615004831474
43.30483634844806
43.62778486775988
43.75764819017821
44.07064508568333
44.07064508568333
44.38854342675313
44.97057591699288
45.157015268787156
45.57807984594244
45.6825218460608
45.96757840449822
46.5605409436085
46.6481482195123
47.08411205320361
47.61096240283543
47.99767475923951
48.29724791671899
48.67324191578315
48.88808949681708
49.108097112612484
49.52454407359793
49.78543988377375
49.996035086748165
50.43406144242716
50.788629584565435
51.30519250950138
51.395753201036115
51.591995704126454
51.910344951918056
52.282350740302704
52.45979833220925
53.09141984969151
53.153275416041105
53.153275416041105
53.644781893909425
53.93479142370727
54.45471601659965
54.915496492579884
55.263216294271565
55.54120217676122
55.90724307976804
56.412492029496484
56.889221108720385
57.120959464582135
57.3992259562844
57.82174445906296
58.05996575738781
58.332423377818714
58.83708622411639
59.227075604752805
59.44958047489908
59.89608300227494
60.24387332913423
60.66945134622807
61.26812049881439
61.27783667063533
61.482381063951344
61.688251154838035
61.754943884884824
62.102731897346175
62.14927083409644
62.34303336025616
62.77129351295292
62.97063969478699
63.53946932743014
63.93537087624548
64.54022961742476
64.92994306153129
65.29506821530809
65.48705616247744
65.83041663780328
66.2268555172975
66.60418138866991
66.76687780697655
67.39101839168259
67.89911023249806
68.4354799006905
68.4354799006905
69.02471241183204
69.60420594685043
70.25406968404356
70.69525189064878
71.37644876590265
71.7637125947818
72.10284672747342
72.42060824281793
72.6044290352459
72.72218821088555
72.9997118456223
73.60832619199442
74.0464734795018
74.40097550580604
74.48703046882208
75.13695703272683
75.49416745363385
75.50348597310015
76.01265722047499
76.44894039489505
77.05959892398396
77.25910771852902
77.70764700612135
77.95722066324207
77.9905823215565
78.18347720802764
78.60211063382906
79.16373729476213
79.43253930601442
80.02420019988926
80.55601283925891
80.96712483944006
81.61232817883456
81.92405519509343
82.35125300533574
82.44137132448984
82.85233038289665
83.37208890913533
83.7010388226043
84.08084023745673
84.21566276672426
84.24167106889671
84.7707253390852
85.09601449947075
85.7272560429761
86.10432086565854
86.39234010925227
86.81662896774658
87.36914547368161
87.68056939347046
88.02214697218851
88.76113387652885
89.1648174200284
89.3730455893112
89.65085181270575
89.90021305588922
90.14022426631414
90.62964406941026
90.8989036448289
91.02944572259095
91.55374821712167
91.86744229734649
92.32665283839316
92.35649534569525
93.02163204339139
93.35727466897909
93.71044188808368
94.32240066702663
94.44617578419911
95.07742363406568
95.44654292083057
95.64502553215951
96.27194346428858
97.0443155188987
97.16786373050066
97.16786373050066
97.62801371859237
97.8119031752096
98.01394526685661
98.16596726753735
98.53642074386231
99.23502483580289
99.50212811260573
99.73527686659995
100.19469940137141
100.71780311447422
101.07083616178119
101.29629272641891
101.70262352523063
102.2355958905131
102.81915629772517
103.1548852389397
103.91712615791977
104.28785900520606
104.85346467817944
105.29393906001927
105.85357669551581
106.50687055656034
106.89605920630878
107.52216525697158
107.95609593177538
107.96942461138273
108.35413385441616
108.75480708890845
108.75480708890845
109.16907634819368
109.8021640402243
110.62488466486855
111.17560915970185
111.36155986737874
111.84596168746116
112.27753103534339
112.5727489975304
112.91353730380621
113.21390044822458
113.44949909729422
113.97110292987183
114.16903254136831
114.27945344562511
114.74903170671207
115.0633584831285
115.83229782784372
116.21637524919745
116.87534568146351
117.30910464953028
117.6947568843343
117.99643235946665
118.18281189415734
118.47183431611712
119.28295665611522
119.89018674246958
120.30265379411718
120.74398900196361
121.42697678494864
121.84225876752664
122.56764583075538
122.9648187220513
123.30113439984098
123.49412734955393
123.68572834733601
124.1310713110247
124.405104887365
124.77404621956855
124.93016407639767
125.43654729704905
125.565344193889
125.95939798808331
126.45896526469852
127.03296916938544
127.29320829348183
127.70257424038124
127.91709811297363
128.53494022658532
129.04794349872262
129.69272895750694
130.2533276257593
130.2533276257593
130.52414714051406
131.03257224356932
131.28136651153082
131.41257312164595
131.64869011600075
132.10026796897665
132.30204908424022
132.39985675734064
132.39985675734064
132.81246227653548
132.87736419799336
133.27652671290178
133.48812650340693
133.7600978425748
133.7600978425748
133.79990820063404
134.2635738109998
134.530531973238
134.859831920396
134.859831920396
134.859831920396
134.859831920396
134.92732696210544
135.37323930111978
135.41917113996448
135.41917113996448
135.46445127707074
135.65483330199274
135.73826585513058
136.08334222221103
136.22594156092538
136.31586249969573
136.5827057870467
136.65872370153218
136.85444346596137
136.98923982188015
137.24170815089903
137.24170815089903
137.3160156825655
137.61158480431695
137.61158480431695
137.79659581219457
137.79659581219457
137.79659581219457
137.90970788137702
137.99791064395487
138.28837267925587
138.55730803940938
138.87728364180384
139.09274877800112
139.45185358466892
139.48425892529414
139.58214015839695
139.58679675584057
139.58679675584057
139.69795478868213
140.02847093633446
140.10317375924936
140.22231444618126
140.22231444618126
140.45775531472125
140.71601605299952
140.7889460729067
140.7889460729067
140.7889460729067
141.2836522107331
141.76603470482004
141.76603470482004
141.76705196590214
142.01147235478527
142.04830221754096
142.2220575567804
142.23223979367148
142.2900766995712
142.6331106253628
142.63777579401412
142.63777579401412
142.63777579401412
142.97915019632615
142.97915019632615
143.172180865227
143.45876844420383
143.6530875141181
143.7481725661274
143.7481725661274
143.8553668019683
144.17739534586823
144.39428476879522
144.56671205932287
145.07284323847253
145.11192486561083
145.25372315444795
145.3934281199757
145.77651434731658
145.77651434731658
145.88318410763142
145.88318410763142
146.10004815796538
146.41914212122055
146.64395379634806
146.74502449170697
146.74502449170697
146.76818119465833
147.14173756102917
147.34348788525176
147.54034785929773
147.8446274079941
147.8446274079941
148.08753488438643
148.1203155999472
148.1701069441425
148.37073384461934
148.37073384461934
148.38167487511038
148.39150876194213
148.39150876194213
148.6722592847502
148.90883135037063
148.90883135037063
148.9149572764173
149.05288274031687
149.1586283949724
149.1586283949724
149.1586283949724
149.45541738174504
149.45541738174504
149.58051026148797
149.58051026148797
149.72143170292838
149.8432363805985
149.91757481890633
150.11409171559924
150.2159387353451
150.40407312058915
150.8759160292622
150.8759160292622
151.01704566235713
151.23761323464217
151.2496316970063
151.40791826209673
151.47840521497594
151.47840521497594
151.47840521497594
151.47840521497594
151.47840521497594
151.5306908070553
151.55142697113268
151.79960240525804
151.79960240525804
151.85019079949612
151.85019079949612
152.10953954451813
152.10953954451813
152.243995483888
152.243995483888
152.49798243783147
152.50149822283095
152.7911806089718
152.97229355694
152.97767269649324
152.97767269649324
152.97767269649324
153.33702869653885
153.33702869653885
153.33702869653885
153.33702869653885
153.7025354626985
153.7025354626985
154.04690934928027
154.27411821892926
154.6478716800404
154.7059864403153
154.76077256565995
154.92085781198605
155.15258851901265
155.30838358039952
155.47660248561277
155.47660248561277
155.47660248561277
155.47660248561277
155.55422133192306
155.76417152905435
155.95847037620246
156.2790678483062
156.2790678483062
156.28059165573183
156.7282597110797
156.7282597110797
156.7282597110797
156.9982455937021
157.4927877551164
157.4927877551164
157.4927877551164
157.57937470331396
157.57937470331396
157.729444826889
157.92532942368436
157.92532942368436
158.05047368070555
158.06427660003888
158.06427660003888
158.16119241092122
158.22172457592475
158.33294748343462
158.33294748343462
158.575079315071
158.61014132066404
158.61014132066404
158.90176648768647
159.12617737829245
159.33347585708202
159.44438281461953
159.44438281461953
159.67177355264275
159.7212644055255
159.76301279210617
160.17512604539314
160.45768411301938
160.48963005394467
160.5404404154427
160.5404404154427
160.5605826778807
160.7150282205741
160.94420658589422
161.14171409757364
161.14171409757364
161.51839218725993
161.51839218725993
161.7700686712088
161.98878851123527
161.98878851123527
161.98878851123527
162.29193624957765
162.29843207577525
162.29843207577525
162.29843207577525
162.43667586641226
162.67753644648585
162.73582939027457
162.9509669954218
163.19904782241724
163.19904782241724
163.19904782241724
163.26483020452554
163.45276267222363
163.45276267222363
163.45276267222363
163.45276267222363
163.61363454027148
163.61363454027148
163.61363454027148
163.61363454027148
163.83136158199392
163.906196604779
164.04542408889495
164.04542408889495
164.32414492133194
164.32414492133194
164.6463832994696
164.95138191605338
164.95138191605338
165.0552552109006
165.25413309806072
165.26978671388758
165.39724159019525
165.39724159019525
165.39724159019525
165.39724159019525
165.63944363903724
165.63944363903724
165.67884730363278
165.67884730363278
165.67884730363278
165.76428719688488
165.93688530298758
166.0838828737418
166.36544807055915
166.36544807055915
166.41654990821468
166.47416062487707
166.5238909161909
166.5238909161909
166.64949486755933
166.78156204072204
167.1856239675839
167.42003043191252
167.4940493438375
167.55470565709575
167.6731341909856
167.6731341909856
167.85538072901733
167.95911370481457
168.14235334150538
168.29981021026393
168.35797989007082
168.77769073222998
169.07674690971933
169.07674690971933
169.14861636990648
169.26142842108064
169.38802439838094
169.46616569387172
169.638108852921
169.6816706799126
169.6816706799126
169.6816706799126
169.6816706799126
169.6816706799126
169.75499764470396
169.88192835038683
170.21456751239768
170.34210197337347
170.34210197337347
170.45037475861236
170.45037475861236
170.45037475861236
170.45037475861236
170.58930999152645
170.59759443060662
170.72686077323584
170.7741796927098
170.7741796927098
170.9566066404492
171.11257993177034
171.33752307768177
171.36437816890688
171.37298403130967
171.48882133227602
171.52932958519818
171.52932958519818
171.52932958519818
171.64384090322736
171.99068804949022
171.99068804949022
172.00920511036233
172.15222063013587
172.15222063013587
172.18456406894492
172.2176570053924
172.2687477798687
172.2687477798687
172.43022945422305
172.43022945422305
172.46103976007223
172.66195310050588
172.66195310050588
172.66195310050588
172.66195310050588
172.66195310050588
172.66195310050588
172.66195310050588
172.84256117102453
172.84256117102453
172.84256117102453
172.84256117102453
173.06199963194365
173.06199963194365
173.06199963194365
173.1100916788762
173.18947354802373
173.18947354802373
173.18947354802373
173.2719944433639
173.39166498539154
173.39166498539154
173.39166498539154
173.42894709174695
173.42894709174695
173.68981123619793
173.68981123619793
173.68981123619793
173.68981123619793
173.72542175316218
173.72542175316218
173.72542175316218
173.72542175316218
173.72542175316218
173.72542175316218
173.86752840293903
173.97434782326195
173.97434782326195
173.97434782326195
173.97434782326195
173.97434782326195
173.97434782326195
173.97434782326195
173.97434782326195
173.97434782326195
174.29948881058692
174.33832985434265
174.33832985434265
174.33832985434265
174.33832985434265
174.4645706547081
174.61422591820133
174.61422591820133
174.75136323946998
174.9489301015981
174.98642863128632
175.11607980187878
175.16719623531975
175.16719623531975
175.16719623531975
175.23084360530274
175.23084360530274
175.35235790459814
175.35235790459814
175.48976734058726
175.62160368294204
175.62160368294204
175.62160368294204
175.83649479827758
175.83649479827758
175.86602330678025
175.86602330678025
175.86602330678025
175.86602330678025
176.09088162380544
176.09088162380544
176.09088162380544
176.09088162380544
176.09088162380544
176.09088162380544
176.09088162380544
176.10004442105145
176.10004442105145
176.24955920867032
176.30084606808217
176.30084606808217
176.30084606808217
176.36728818354587
176.44390793469853
176.44390793469853
176.44390793469853
176.44666195084318
176.58453241844336
176.71042938792817
176.71042938792817
176.71042938792817
176.76789415118324
176.84578342664977
176.84578342664977
176.84578342664977
177.0505339548787
177.18740433583105
177.37502886983899
177.37502886983899
177.37502886983899
177.37502886983899
177.41771299437073
177.45690479190813
177.45690479190813
177.5378599825867
177.5378599825867
177.5378599825867
177.5378599825867
177.5995726196102
177.5995726196102
177.69451757435328
177.88479115609096
177.88479115609096
177.88479115609096
177.89344332040957
178.03281952709455
178.24161890471768
178.24161890471768
178.24161890471768
178.3126994032394
178.61029401333928
178.70250157450852
178.70250157450852
178.8495214674527
178.8711717254213
178.8711717254213
178.88026092519422
178.9891675648201
178.9891675648201
178.9891675648201
179.0101079281249
179.18101718648884
179.222912054084
179.2597403409178
179.2597403409178
179.2597403409178
179.2597403409178
179.2597403409178
179.31728147211177
179.31728147211177
179.31728147211177
179.31728147211177
179.5395475433373
179.5395475433373
179.5492446146984
179.61473409332964
179.64513279267103
179.64513279267103
179.64513279267103
179.64513279267103
179.75567919081686
179.75567919081686
179.99987836123216
180.29867317870088
180.35108110956693
180.40746223711616
180.49968899737357
180.49968899737357
180.55965412084714
180.5951705703051
180.5951705703051
180.5951705703051
180.5951705703051
180.73996675416785
180.7520007398061
180.78352183766887
180.78352183766887
180.86546971939873
180.86546971939873
180.86546971939873
180.86546971939873
181.011596263528
181.06457578169093
181.06457578169093
181.06457578169093
181.38333316238712
181.43511972774843
181.43511972774843
181.5785686540617
181.5785686540617
181.5785686540617
181.64932296373786
181.6586036196845
181.9383886662449
181.9383886662449
181.96004892918327
181.96004892918327
182.21818200927527
182.54030120470375
182.56464951794203
182.56464951794203
182.56464951794203
182.56764412868463
182.75843893592116
182.75843893592116
182.75843893592116
182.81317864341847
182.9152103259113
182.98625159310862
183.1667871055253
183.30874949051724
183.30874949051724
183.53144463248645
183.53489469196586
183.56244584970494
183.56244584970494
183.59395060493625
183.59395060493625
183.59395060493625
183.59395060493625
183.59395060493625
183.62437953981805
183.72567327443713
183.72567327443713
183.72567327443713
183.72567327443713
183.82457020330074
183.82457020330074
183.82457020330074
183.82457020330074
183.98680849904324
184.40358318666907
184.40358318666907
184.56090244796388
184.56090244796388
184.67253393960712
184.67253393960712
184.9148204450655
185.12891007150438
185.12891007150438
185.27889262171448
185.41898334301695
185.60734247272381
185.7608663003625
185.7608663003625
185.8865123456992
185.8865123456992
185.8865123456992
186.10291373129053
186.28851910527925
186.37705763164536
186.37705763164536
186.5193406163731
186.6493695393326
186.6493695393326
186.9688617214198
186.9688617214198
187.21031951199666
187.32409239221346
187.4263905396589
187.4263905396589
187.4263905396589
187.60356812220817
187.8369533886785
187.8369533886785
187.99096723369829
187.99096723369829
188.27742550939874
188.30856647297927
188.38462409933038
188.38462409933038
188.38462409933038
188.40223266039513
188.40223266039513
188.40223266039513
188.4638537845178
188.4638537845178
188.4638537845178
188.55220888546577
188.72702828957398
188.85245225636015
188.85245225636015
188.85245225636015
188.85245225636015
188.85245225636015
188.85245225636015
189.0485417046887
189.0485417046887
189.0485417046887
189.0485417046887
189.07173848133505
189.07173848133505
189.07173848133505
189.35295235822025
189.35295235822025
189.5743834602321
189.5743834602321
189.5753038011661
189.5753038011661
189.84161603873113
189.9849359797557
189.9849359797557
190.0102625919598
190.12180257377616
190.12180257377616
190.12180257377616
190.12180257377616
190.12180257377616
190.1836856867783
190.20880065124925
190.25408375467254
190.25408375467254
190.40226745208454
190.40226745208454
190.4936169815243
190.8132308751175
