0.0
0.2858657662260596
0.6097506767157288
1.1804669913134194
1.2627513855631227
1.624313132435201
2.0355761871078975
2.0921369891738215
2.2327646228114393
2.4143469308930134
2.9341839769705618
3.093011160892862
3.093011160892862
3.3855261635094394
3.419366004461607
3.834723234046655
4.319987991565299
4.345213642282737
4.409984809568844
4.5651219352344174
4.925329782550395
4.952249991384131
5.128607404182423
5.16838039697972
5.380743904155826
5.781970759676043
5.945550636048641
6.245986177553392
6.481791189306371
6.591854755582422
6.591854755582422
6.701761159717838
6.701761159717838
6.701761159717838
6.975459007122375
7.038011027479835
7.455407935382298
7.61124752491427
8.212177495301162
8.41546463053784
8.795430730544957
9.167654491532314
9.295122470155759
9.467618240178215
9.546878321608702
9.632137415956175
9.88123486779449
10.25044448356781
10.25044448356781
10.438448397151516
10.55968875471005
10.623988541716605
11.128105467462284
11.193230408622787
11.39468084192793
11.576347009950023
11.961040871832594
11.961040871832594
12.111294791444777
12.29974343840482
12.30694898507694
12.709846403100336
13.164305953856054
13.60982269547321
14.133118644241467
14.360559352808409
14.737602836610915
15.042645280165262
15.52146675059039
15.823706300307824
16.224734429564826
16.475557136906264
16.84593394211889
17.08493247770431
17.677096573163954
18.056980230914533
18.345825558195557
18.58104719794144
19.047207025247385
19.385316485315865
20.13400686564276
20.622929680645182
21.019417203280682
21.212979413661458
21.212979413661458
21.568133068250482
21.804935427055362
21.99232615903979
22.4144313922628
22.61581810081023
23.25438541859702
23.65466988572519
23.65466988572519
24.342492469007478
24.909957446502176
24.95196318522423
24.95196318522423
25.735049781518022
26.189455554522684
26.443715067322813
26.566163528759265
26.86788759159674
27.224809838461294
27.43257004932393
27.74504454771255
28.16187496942157
28.434196267912593
28.99143402939366
29.740088213273793
30.39548746350896
30.545314322803726
30.85843745840755
31.509833046791144
32.081713184989255
32.29027826684311
32.65919415795525
33.054687203530385
33.55634915495265
33.9131235201975
34.46473156305282
34.91137185116101
35.10893068018587
35.660733754563324
36.119708051519055
36.530057090799154
36.9007833049234
37.540570298202724
38.283668842865055
38.55535591400849
39.05593858433709
39.72001760586182
40.37972316880464
41.10205486701378
41.66221637128516
42.15968236056106
42.76367382656609
43.245971597950685
43.979134718780514
44.47557938591002
44.679547769121726
45.615546461035365
45.836629966127695
46.12111228102657
46.58307552270505
47.018403405676345
47.308394635440145
47.308394635440145
47.85187490126481
47.85187490126481
48.285467387937786
48.39323370880768
48.60721909565834
48.641693693364815
48.847025698307846
49.2653879303551
49.75518779874617
49.75518779874617
49.92933819068815
49.92933819068815
50.248970978787916
50.75789264984605
50.94259627832846
51.49047018067989
51.798193751489684
52.03672373338331
52.33135563317907
52.696833910240095
53.2581790487542
53.6868930662397
54.24204356559359
54.70741196473845
54.85001365126671
54.85593259885406
55.23797593170441
55.270358214263915
55.300969127240634
55.599719091823964
55.63704852442951
55.63704852442951
55.63704852442951
55.99381174451889
56.34351963300774
56.637107864746056
56.637107864746056
57.045747711235386
57.42645699002705
57.453399471169114
57.58196545165219
57.58196545165219
58.04025408002405
58.536973727780854
58.64028825388168
58.64028825388168
58.90003152871411
59.11047202897139
59.11047202897139
59.11047202897139
59.33755387043811
59.51824833920284
59.51824833920284
59.523027529450495
59.62298229599947
59.83000739068289
60.09862727073193
60.09862727073193
60.39548671004141
60.518873848147365
60.72745711620805
60.96383582362156
61.21457476400892
61.21457476400892
61.542635756034585
61.73481042156131
62.09820979164807
62.35629734517191
62.45588407756549
62.45588407756549
62.625365062907576
62.66981849062707
62.932156677427336
62.932156677427336
63.10990468315854
63.21959544338826
63.2412712204491
63.402678796707164
63.57078707592817
63.64454925486783
63.87687289719988
63.99148575348095
64.23635380382252
64.23635380382252
64.34100164917156
64.62555764989608
64.62555764989608
64.62555764989608
64.66200325628718
64.97541107403701
65.07012426715511
65.40835163309677
65.8024147654364
66.04057670499583
66.04057670499583
66.04893537836764
66.04893537836764
66.4488159076838
66.49094064095267
66.65555836989421
66.65555836989421
66.86847378476344
67.08071127069366
67.18622688458044
67.19328068512502
67.39937222571864
67.63921419982456
67.74528489651199
67.80771816555287
67.80771816555287
67.90238386458124
68.33715318264925
68.37385589422128
68.46091061043194
68.60499309184033
68.7474631153162
68.7474631153162
68.8397258037834
69.13470158880159
69.20706094082904
69.49165099416096
69.49165099416096
69.62455899873692
69.73732033778971
69.85596755476237
69.9877211226757
69.9877211226757
69.9877211226757
70.17280610439259
70.63807441765603
70.63807441765603
71.04354660837444
71.33857280254239
71.65496314421172
71.65496314421172
71.67643093479408
71.733370760935
71.733370760935
71.99248997973072
72.16006763038523
72.16006763038523
72.578972430001
73.24444527864048
73.31664366770318
73.69884864447465
74.08478118179045
74.08478118179045
74.22425638348267
74.52369757327831
74.61494598641158
74.93556010414905
74.99756952695549
75.0442617079363
75.3352343850906
75.5667204519834
75.5667204519834
75.91416473110499
76.23330254719377
76.23330254719377
76.56815063749175
76.67999527726472
76.77678149106104
77.23425972197339
77.68901979382088
77.91063328891552
78.22058883007512
78.32347738063083
78.69593651805397
79.26314994807117
79.70125655307537
79.79797654821064
80.06153744161517
80.48766868689134
80.76281913370156
80.8807225049907
80.8807225049907
80.8807225049907
81.06116553964604
81.07203781700308
81.07203781700308
81.45395364213836
81.6678796522555
81.88282142041857
82.31801990575674
82.45175329851912
82.7095239621502
82.95884504736412
83.20075769060075
83.36310471245392
83.68477712749005
83.82343448690644
84.29952889297272
84.29952889297272
84.29952889297272
84.552494789922
84.88655601734273
85.11594080838506
85.28263347410578
85.50440055183371
85.79892810799997
85.89751668366242
85.9213792438738
86.22011489788396
86.22011489788396
86.51442397239103
86.54120034393357
86.54120034393357
86.82341776497874
87.07892757316644
87.39253012326883
87.69024936612118
87.97288121213744
88.06986301730944
88.1834815987373
88.53954312581457
88.70694212464504
88.81077946543482
89.32584575981585
89.58372751173148
89.58372751173148
89.58372751173148
89.62921228858193
89.73187369677468
89.73728449982524
89.95215946692427
90.13901777888492
90.13901777888492
90.55157052215237
90.64026935965731
90.64026935965731
90.78346421598823
90.78346421598823
90.78346421598823
90.81711315635499
91.1714452475785
91.1714452475785
91.1714452475785
91.29100824568027
91.52507161904406
91.62908313664913
91.93118345691389
92.10690381562432
92.18737259584822
92.41161067403733
92.60819435285478
92.60819435285478
92.60819435285478
92.60819435285478
92.60819435285478
92.77271606321412
92.99105957771509
93.23879398590113
93.32748219027448
93.3319186313816
93.43976820586684
93.51455183542728
93.99972717781077
94.00999209216732
94.05341131327023
94.09858229547751
94.09858229547751
94.09858229547751
94.09858229547751
94.2904158713138
94.53362744230363
94.53362744230363
94.53362744230363
94.64036851431094
94.64036851431094
94.64036851431094
94.75522201625692
94.75522201625692
94.75522201625692
94.75522201625692
94.87052073181344
94.96450852706013
94.96450852706013
94.96450852706013
94.96450852706013
94.96450852706013
95.04532286438106
95.04532286438106
95.17606550766625
95.19583412949488
95.46200194994607
95.46200194994607
95.46200194994607
95.46200194994607
95.46200194994607
95.7125752849793
95.7125752849793
95.78063848911741
95.79585936921248
95.8092116656227
95.8092116656227
95.8092116656227
95.94487818659525
96.18917136219461
96.18917136219461
96.21981295034553
96.21981295034553
96.21981295034553
96.21981295034553
96.21981295034553
96.21981295034553
96.24026262568026
96.24026262568026
96.24026262568026
96.4994361578809
96.4994361578809
96.68129410176971
96.68129410176971
96.74658247172975
96.74658247172975
96.74658247172975
96.74658247172975
96.97303637779001
96.97303637779001
97.12077448847465
97.12077448847465
97.12077448847465
97.25078909065884
97.46675903727842
97.57836802171653
97.57836802171653
97.57836802171653
97.71794957816638
97.71794957816638
97.75191774636073
97.75191774636073
97.75191774636073
97.75191774636073
97.78750743786803
97.82053896549559
97.82053896549559
97.96900574693052
97.96900574693052
97.96900574693052
97.96900574693052
97.96900574693052
97.96900574693052
98.0236517600257
98.10055235766347
98.16452568811417
98.19125708191612
98.19125708191612
98.33995695623767
98.46473089762551
98.46473089762551
98.62010763398597
98.62010763398597
98.62821501073284
98.87467450782276
99.06043628424615
99.15375756368108
99.19808380959718
99.43690577014708
99.43690577014708
99.43690577014708
99.61806840079306
99.64138164603183
99.64138164603183
99.6460690565255
100.03056944482134
100.03056944482134
100.03056944482134
100.03056944482134
100.03056944482134
100.03056944482134
100.07200725770852
100.19546604457582
100.19546604457582
100.25287698291083
100.36352006860265
100.36352006860265
100.36352006860265
100.36352006860265
100.36352006860265
100.60749303394022
100.74580378875554
100.74580378875554
100.99782084273393
101.0483459402222
101.21290250757207
101.3057144368197
101.3057144368197
101.3057144368197
101.31607914288091
101.57341832920225
101.64685137439861
101.65755107500767
102.0153706455646
102.0153706455646
102.22737683893023
102.34347914933839
102.34347914933839
102.45067440619704
102.50703940197737
102.61791906361219
102.61791906361219
102.63718184671647
102.82839485216442
102.83414786111175
102.85520401172752
102.85520401172752
102.9520446117826
103.02298980662346
103.23420311714388
103.23420311714388
103.23420311714388
103.4741610784188
103.532574335501
103.58034182597216
103.58034182597216
103.58034182597216
103.70262035978385
103.70262035978385
103.70262035978385
103.71728384489944
103.87853846075832
103.98039409927623
104.31691855829425
104.38746666338623
104.71803907130436
104.76235810860943
104.76235810860943
104.76536201544907
104.76536201544907
104.95752358686036
105.0765151732759
105.28578055307705
105.28578055307705
105.28578055307705
105.28578055307705
105.4470476839957
105.4470476839957
105.4470476839957
105.4470476839957
105.72495809209572
105.72495809209572
105.77315760531206
105.97837923076553
106.1562035801809
106.1562035801809
106.17780006003754
106.17780006003754
106.17780006003754
106.17780006003754
106.2841586604477
106.34339327659173
106.5359187949393
106.5359187949393
106.62485035687205
106.64011593058196
106.64011593058196
106.95544386305794
107.22065325498535
107.22065325498535
107.36597768868805
107.61472228794584
107.71400743048383
107.78771718179493
107.78771718179493
107.78771718179493
108.02688798142395
108.02688798142395
108.30828677818067
108.39438005848992
108.40447077626352
108.50471986266125
108.84563001782418
108.84563001782418
108.90499604333662
109.10777338434373
109.10943903855761
109.10943903855761
109.10943903855761
109.10943903855761
109.43673258006949
109.72961447725233
109.77555953865061
110.0030155634734
110.0030155634734
110.17883368228753
110.26060708398386
110.59970413876628
110.62869161502269
110.6645995427606
110.68892192992894
110.68892192992894
110.76900017842405
110.79577506221005
110.89948302808807
110.89948302808807
110.89948302808807
111.00769145209101
111.12367508934561
111.12367508934561
111.12367508934561
111.44848539985927
111.609667354306
111.609667354306
111.609667354306
111.77535228073506
111.77535228073506
111.77535228073506
112.07982644116406
112.18933827532909
112.24270477330194
112.24270477330194
112.34541811007487
112.41216468209875
112.48079224835006
112.48079224835006
112.88036924952341
113.19831995788992
113.19831995788992
113.4283694646241
113.49750734467939
113.57016398183687
113.66153624551414
113.66153624551414
114.00784662467089
114.00784662467089
114.00784662467089
114.38374600202354
114.63056862185645
114.63056862185645
114.74548426324044
114.78521781977251
114.78521781977251
114.97849753341356
115.14427099660124
115.14427099660124
115.14427099660124
115.14427099660124
115.27158848368374
115.64165899910464
115.64165899910464
115.68311260881013
115.8425578048841
115.8425578048841
115.8425578048841
115.99435499048143
116.16933227341005
116.40142856921965
116.53943939131756
116.67662263685177
116.78033652060292
116.78033652060292
117.04368095249778
117.28411308434366
117.28411308434366
117.28411308434366
117.28411308434366
117.30124302424906
117.30124302424906
117.31150345070365
117.454404619606
117.454404619606
117.454404619606
117.53894643965766
117.5499444459833
117.59885955960387
117.65116899231558
117.75948065542856
117.91382480130099
117.91382480130099
117.91843066732491
118.03554527722629
118.03554527722629
118.04363065676239
118.17102053068803
118.33394138422642
118.5946796052108
118.73039514558918
119.13372938254972
119.23790846900266
119.3486901804824
119.3486901804824
119.45430270983358
119.45430270983358
119.58997232194733
119.58997232194733
119.60818894209646
119.68119345294653
119.68119345294653
119.68119345294653
119.68119345294653
119.74371507020008
119.7619034297673
119.7619034297673
119.7619034297673
119.7619034297673
119.79031872135836
119.99904903904903
120.20174333370412
120.20174333370412
120.20174333370412
120.20174333370412
120.32815046566186
120.57174345389848
120.79610354093019
121.02794095880355
121.02794095880355
121.02794095880355
121.02794095880355
121.13913306561146
121.50931655212929
121.76896183304399
121.8175672654384
121.8175672654384
121.98774498962406
121.98774498962406
121.98774498962406
122.2967055819445
122.2967055819445
122.30826194241872
122.30826194241872
122.51748864455939
122.6244301089418
122.74069377411105
123.11949270843556
123.24386252186005
123.24386252186005
123.4264052200918
123.7268967006521
123.9152350200358
123.9152350200358
124.10357693646864
124.32318962042058
124.32318962042058
124.32318962042058
124.32318962042058
124.36205268466018
124.36205268466018
124.59228458412936
124.63198658858754
124.67276732684898
124.67276732684898
124.67276732684898
124.80212265532305
124.80212265532305
124.80212265532305
124.81123059874942
124.81123059874942
125.00810586656773
125.00810586656773
125.00810586656773
125.00810586656773
125.00810586656773
125.16895248927081
125.29547808344729
125.4621455369245
125.52916546834406
125.84776347881184
125.88200261898388
125.88200261898388
125.88200261898388
125.89689741372875
125.89689741372875
125.93324779711217
125.93324779711217
125.9683546765023
125.9683546765023
126.19350451749618
126.19350451749618
126.19350451749618
126.19350451749618
126.26935689903881
126.26935689903881
126.26935689903881
126.26935689903881
126.37788755736722
126.39450105137813
126.45114158848415
126.45114158848415
126.46987130854131
126.63612699146296
126.63612699146296
126.63612699146296
126.63612699146296
126.66028418919784
126.72259154746905
126.72259154746905
126.72259154746905
126.95187317334467
126.95187317334467
127.07616256924344
127.07616256924344
127.26988121239822
127.43367577248776
127.56148695134438
127.56148695134438
127.56148695134438
127.80311850290967
127.83690055744323
127.83690055744323
127.99037234536831
127.99037234536831
127.99037234536831
128.07574432101396
128.07574432101396
128.15326746720078
128.2338527794651
128.2338527794651
128.2338527794651
128.2338527794651
128.2338527794651
128.2338527794651
128.25809958338652
128.25809958338652
128.2623396639734
128.2623396639734
128.2623396639734
128.2623396639734
128.28365722451255
128.28365722451255
128.41626869267145
128.6174665474651
128.6174665474651
128.72150416240368
128.72150416240368
128.80447473827684
128.80447473827684
128.91044283991457
129.03119844115358
129.1104691252715
129.1104691252715
129.1104691252715
129.1104691252715
129.21328881323228
129.40199349718907
129.62307246373703
129.62307246373703
129.73132239161464
129.7924350169246
129.7924350169246
129.8140542517796
129.90915534658504
130.1188956499522
130.15140403781453
130.207960338181
130.2565368165355
130.5684599934673
130.72282401222623
130.92544096859842
131.11868421946923
131.13091680130412
131.39944312496795
131.43986572854126
131.597748836097
131.597748836097
131.597748836097
131.597748836097
131.597748836097
131.597748836097
131.644775475118
131.71883404602443
131.77207904794798
131.77207904794798
131.77207904794798
131.77207904794798
131.77207904794798
131.86285279518097
131.86285279518097
131.86285279518097
131.86285279518097
131.9264807802341
131.99967799904033
132.05914766446492
132.07845077691033
132.07845077691033
132.3358465057039
132.3358465057039
132.3358465057039
132.3358465057039
132.45750660443412
132.52747329270102
132.52795538789684
132.52795538789684
132.79155484954356
132.82429447883894
132.82429447883894
132.85500659902405
132.8746383748453
132.8746383748453
132.8746383748453
132.8746383748453
132.8746383748453
133.0455192352369
133.05892135036808
133.05892135036808
133.28291601421637
133.28291601421637
133.311299988886
133.311299988886
133.35141908227948
133.5503317488092
133.5503317488092
133.5503317488092
133.5503317488092
133.65350878239224
133.88700919530518
133.88700919530518
133.95088967675403
133.98922270514498
134.05585552380526
134.1615575871528
134.1615575871528
134.3003763815853
134.3003763815853
134.3003763815853
134.3003763815853
134.43873154704164
134.50624442391066
134.5129327101057
134.5129327101057
134.5129327101057
134.5129327101057
134.58153838361625
134.66228834731982
134.66228834731982
134.66228834731982
134.80073203530387
134.80073203530387
134.80073203530387
134.90763889195006
135.08664086340357
135.08664086340357
135.08664086340357
135.08664086340357
135.13394568780163
135.16850030844242
135.3016643060181
135.49081960590084
135.64877973823934
135.79375405500346
135.8905927007994
135.8905927007994
135.8905927007994
136.00766011831547
136.1550050570104
136.4808145384103
136.4808145384103
136.53435543981618
136.53435543981618
136.79883569340097
136.83222516795857
136.93335112143214
136.93335112143214
136.93335112143214
136.95550777834032
