0.7094936512782462
0.9903076242509775
1.2492264982658914
1.8613175823643593
1.9077171588443245
2.82256463077713
3.4537399504775568
3.774743301665375
4.256701528726402
4.431577941553123
4.687703893149681
4.912297874294349
5.011573451092026
5.310914221201189
5.709163164294271
6.201431797703408
6.525537760569635
6.839075251146816
7.108063401273558
7.618536264594141
8.023603197396646
8.352518624761506
8.352518624761506
8.80269746454243
8.80269746454243
9.438760764862621
9.492402073442927
9.851210456377938
10.323428055634754
10.829938111065568
11.278372783573623
11.381966830572582
11.945256690794329
12.271602493135918
12.750183922096818
13.029702499822978
13.336531423827292
13.621078452453531
14.0735532977999
14.472053417855587
15.115378596805714
15.4456541789784
15.688845184335182
15.922571301210182
16.460679730989323
17.013214222953394
17.07916963299733
17.427097558209848
17.75770970891751
18.276952755593385
18.623546205276988
18.94637123638914
19.52707766777124
19.992696256363914
20.463878224367612
20.828838773047014
21.693847014509352
21.965951211667345
22.311671163739017
22.515683069504753
22.63246566539336
23.067439286393682
23.35937847627817
24.040102889460314
24.1856932112722
24.685086001020586
25.11008692916989
25.600375845580935
25.89753118505614
26.33119514181017
26.559056635708682
26.780415551315443
27.035195699697272
27.30143450179599
27.743195148662597
28.308623629039896
28.363989582900484
28.363989582900484
28.720893627675526
28.720893627675526
29.382942449833912
29.476189409432187
29.797457397143496
30.08065128010967
30.50921062347723
30.65680136560679
31.078933038782324
31.47805692199545
31.73711421804342
31.96720056897425
32.40832937288893
32.40832937288893
32.60893441857387
32.85674336942202
33.28651890904114
33.48094539254879
33.5427706902839
33.873359660300395
34.395918901105475
34.869401685855856
35.31492026967139
35.62775614474907
36.1452138186612
36.364489416834225
36.4221996401686
36.989253958973336
37.12231145477712
37.362279721961364
37.73765536477493
38.061765380001695
38.51304352739015
39.09865615066018
39.19344681991035
39.19344681991035
39.42524327662672
39.75466385767256
40.644698258295854
41.156344277742875
41.321991435014354
41.63906999724433
42.3012756719889
42.3012756719889
42.45276622436884
42.633027815931904
42.728762416768376
42.76712666153139
43.0051896108357
43.173952339056854
43.34706229115076
43.34706229115076
43.34706229115076
43.66860453258463
44.100184267207396
44.313015141133846
44.53271994179663
44.67416531885446
44.67416531885446
45.02731749572433
45.4064987708308
45.58670221572872
45.7174522036411
46.15013712901934
46.22955868280094
46.48559830610301
46.7061788689513
46.800192478718195
46.94234810138989
47.19939582278626
47.534522612561624
47.614641603405445
48.031141996544605
48.102620217544654
48.24338144665261
48.56313511462157
49.224392292945666
49.28193408316757
49.460026770067046
49.460026770067046
49.645078784566316
49.82166383212412
49.97143312798139
50.31172843779416
50.31172843779416
50.55463513365096
50.98347039836152
50.98347039836152
51.22173811636109
51.46033764630669
51.63005883857984
51.80239972695937
52.116164047264455
52.116164047264455
52.23600273178236
52.48151719128127
52.56026564423016
52.81443215287177
53.09457776340954
53.17599818427727
53.17599818427727
53.17599818427727
53.40617107497688
53.40617107497688
53.508394367151894
53.83413538094678
53.88871308262522
54.269771193916604
54.65293748614439
54.94796216255922
55.14338314162328
55.43163026097104
55.43163026097104
55.8485450465747
55.968180418585625
55.968180418585625
56.1363546712901
56.1363546712901
56.1735304462893
56.32622203172666
56.32622203172666
56.48789607848302
56.56363258964779
56.708897910466554
56.708897910466554
56.88666660486686
56.88666660486686
56.88666660486686
56.88666660486686
57.04475094656384
57.1347601364894
57.3353847540002
57.61297334679705
57.71011839337757
57.88169702547291
57.95620807330223
58.26467062868729
58.26467062868729
58.35828747637728
58.65775870482288
59.205853333274604
59.301671333861556
59.323370694065865
59.52298721790091
59.52298721790091
59.52298721790091
59.60105633991037
59.99790828505496
60.22010965533097
60.22010965533097
60.4915467249248
60.4915467249248
60.68978279258528
60.83435117933147
61.03964697310618
61.160324082088444
61.4991883197098
61.4991883197098
61.59274530371462
61.71453932857877
61.7258105471162
62.031963974208104
62.1495820826662
62.2504669691511
62.53763622441769
62.611950697399806
62.70746755336075
62.9195508006092
63.2710472839348
63.2710472839348
63.2710472839348
63.42137386074224
63.6228200774731
63.802711368229176
64.29013805355984
64.33578837182372
64.33578837182372
64.5925794567253
64.5925794567253
64.5925794567253
64.81929470942022
64.84192041572577
64.84192041572577
65.08215310047373
65.08215310047373
65.08215310047373
65.25783060165858
65.25783060165858
65.6752565537241
65.85774093305926
65.89620807837619
66.46998180444979
66.83432987960751
67.13348804162622
67.18568315807323
67.515226170067
67.75330416037643
67.75330416037643
67.75330416037643
67.75330416037643
68.05156055381967
68.24702299205497
68.34747909246876
68.57550763927455
68.57550763927455
68.57550763927455
68.74722128250727
69.04433613531893
69.15677864730304
69.15677864730304
69.20315031120172
69.20315031120172
69.61170138132856
69.61170138132856
69.78267195148283
69.91511030746082
70.00842176823909
70.10935693195378
70.29362151279902
70.48042319503062
70.48042319503062
70.64290749129091
70.90213097142949
70.91076272791751
70.91076272791751
70.92369993010446
70.92369993010446
71.42538282851433
71.42538282851433
71.42538282851433
71.42538282851433
71.49099592761539
71.64004599978558
71.7268638508283
71.94595785312812
72.03745297340603
72.31929164314826
72.31929164314826
72.4361077798192
72.4361077798192
72.4361077798192
72.52375901722804
72.81525240083326
73.11753354046631
73.26440617728089
73.57567520344872
73.87427426803322
73.87427426803322
74.1325944161198
74.1325944161198
74.15244676453858
74.24640159024847
74.40450982178523
74.52242719489008
74.60075673909495
74.8897661359102
75.15547642727464
75.26705439504896
75.75385683227125
75.75385683227125
75.87883802729303
75.93462273916107
76.1193269179242
76.29070566976716
76.46292726746925
76.65679421007282
76.77522031839973
77.06015367593534
77.21597843872408
77.37726181248624
77.73090067831997
77.84131327181031
77.84131327181031
77.84131327181031
77.8819433725941
77.8819433725941
78.38900050256377
78.38900050256377
78.71006936570329
78.83134193216763
79.1459805612025
79.24885447382337
79.39816818584349
79.66164901838512
80.05838082987628
80.38086628934927
80.49868129751343
80.89910284576845
81.0770642762411
81.0770642762411
81.0800596448567
81.45783841384309
81.45783841384309
81.68426872406928
81.95552648503092
81.95552648503092
81.97826369285909
82.45690598915114
82.90870523713292
82.9430179988849
83.15949918342045
83.49951996936164
83.49951996936164
83.92752844258558
83.92752844258558
84.2065127962712
84.29397100438185
84.46245917796307
84.46245917796307
84.58942766441605
84.58942766441605
84.8356501273311
84.8356501273311
85.33382406563709
85.37368627826861
85.42946552361539
85.75293573750959
85.86315866076725
86.12334440405144
86.36420348347976
86.36420348347976
86.56810380102876
86.61297561413718
86.61297561413718
86.61297561413718
86.61297561413718
86.79121279589042
86.79121279589042
86.89848636966397
86.92979181980391
87.32547513142732
87.5135445841341
87.87350258821128
88.0830487438314
88.0830487438314
88.29939374863842
88.29939374863842
88.29939374863842
88.42349115908534
88.42349115908534
88.42349115908534
88.6598827528264
88.9237115754534
89.02435827116393
89.24379564535728
89.61237323031017
89.84224055326997
89.84224055326997
89.84224055326997
89.84224055326997
90.07992971205692
90.10279877668295
90.10279877668295
90.10745035398453
90.40371305604062
90.40371305604062
90.8002011832205
91.24384468976369
91.24384468976369
91.24384468976369
91.25786419562833
91.29762312463882
91.42944014316733
91.53656087952531
91.76293665593042
91.89272694006739
91.96393407941672
92.2074113186506
92.31607374315912
92.3434842618308
92.74702799487211
92.91330323573138
93.03897975218747
93.03897975218747
93.03897975218747
93.08730824690385
93.08730824690385
93.32933448589111
93.32933448589111
93.63920529602373
93.7237171647342
93.87734140041928
94.16492634317439
94.3648374185063
94.3648374185063
94.50551712247098
94.51173614806663
94.6796407951718
94.7969605740899
94.7969605740899
94.85717430450246
94.85717430450246
94.85717430450246
94.86428314534542
94.86428314534542
94.90044545591974
94.90044545591974
94.90044545591974
95.30512586354111
95.30512586354111
95.41072402919586
95.57497331960874
95.75685528574229
95.83490623144128
96.03003606697236
96.24968014788007
96.4439231295226
96.4439231295226
96.4439231295226
96.4439231295226
96.4439231295226
96.4439231295226
96.4439231295226
96.4439231295226
96.6463316429015
96.94293262725728
97.09328302792083
97.09328302792083
97.10307178038983
97.10307178038983
97.26430221379309
97.37875439412383
97.37875439412383
97.64824238717404
97.64824238717404
97.7908419620716
97.7908419620716
97.7908419620716
97.7908419620716
97.87295645294621
98.15260450462834
98.15260450462834
98.20047602324294
98.32982063185399
98.41052888001379
98.71227807888366
98.84178247269419
98.84178247269419
98.8873310987679
98.8873310987679
98.96348633692237
99.23452893453333
99.44555886158946
99.57771113257424
99.57771113257424
99.72691246851164
99.73648064229015
99.73648064229015
99.81357886939898
99.95259276242305
99.95259276242305
100.08456298506255
100.24138818787429
100.52947871484216
100.52947871484216
100.73373787102979
100.73737954416492
100.82502296855071
100.90253796159028
100.90253796159028
100.90253796159028
101.14132709709581
101.44848083115656
101.50946721396512
101.71387733610298
101.9673178850168
102.13842931557835
102.22343796284841
102.29198485555636
102.29198485555636
102.47447106260749
102.83038066275003
102.83038066275003
103.0290037543649
103.29227071791752
103.29227071791752
103.33519303499523
103.50358823198847
103.52704846788443
103.69229181924469
104.07096290128788
104.346747035067
104.37028913565251
104.4903319408418
104.95955279067462
104.95955279067462
105.12249621866299
105.54819528755799
105.54819528755799
105.57124950220563
105.845379226793
105.96745077591194
105.96745077591194
106.32875409377742
106.52630128981788
106.83328279056387
106.83328279056387
106.96558366569337
107.0095919945285
107.1334880404346
107.42743151304796
107.48802965594528
107.78707174706217
107.86084457985422
107.91924311105488
107.91924311105488
108.08556675559629
108.08556675559629
108.25483570645557
108.3985367001339
108.5283719521238
108.5898893922165
108.8357146965002
108.8357146965002
108.8357146965002
108.98020159041846
108.98020159041846
109.09286782609438
109.26158005918545
109.47475442093322
109.5477262186117
109.6665506003671
109.6665506003671
109.85269130340403
109.90635986601662
109.90635986601662
110.02503371282084
110.10832902479035
110.10832902479035
110.10832902479035
110.51391709908837
110.51391709908837
110.51391709908837
110.51391709908837
110.5893888557053
111.00636606765327
111.09643360052426
111.23009399846762
111.25616860164865
111.25616860164865
111.3335302885893
111.3335302885893
111.3335302885893
111.3335302885893
111.3335302885893
111.3335302885893
111.42835150900942
111.51953386415606
111.75497972839834
111.8496193899853
111.98000002583726
111.98000002583726
112.00823855517879
112.23342430829818
112.23342430829818
112.31871372449291
112.56895626709318
112.56895626709318
112.56895626709318
112.56895626709318
112.58348032228814
112.71833966445723
112.72734139001778
112.96924264920322
113.06546775738101
113.11195128170304
113.31198649120633
113.31198649120633
113.41895615810711
113.63062269625927
113.63062269625927
113.81353575076601
114.14764882760201
114.25909454506376
114.28703108205566
114.50639946020014
114.76855945961279
114.95955526129733
114.95955526129733
114.95955526129733
114.95955526129733
114.99771053651034
115.33943167697022
115.48590732167932
115.69792909825608
115.69792909825608
115.93244980620081
115.93244980620081
116.3061696096666
116.47513860782917
116.60777698670812
116.60777698670812
116.68285356076379
116.88437965440697
116.88437965440697
116.88437965440697
117.04583879391122
117.04583879391122
117.06664651809807
117.06664651809807
117.06664651809807
117.1144956687627
117.1144956687627
117.34800720355257
117.34800720355257
117.34800720355257
117.53513628641768
117.79980948344333
118.06241456740332
118.65805681757644
118.65805681757644
118.78183690188122
118.78183690188122
118.78183690188122
118.98116238691544
118.98116238691544
119.10960032625528
119.21865684351108
119.21865684351108
119.21865684351108
119.25997443321502
119.25997443321502
119.30265614919733
119.40575832678886
119.46569286785666
119.6570671431079
119.6570671431079
119.7623335185073
120.02399496185849
120.02958010886285
120.03173209172138
120.03173209172138
120.03173209172138
120.05498048678261
120.24653911909324
120.43536002089033
120.48829483753374
120.48829483753374
120.54392034460554
120.54392034460554
120.54392034460554
120.6149943443344
120.79634880290719
120.84271612065291
120.87246413821401
120.87246413821401
120.87246413821401
120.87246413821401
120.87246413821401
120.99617229059878
120.99617229059878
121.15983000869025
121.25675300305667
121.25675300305667
121.25675300305667
121.43671433195355
121.5491033216005
121.63457150741004
121.67792997942831
122.03826381501283
122.03826381501283
122.03826381501283
122.0971942020335
122.0971942020335
122.12951147442425
122.3211018270357
122.3211018270357
122.3211018270357
122.55452047402177
122.55452047402177
122.55452047402177
122.65654333394797
122.91987718998786
122.91987718998786
123.11311854873254
123.11311854873254
123.11311854873254
123.20925001397632
123.20925001397632
123.26196143364352
123.56163561163791
123.75899541301332
123.9383095292891
124.06319268246978
124.09582219395614
124.09582219395614
124.20019041174909
124.24721893817403
124.24721893817403
124.2813308238513
124.2813308238513
124.2813308238513
124.2813308238513
124.35654260388004
124.38524494475297
124.63032523944737
124.70753428606075
124.70753428606075
124.89979913554774
124.90953610702785
125.33750758417104
125.48798821277326
125.51256477595234
125.53218484769592
125.69936353143927
125.69936353143927
125.75116304288181
125.79614871834565
125.8130246308347
126.05418679048833
126.24472274911042
126.28258027132993
126.41383699022941
126.41383699022941
126.51259281564201
126.51259281564201
126.59120403036364
126.77029239917408
126.92128454739971
127.11495006862985
127.41941958438093
127.41941958438093
127.72647625220297
127.88258725908217
127.89938248990747
127.9901306820768
128.00783177250236
128.00783177250236
128.14402919595761
128.26262972299062
128.34909679008172
128.61294181332238
128.66162694823498
128.66162694823498
128.66162694823498
128.66374817075112
128.7192200663047
128.7192200663047
128.79588253691543
128.84478431367882
128.98773881204175
129.047834289118
129.09798206330666
129.09798206330666
129.09798206330666
129.09798206330666
129.09798206330666
129.09798206330666
129.09798206330666
129.17759997827724
129.18619168042625
129.4303591523992
129.4303591523992
129.4303591523992
129.4303591523992
129.47494526858148
129.47494526858148
129.47494526858148
129.47494526858148
129.65318877073534
129.7464930969839
129.990898575608
129.990898575608
130.25410505781917
130.4126524259815
130.52023261197658
130.52023261197658
130.53104196437812
130.64839593057792
130.7962071370978
130.8170128725448
130.99073126666337
130.99073126666337
130.99073126666337
130.99073126666337
131.19095584577778
131.4032159690036
131.5844864251767
131.65311059464204
131.65311059464204
131.71299696902994
131.96858357940658
132.17541489278517
132.17541489278517
132.33115044284062
132.44239865841166
132.44239865841166
132.44239865841166
132.5372761915298
132.5372761915298
132.53734656048968
132.53734656048968
132.53734656048968
132.59526113911912
132.59526113911912
132.81126977046796
132.94241649578015
133.22119396955173
133.22119396955173
133.3796674086073
133.3796674086073
133.63216561299834
133.63456747155394
133.70694127046448
133.70694127046448
133.70694127046448
133.9694362190747
134.01475720688657
134.01475720688657
134.01475720688657
134.08255290312232
134.08255290312232
134.38190524901088
134.4223046816244
134.4223046816244
134.4223046816244
134.4223046816244
134.4223046816244
134.4223046816244
134.4251704761156
134.4251704761156
134.4251704761156
134.4251704761156
134.7688305194924
134.85747164778317
134.86374388621795
134.99667700773003
134.99667700773003
134.99667700773003
135.01504586631606
135.01504586631606
135.01504586631606
135.1355718639555
135.1355718639555
135.29610484611464
135.33614095391903
135.33614095391903
135.46408440957455
135.47105627432282
135.50807704915104
135.50807704915104
135.66122885601754
135.74663317721746
135.74663317721746
135.74663317721746
135.8755592544312
135.90861611597538
135.95005980101723
135.95005980101723
135.95005980101723
135.95005980101723
135.95005980101723
136.02650484070728
136.02650484070728
136.03694684968912
136.03694684968912
136.1215064158185
136.1215064158185
136.1215064158185
136.1478581942078
136.15030630894222
136.24851428409477
136.3531136802759
136.3531136802759
136.3531136802759
136.39379946210997
136.39379946210997
136.39379946210997
136.58490594126897
136.67522297913533
136.67522297913533
136.79760245696485
136.893078964993
136.91169898814624
136.91169898814624
136.91553364840533
136.91553364840533
136.9748268403827
136.99701160184694
137.2147227689853
137.225123808762
137.3172553161505
137.3172553161505
137.3172553161505
137.49682067520672
137.5177014814574
137.7301435774592
137.8288444764764
137.8690363372036
137.8690363372036
138.0386792427402
138.0386792427402
138.17018836534365
138.26160067964744
138.26160067964744
138.30198089466268
138.30198089466268
138.5520235439209
138.5520235439209
138.70197473680506
138.70197473680506
138.72816063277963
138.72816063277963
138.89758190224887
138.89758190224887
138.89758190224887
138.97138951494065
139.03541316989208
139.06018447022907
139.06018447022907
139.06018447022907
139.06018447022907
139.09123282256417
139.16739651398703
139.26717473905424
139.26717473905424
139.26717473905424
139.3244454681597
139.42071038062005
139.48273164338798
139.48273164338798
139.53855645110914
