0.44679269185356674
1.2189866631875466
1.4946428791107451
1.708178133455561
1.8248153863809429
2.0671340622435923
2.49668590817747
2.7235410142071923
3.1545365231349805
3.2343251756384754
3.505470086199691
4.068846817547497
4.286774878544134
4.437935949565549
4.845697139415036
5.384506112752369
5.880391547222296
6.458180222522255
6.982997531279945
7.279386439761513
7.556753941311945
7.966793053389956
8.451938663279677
8.8357519275568
8.940179341280523
9.217654786251204
9.811577866795698
10.322694824061992
10.735726310976123
11.120204007522752
11.712134656523864
12.182240435025465
12.21920125289294
12.773227130904989
13.237344095900067
13.461046317257631
14.03002040892141
14.220422278763523
14.943598346195495
15.109241361591046
15.49532432804984
15.741289291103989
16.15297983677223
16.89856628800063
17.083828983217014
17.358260671609948
17.423002480153265
17.45677351680473
18.2337850006531
18.489540952205235
19.07326722049622
19.38257563496636
19.38257563496636
19.733114088023235
19.733114088023235
20.067956647435565
20.240811802258353
20.74382947885141
20.74382947885141
21.202194703937547
21.803850712441662
21.845526082168426
22.4002754127618
22.549161575789658
22.99156544049714
23.27029831969933
23.27029831969933
23.42326783476459
23.626120773143278
23.626120773143278
23.975935282249353
24.202616252154346
24.514787262925473
24.521968048693328
24.65369770432482
25.00298353827759
25.18164491021395
25.71363285094645
26.19246058313307
26.19246058313307
26.65692884991595
26.65692884991595
26.956917218733835
26.956917218733835
27.19694347885423
27.293568184007434
27.443112933676026
27.858618468329663
27.94367108837364
27.94367108837364
28.61707498081105
28.861899932254605
29.02857673464936
29.02857673464936
29.531491440440934
30.120250059206384
30.355151940863376
30.48658982988633
30.585459949321365
31.005538771854155
31.204722349130957
31.204722349130957
31.44987056963569
31.68365246115966
31.68365246115966
31.68365246115966
31.967362788141266
31.967362788141266
32.58911137066383
32.765001645969214
32.92077014925055
32.92077014925055
33.40617657919505
33.44290985853297
33.44290985853297
33.551790653587126
33.72115757257762
33.760333930791056
34.04553962634514
34.04553962634514
34.24650143870672
34.44517717332595
34.44517717332595
34.44517717332595
34.571832129026944
34.640849542750615
34.93261479439947
35.20779380276241
35.667923170123416
36.53676258732138
36.6220328106081
36.798882837818944
37.03903302148108
37.15961592849641
37.504081301927826
37.65838244002633
37.983517468713195
37.983517468713195
38.17236017396511
38.313005181187116
38.778846015207584
39.03397856692582
39.16249995767358
39.16249995767358
39.49885549119579
39.592710115119154
39.77378643802865
39.962688979250835
40.14297576784566
40.14297576784566
40.32136930187277
40.51293823468534
40.937559371655105
41.17609707389756
41.17609707389756
41.57080776316379
41.85699477067059
42.08880094982897
42.4211303357705
42.4211303357705
42.588580162349615
42.993296971787075
43.81714318768156
43.81714318768156
44.284023484978896
44.629571418776614
44.629571418776614
44.835880911824454
45.17311036644004
45.17311036644004
45.18650110198406
45.18650110198406
45.40737301912101
45.71874341497235
46.04742181822619
46.56470975173939
46.998994196665734
47.218146370755484
47.367232984287774
47.471580846410916
47.73276051243891
48.172316908973755
48.172316908973755
48.5553200903717
48.8956128468634
49.20493377568117
49.65838025905664
49.65838025905664
49.65838025905664
50.086291231805326
50.29355803149284
50.29355803149284
50.31628195732191
50.444582995079806
50.552518452285305
50.68426539394385
50.868370325885465
50.95762140030214
51.05658245097861
51.48971153810445
51.524041237658466
51.706677848463336
51.706677848463336
51.71496490147465
51.94468272417846
52.47972452956206
52.59439128825508
52.715989104594094
53.057199863764986
53.09218604415421
53.16706550565786
53.44008402103568
53.749534895035886
53.96965766750935
53.978657066494826
53.97943240868131
54.16220082354085
54.43803421740121
54.91757503906152
54.91757503906152
54.91757503906152
55.197340627235555
55.21013604416004
55.36640295354556
55.8546731479546
56.0752847157988
56.60503987515328
56.60503987515328
56.629397065308176
56.86318228852964
56.86318228852964
56.86318228852964
57.03531284307865
57.18961048120013
57.566614197425245
57.88005972469819
58.178014204870635
58.21632585508553
58.351008812857906
58.90563081057506
58.90563081057506
59.28233001300983
59.28233001300983
59.28233001300983
59.475902990593546
59.71900500687731
59.90057480664068
59.90057480664068
60.00843439221526
60.03684184512592
60.327348411943035
60.38847916105322
60.38847916105322
60.9927149623133
61.43731166981486
61.870208435432446
62.0353143396497
62.057400380934105
62.38768668179087
62.86328512593378
62.973696405393
63.10067349452035
63.35704083667816
63.35704083667816
63.54149612217684
63.86300813211542
64.20390954867082
64.27482265931961
64.31860179772461
64.57603383521348
64.57603383521348
64.79313610909092
64.85017499193737
65.1378378867081
65.16120164018683
65.45780155846488
65.70936825544695
65.85340041710423
66.09175650047155
66.1681660090798
66.1681660090798
66.33563153226548
66.4582861841649
66.47650944102126
66.78970587709651
66.78970587709651
66.94216705414644
66.94216705414644
67.14753985801326
67.1699502582618
67.28141376713495
67.4816630624482
67.4816630624482
67.79375158275155
67.98291272382828
68.31715158768304
68.47106949356436
68.56184678933315
68.82504810464846
68.94904091290205
69.15973163540426
69.18459275610392
69.18459275610392
69.24096590736069
69.24096590736069
69.42261953886367
69.51193247510801
69.51193247510801
69.51193247510801
69.70690069067444
69.77232539128322
69.83850440543917
70.08442234268747
70.12645779286821
70.39442498450353
70.67538516731733
71.18451815367901
71.18451815367901
71.20188421605874
71.24239810221601
71.24239810221601
71.24239810221601
71.46422575604109
71.49617220910096
71.61535217292703
71.61535217292703
71.70863477779551
71.85258649562643
71.94384129920647
71.94384129920647
72.04972791341716
72.14200165953831
72.18529967342943
72.30542035084905
72.41981163720764
72.54882957080427
72.91562789184216
72.96990890833828
73.09455575079383
73.10148039431094
73.28762658248111
73.49903451560908
73.49903451560908
73.49903451560908
73.77379768110461
73.8334009673079
73.83657058874408
73.90567332890996
74.08180647776686
74.08180647776686
74.08180647776686
74.3390515529243
74.69080115702927
75.01666725725974
75.01666725725974
75.38483724896508
75.78294757216116
75.78294757216116
75.8095313321919
75.91227784635963
76.0031608009369
76.0031608009369
76.14116142372795
76.51551558377014
76.67772455996152
76.67772455996152
76.67772455996152
76.67772455996152
76.67772455996152
76.67772455996152
76.79441701370304
76.79441701370304
76.79441701370304
76.79452768257153
76.940575128498
76.97132364274212
77.0871661170884
77.0871661170884
77.36305285618542
77.513944750524
77.8673483234886
77.8673483234886
78.00690632485826
78.00690632485826
78.00690632485826
78.18873436714573
78.3816809368887
78.54687257960448
78.54687257960448
78.54687257960448
78.54687257960448
78.54687257960448
78.61983535603422
78.61983535603422
78.71467555865425
78.71467555865425
78.71467555865425
78.71467555865425
78.7868714543301
78.7868714543301
78.7868714543301
78.91206589085607
79.1110386492212
79.1110386492212
79.27040726619866
79.28922356221449
79.5975882836942
79.5975882836942
79.71511581733813
79.71511581733813
79.81418239176779
79.83242662810073
79.86537975609102
80.09598549932223
80.09598549932223
80.20950811568076
80.34163283910347
80.3470278612502
80.3470278612502
80.40005456810792
80.40005456810792
80.60431109379142
80.72276794225976
81.04102734451304
81.04102734451304
81.34497304370068
81.34497304370068
81.60519972437784
81.84087777808777
82.11725429408484
82.11725429408484
82.26803443571393
82.36070254364154
82.53706177557481
82.64710484115234
82.64710484115234
82.89480932697857
82.90742330576059
83.24113899356249
83.56666271263856
83.56666271263856
83.56666271263856
83.6317820051271
83.6317820051271
83.72883603049956
83.72883603049956
83.72883603049956
83.72883603049956
83.72883603049956
83.72883603049956
83.76028258272062
83.76028258272062
83.76028258272062
83.76028258272062
83.93517290440731
84.02152204964784
84.02152204964784
84.02152204964784
84.12727217686756
84.23447930870772
84.48269896997186
84.56729404328598
84.56729404328598
84.84783620060702
85.15356247470913
85.23509266625962
85.23509266625962
85.38570584541743
85.66363341499927
85.70648114149286
85.8757215591943
85.8757215591943
86.22213734843437
86.29664957519245
86.29664957519245
86.29664957519245
86.51702748665205
86.51702748665205
86.51702748665205
86.6270816076162
86.633206504511
86.64309725955742
86.70583631242474
86.82735452005275
87.09700861338429
87.3122677122625
87.51971216057221
87.51971216057221
87.5781099215981
87.59356481725888
87.62839562587563
87.62839562587563
87.73807083054315
87.73807083054315
87.73807083054315
87.85949472902387
87.86768944644832
87.86768944644832
87.99249283636017
88.2206479564985
88.2206479564985
88.25447162967455
88.31846375436142
88.33196706991751
88.63657325817756
88.63657325817756
88.63657325817756
88.63657325817756
88.64761102136046
88.64761102136046
88.87461238890813
88.96748015797168
88.96748015797168
88.96748015797168
88.96748015797168
89.13114284098727
89.32375893675818
89.32375893675818
89.32375893675818
89.32375893675818
89.34712632093083
89.34712632093083
89.36555919727411
89.51050579946218
89.76780627237004
89.76780627237004
89.78973569977956
89.78973569977956
89.78973569977956
89.79225665321731
89.92090196409599
90.11714494842043
90.11714494842043
90.19171825385772
90.19171825385772
90.19171825385772
90.31851617848473
90.31851617848473
90.44566341752889
90.4504691668483
90.67977499911706
90.67977499911706
90.88205320587831
90.89251308899264
90.89251308899264
90.89251308899264
90.89251308899264
90.89251308899264
90.89251308899264
90.93388737832919
91.03923919754234
91.33538372105976
91.52563480905654
91.59688441160681
91.59688441160681
91.70238079656148
91.72274543791042
91.72274543791042
92.08186761417517
92.08186761417517
92.22646756498922
92.25763950552152
92.25763950552152
92.25763950552152
92.35992178579247
92.35992178579247
92.60826210720133
92.60826210720133
92.60826210720133
92.74050329912896
92.9159770176844
93.093774734939
93.093774734939
93.25119169796088
93.25119169796088
93.44796761862351
93.44796761862351
93.44796761862351
93.55683242083283
93.59430734380634
93.6280409325613
93.78101608065366
93.78101608065366
93.78101608065366
93.78101608065366
93.82218678323524
93.82218678323524
93.97274980427962
94.05185064516074
94.1897367541465
94.1897367541465
94.21488051924122
94.23070110849066
94.23070110849066
94.28220641612992
94.3593730362981
94.41261310957076
94.76596886700088
94.8239498559481
95.11696039109593
95.11696039109593
95.28964302632352
95.3066829959048
95.31790756176048
95.37365699511886
95.59485087204146
95.59485087204146
95.59485087204146
95.71942835273265
95.95663371674354
96.1419533026536
96.1419533026536
96.1419533026536
96.23311882466972
96.38730574164765
96.38730574164765
96.38730574164765
96.65861570798042
96.65861570798042
96.93404424766216
96.93404424766216
96.93404424766216
96.93404424766216
97.11428421404972
97.11428421404972
97.35865852846686
97.365323597989
97.62310895795954
97.62310895795954
97.75257198523249
97.78236652666352
97.78236652666352
97.78236652666352
97.93332852578267
98.0380555084525
98.0380555084525
98.20159913752154
98.29695603158477
98.37190076515073
98.37190076515073
98.44161311631515
98.57139935892529
98.59596584340134
98.83491393915784
98.83491393915784
98.88494449029412
98.92988534206897
98.92988534206897
98.92988534206897
99.05312444136734
99.22061723590258
99.30279587366468
99.63920588900291
99.66296437159826
99.78472010531341
99.78877901325579
99.9789296866135
100.15684578332822
100.3219529744805
100.34297344975504
100.46352951922972
100.55852601879295
100.55852601879295
100.75943500173304
100.75943500173304
100.93541671596535
101.01027058835852
101.3580889724972
101.85722847305041
101.85722847305041
101.9219229834154
101.9219229834154
101.9219229834154
101.9219229834154
101.93158394242303
102.01899370270837
102.12955227285357
102.42452272336172
102.46421133077034
102.46421133077034
102.46421133077034
102.46421133077034
102.46421133077034
102.46421133077034
102.56938021705834
102.64309503783612
102.88204846944001
102.88204846944001
102.88204846944001
102.88204846944001
103.06284497867347
103.38855927390028
103.38855927390028
103.54069467853891
103.57616047445349
103.74002532526016
103.74002532526016
103.74002532526016
103.74002532526016
104.00757297662952
104.10541624506719
104.2461436250856
104.51936517458915
104.54244541645127
104.65278712763087
104.67794899535205
104.9406300249265
105.35490009054512
105.35490009054512
105.35490009054512
105.35490009054512
105.55817537361993
105.55817537361993
105.68098259921197
106.03720964793129
106.03720964793129
106.28645673501153
106.38268694312806
106.51464074198401
106.51464074198401
106.71231401540905
106.71231401540905
106.71231401540905
106.83311617163325
106.83311617163325
106.83311617163325
107.10906949753809
107.10906949753809
107.20089472581438
107.20089472581438
107.29158806401286
107.29158806401286
107.29158806401286
107.40159788188977
107.40159788188977
107.41089583116913
107.41089583116913
107.41089583116913
107.41089583116913
107.41089583116913
107.65015769614232
107.88169094393007
107.88169094393007
108.19302774477836
108.41295787851183
108.62115633813268
108.785935228662
108.785935228662
109.22011532576457
109.45146874332019
109.56721424729132
109.74104097913279
109.80066929073506
109.80066929073506
109.80066929073506
109.80066929073506
109.93667069784252
110.16290905452387
110.16290905452387
110.28745375504937
110.59018692740717
110.59018692740717
110.74372702964155
110.74372702964155
110.74372702964155
110.97374327182266
111.12406422803791
111.22140962402078
111.29336855391678
111.36110365292285
111.46397090940515
111.69191388965653
111.69191388965653
111.91764115108003
111.91764115108003
112.0682048537167
112.0682048537167
112.29876985094994
112.29876985094994
112.29876985094994
112.29876985094994
112.38092819722334
112.49601109708298
112.5127495187481
112.5288313581134
112.73648811839917
112.73648811839917
112.93428942336466
113.12844315263055
113.18143576877232
113.71119419054362
113.84088352743416
113.93846253510141
114.44667784781676
114.65171064654665
115.0180043679377
115.02504908889927
115.17321918723079
115.43953455173308
115.43953455173308
115.43953455173308
115.65572082381651
115.74087208670437
116.00172388117637
116.12956235849197
116.12956235849197
116.25095681367108
116.51478393038902
116.51478393038902
116.51478393038902
116.86188813938602
116.86188813938602
117.00181842847711
117.28711909560234
117.5906462879046
117.5906462879046
117.87081160248806
117.92507252750889
117.94910473608388
117.975311547939
118.0811306083981
118.41381212048104
118.62883420790307
118.85160050012759
118.89459362620347
119.2519293128903
119.2519293128903
119.2519293128903
119.2519293128903
119.32363054653055
119.60075683648094
119.60075683648094
119.60075683648094
119.70253706464592
119.87409843697453
120.31932154635118
120.65226820249428
120.65226820249428
120.89584329886907
120.94489692326937
120.94489692326937
121.16511365014742
121.31924275963127
121.46370326397532
121.60341653848987
121.61029752172819
121.70852868713455
121.70852868713455
121.97778725662205
121.97778725662205
122.08609525747809
122.08609525747809
122.08609525747809
122.40176436241474
122.59672510792117
122.59672510792117
122.60975962452052
122.62264045402081
122.66560430151766
122.69263801469674
122.69263801469674
122.89061438105294
122.89061438105294
122.90432906605497
122.90432906605497
122.90432906605497
123.06621843956378
123.06621843956378
123.15774690717396
123.24173220548013
123.24173220548013
123.24173220548013
123.24173220548013
123.25234024044607
123.54525071436632
123.54525071436632
123.54525071436632
123.54525071436632
123.54525071436632
123.79802025186972
123.79802025186972
123.93900901136763
123.93900901136763
123.93900901136763
124.07326463073495
124.09288791223184
124.09288791223184
124.09288791223184
124.17954190336454
124.17954190336454
124.17954190336454
124.43432848683068
124.58691906085043
124.58691906085043
124.64327276846069
124.7824353626254
124.88925873111663
125.01992314205647
125.174236372151
125.26017300150411
125.44425402633662
125.63179574695901
125.84297145198721
125.93100365536651
125.94560963371204
126.13048656339085
126.13048656339085
126.13048656339085
126.13048656339085
126.19028492505718
126.19028492505718
126.24799413890233
126.24799413890233
126.35762233148058
126.44360645862216
126.44360645862216
126.57634091606073
126.57634091606073
126.57634091606073
126.57634091606073
126.58653752695962
126.58653752695962
126.58653752695962
126.69654680855842
126.69654680855842
126.70306828589688
126.72063783467786
126.72063783467786
126.72063783467786
126.72063783467786
126.72063783467786
126.8386699054425
126.9258273914411
126.93307080059121
126.93307080059121
126.93307080059121
127.08934259456865
127.19281628896793
127.20732809212625
127.56866676825791
127.75393443595763
127.75393443595763
127.75393443595763
127.85831007917355
127.88685607878011
127.92968483808127
128.24084725019696
128.24084725019696
128.24619779150555
128.37989350790986
128.42849474879173
128.42849474879173
128.65782662163554
129.01847350164567
129.1082831577649
129.1705854192917
129.50049145715826
129.65856875646907
129.8730509262788
130.15017196053657
130.15017196053657
130.50552603843158
130.50552603843158
130.7450939469321
131.01976729910373
131.01976729910373
131.01976729910373
131.34621117762256
131.41361282770382
131.56247618884115
131.56247618884115
131.72362406085216
131.77311746950699
131.77311746950699
131.95068677949104
131.95068677949104
131.95068677949104
132.155596905287
132.2915501511279
132.469106814297
132.59798858529481
132.82712009043567
132.82712009043567
132.82712009043567
132.82712009043567
132.82712009043567
132.82712009043567
132.8483301958153
132.9389768348807
132.9389768348807
132.9474173074744
133.15674015151262
133.15674015151262
133.27760910804307
133.27760910804307
133.47385019272906
133.75432706388216
133.8910006978166
133.98707490312137
133.98707490312137
