0.0
0.035304833960321746
0.6170698969794901
0.6170698969794901
0.9741829440366805
1.454948883014084
2.2449734247692037
2.403181375867743
2.8430770800893574
3.2006032176048946
3.3427256099577662
3.8105670782002306
4.09354657199208
4.689338090673076
5.187120613141792
5.776328620054529
5.884541905630314
6.273209323258007
6.501771582311018
6.752995018266222
7.048934460212901
7.119080451446954
7.709848497193697
7.888523860809559
8.438586235787822
8.771611658513061
8.959439814110214
9.352030560259141
9.697940926225366
10.334452147919178
10.848372843521906
11.118444511651925
11.649555303746496
12.068621525514775
12.677218238025997
12.94445535012975
13.205588816687266
13.66418451513419
13.66418451513419
13.942317124602216
14.45184993912605
15.033134241560404
15.444141462184003
15.933448889014056
16.17984980391378
16.93567644257012
17.23364369774195
17.866090187039106
18.266393880365854
18.75997755601095
19.138708882289045
19.541896866919124
19.74912132113105
20.16074086974613
20.63737977177419
21.352775560181755
21.743700643708934
22.18343757716763
22.317687442404477
22.495600107677596
22.706890675518558
23.06630992235134
23.432676810971103
23.570348293373886
24.091588387317483
24.491293675427837
24.729586612524486
25.0965183616089
25.4090550672939
25.681855563704758
26.038606123768762
26.19704974352648
26.602806528737478
26.894577594209288
26.894577594209288
27.2192587562862
27.315564690394062
27.714534534774508
27.7791795876748
27.7791795876748
27.7791795876748
28.073597765076684
28.143469113266278
28.368194001416594
28.643513819004102
29.04537065370363
29.11115107748896
29.12592189958526
29.393766853477764
29.393766853477764
29.72847782808975
29.921182200295682
30.477539381203698
30.477539381203698
30.745325249243436
30.745325249243436
30.745325249243436
30.745325249243436
30.795770837265593
30.795770837265593
31.04729552124392
31.04729552124392
31.19148456225334
31.32509524931037
31.563586050783343
31.563586050783343
31.808863812910605
32.06018152749818
32.20815763066944
32.40839743397699
32.446933242575
32.446933242575
32.658101327104184
33.093205829954094
33.39805640604633
33.605968922138416
33.67811459020665
33.91956877168488
34.199891858966645
34.53082751711514
34.970679624417556
35.03784460981439
35.27410092094349
35.27410092094349
35.53400357816778
36.07898495746312
36.25787762384373
36.415866389618124
36.415866389618124
36.415866389618124
36.79904511437007
37.02907702863331
37.02907702863331
37.577419966348465
37.95318740388803
38.1218486808175
38.41293294453131
38.51535761277515
38.59165625129804
39.10025743569256
39.439502201449336
39.83718977353707
40.101706244359036
40.123019734465146
40.29081620982131
40.403652333664404
40.54299521385326
40.76114437005781
40.77312821716763
40.77312821716763
40.77312821716763
40.77312821716763
41.060777447026965
41.31276130255442
41.560682886726916
41.560682886726916
41.73244530205788
41.96065403387778
42.22146924485795
42.57470367244666
42.76720484800862
43.06125669034642
43.5942330362428
43.792245923760305
44.115836008999516
44.22837344416496
44.46571890652213
44.81695891696678
44.81695891696678
44.81695891696678
44.81695891696678
44.902088997233555
45.10170532747986
45.265349049879156
45.265349049879156
45.265349049879156
45.265349049879156
45.59196567321848
45.66553076140574
45.77255768027208
45.99299349316862
46.01890779517492
46.42141626334319
46.68922194859079
46.7151027321717
47.022552289117016
47.72877422611673
48.058064224326436
48.072055548079994
48.079796936106106
48.134332116605556
48.24766159618956
48.328012553494915
48.689871980123165
48.981814843149266
49.05409964868663
49.44026823524113
49.70208230080203
50.00518752738953
50.236134246499645
50.38142309091077
50.762124260921674
51.26240811232173
51.44952824460963
51.859138667854175
52.25382276598416
52.431768570585696
52.64413172363554
52.80638588107394
53.08810733439704
53.58551141333649
53.9375231605847
54.378895420879196
54.90253615655956
55.39271840003689
55.904664677627956
56.27376362001132
56.58263977687686
56.82062367107403
56.98181666530252
57.53402693068106
57.66767456659474
57.76146644961045
58.14068423163473
58.40084689405669
58.793194894437256
58.91236721171886
58.999913214081936
59.20866329252505
59.6604543937544
59.79919909671217
60.30427131594176
60.31339309181578
60.3645485224425
60.87519864290167
61.404472351453954
61.778708179456856
62.00858327438252
62.0615256273769
62.20960464106729
62.65354776746839
63.10658835367469
63.7077867067308
64.03959767296874
64.30809296776664
64.45870551243219
64.90472090807745
65.12017125251431
65.43757596114087
65.90615414837339
66.40641972686744
66.54408901250714
66.89593667843945
67.10844034190363
67.69316453122595
68.0262701875725
68.49624247647826
68.56973760574748
68.68977705833183
69.13661330350237
69.42636061698649
69.553813085169
69.89715017784222
70.34084889251338
70.3848284055108
70.7230293279181
71.06999834975336
71.46053087403918
71.64507232984215
72.16565202174932
72.54270078821024
72.85767681230882
73.29880106097897
73.72069993757428
74.00097517432951
74.01289212868997
74.01289212868997
74.3188211593041
74.46997134194119
74.66330924874381
74.66330924874381
74.7849238506022
75.05488876754441
75.22947386412132
75.23409729710117
75.6589142744526
75.8498672991655
76.25374837442551
76.39027332281147
76.76027771166788
76.91639738206564
77.19436114798623
77.43607181094151
77.57637496946421
77.57637496946421
78.01194687026558
78.41080560831928
78.83782615343009
79.02700855335158
79.31640143640062
79.70037753072691
79.70037753072691
80.30228872887481
80.5205341053452
80.79433253995404
80.85140487900406
81.01413576998615
81.29609740861919
81.29609740861919
81.55122960512898
82.11811039048739
82.28195321807632
82.4551967795277
82.77643951545653
82.97172150691964
83.47355446714023
83.5960425814335
83.7775933727282
83.88674954392586
84.35754341976059
84.38144783241329
84.38144783241329
84.68249262099174
85.2291612760065
85.36670664634958
85.9438324742416
85.9438324742416
86.22629887181742
86.6606024829408
86.7746525199802
86.81515706292055
87.52290498305045
88.01754606648332
88.01754606648332
88.64654802466228
89.22321790373991
89.58495397374017
89.58495397374017
89.58495397374017
89.98462870263445
90.16960743064827
90.16960743064827
90.47947081932365
90.97280406968959
91.31161879619496
91.75694604679802
92.07398383259202
92.59042066288198
92.9438644830402
92.9438644830402
93.40226910347927
93.92080591038031
94.17253178464136
94.22519828644798
94.22519828644798
94.30889654155158
94.49293894051999
94.49293894051999
94.53408974956105
94.77296763808023
94.98225003232682
94.98225003232682
95.25405769927359
95.62343033193083
96.04309387694697
96.26800752464332
96.26800752464332
96.64487072208159
96.87389318969647
97.16615301371247
97.19100592693206
97.30712759996337
97.30712759996337
97.49885251770036
97.68228296130309
98.01120439393175
98.25196488741302
98.74663803533399
98.98812284093208
99.18851563690355
99.35609295912361
99.63323945448373
99.87947204332296
100.37504925103332
100.54878319701217
100.95882954144899
101.28693260340204
101.28693260340204
101.48266846695866
101.51329158668554
101.82607551848368
101.82607551848368
102.23240883341083
102.51803840558264
102.88609076910191
103.39424274854062
103.39424274854062
103.44942204622778
103.44942204622778
103.5488426536828
103.5997624885703
103.81640755813788
103.98913792166917
104.88962813495544
104.98910231541007
105.1456723467021
105.55440870230774
105.8463621936058
105.8463621936058
105.8463621936058
106.01945064702164
106.20048467592522
106.40730536053836
106.7644815030276
107.39142479502603
107.39142479502603
107.6803123652652
107.93358020619094
108.130697456256
108.49682545472099
109.09513083543695
109.6149017830852
109.91846872436822
110.16549249229374
110.71831858640988
111.32297551108357
111.32297551108357
111.32297551108357
111.70018830127516
111.97272830401465
111.99854890771367
112.4264086964224
112.6480978748204
113.05205853931982
113.46318212879618
113.56258429629493
113.98763418736193
114.08942364386837
114.27951168563274
114.57754082506884
114.90252274552213
115.37592739031207
115.70148432804507
116.01861098517298
116.36829258912888
116.36829258912888
116.48904189797159
116.64218650793421
117.0616979830566
117.17435467507578
117.28144305746689
117.43736853781756
117.9780965855544
118.31801474702313
118.82950730874121
119.2497296600364
119.73178556035153
119.93084762469802
120.1276094791692
120.65355208903932
120.77703122577273
120.96815475059728
121.06852564327772
121.24075479141581
121.68873430227272
121.8995546698319
122.29738344865537
122.43298917829136
122.68778403692522
123.44367551065643
123.67831230919862
123.70674016133891
123.86546972766486
124.27622242336317
124.3961872080251
124.63297865105105
124.92598200825718
125.28506512275096
125.70680770320884
125.70680770320884
125.86685343205134
126.04593705423798
126.31279818681796
126.48614973220832
126.77042772642295
126.94203141515244
127.35180978188984
127.92822482544477
127.92822482544477
128.32663654093045
128.7789792751577
129.05231141089374
129.43000684536722
129.43000684536722
129.80044499261177
130.2023990866015
130.61743866351296
130.7435897808287
131.33546718229675
131.6536457272203
132.133923914815
132.29632986526366
132.91828587602652
133.19423122552462
133.90246550862432
134.64192868022545
134.76005652724479
134.9006051222411
135.16080601185334
135.3327732158801
135.69163190843193
135.9114068336732
136.0549972437945
136.09317335152258
136.5268135130671
136.66878693124008
136.85110356708188
137.07160368188025
137.44467777133522
137.67359183888502
137.8894172216034
138.12814775401154
138.4739030905867
138.79095167893277
139.07247825302142
139.07247825302142
139.75838076185727
139.8290639838415
140.22176975723437
140.48530035656324
141.19421579789093
141.7664864664666
142.24836796074217
142.4496726440063
143.07698060780672
143.4154390205758
143.65208874888108
143.88772946382934
144.27367469715085
144.47469983594235
144.47469983594235
144.63675447136734
144.73458130106863
145.1322304820994
145.57227215642362
145.93528152149386
146.2128901386413
146.50339036204718
147.14268440029366
147.4223325067583
147.84010193960088
147.84010193960088
147.84010193960088
148.32082490449923
148.83200815359905
149.15621254386946
149.62569101986605
149.8705664533039
150.25887349952532
150.47106432794806
150.47106432794806
150.65500579733472
150.65500579733472
150.704729594562
150.74832804314752
150.78066243534454
151.06624098654464
151.06624098654464
151.3587918661078
151.58350880284422
151.82717397519048
152.26955425093226
152.53020592880353
152.83260680617263
152.95446037670322
153.09260359431926
153.28058136559403
153.62594151549268
153.80178101142295
153.9188939899783
154.20421110261384
154.99822704978513
155.26382328945476
155.7866948964689
155.98802650000576
156.13231405318427
156.54504823235627
156.68634210560165
157.05368653358462
157.08479686095393
157.08479686095393
157.3156647074705
157.38387889766466
157.69700974052057
158.1860648115107
158.2684987174427
158.3696073200137
158.58455357269565
158.76101285686266
158.91094813194442
159.08622333469168
159.1866555674539
159.49781979557548
159.99164688493536
160.0773099686008
160.1518773205908
160.27489211628617
160.44838593729133
160.69257266595673
160.79232679058327
161.1837478041037
161.6271700428188
161.627970744148
161.91897321120032
162.14532476824368
162.24871140935042
162.39545462634516
162.39545462634516
162.44223397169105
162.73053314895296
162.79316223093457
162.91971223062316
163.2975775062211
163.2975775062211
163.2975775062211
163.49780909645227
163.60538474297914
163.72913958294058
163.72913958294058
164.20338670091928
164.25097214510515
164.41412771726678
164.91524182227244
165.03728704435903
165.09308593791735
165.20801454587684
165.43065396261207
165.68987215154962
166.14666714108134
166.14666714108134
166.18087602948555
166.20633157079345
166.28168733945492
166.30592329350267
166.59352094660724
166.77784989300443
166.9309973998707
166.9575005307674
167.3065682098179
167.56728763116166
168.25678503642658
168.25678503642658
168.49202351572444
168.67380345908558
168.92643439090236
168.92643439090236
168.92643439090236
169.35512248203133
169.41167528333443
169.47113325519052
169.8468970605037
170.04544940166417
170.04544940166417
170.2571042738707
170.40861544318668
170.65249111098979
171.0880804624756
171.40389298949285
171.40389298949285
171.55777778497898
171.55777778497898
171.55777778497898
171.72925187272966
172.20365680865038
172.43297699313376
172.67946439032852
172.85716196569558
172.85716196569558
172.85716196569558
173.00826126640536
173.00826126640536
173.00826126640536
173.04385891559468
173.32176340686908
173.41918836530792
173.55285044571986
173.79367409460414
173.85352272261488
173.9684297937614
173.9684297937614
174.18697001103342
174.18697001103342
174.33117151009648
174.39335598398802
174.4994453206826
174.4994453206826
174.55592361589206
174.64786688203978
174.64786688203978
174.6646948030863
174.93258651589983
175.02751674550763
175.14466981614862
175.14466981614862
175.31683939616934
175.32687396837386
175.36664043889644
175.68010187632152
175.68010187632152
175.7761245579393
175.79712395613595
175.79712395613595
175.79712395613595
175.79712395613595
175.79712395613595
175.80902605368334
175.9671717896997
176.33067351074655
176.44797340668973
176.44797340668973
176.44797340668973
176.54373085115228
176.62827112935483
176.71707315116808
176.76537776212217
176.9161610929971
177.0513952919525
177.3141985107179
177.3141985107179
177.3371016060597
177.3371016060597
177.48796198938766
177.48796198938766
177.48796198938766
177.48796198938766
177.8329462082266
178.15114379252296
178.47821957987824
178.57273885922334
178.75547748534802
178.84966276547033
179.09884655052522
179.09884655052522
179.09884655052522
179.09884655052522
179.580296720132
179.580296720132
179.6904756759117
179.8343488293146
179.92212684113025
179.92212684113025
179.92212684113025
179.92212684113025
180.08895086429328
180.24119375366237
180.4849060624638
180.4866167720404
180.4866167720404
180.5483290765579
180.6263305533048
180.6263305533048
180.6263305533048
180.64102748889994
180.64102748889994
180.64102748889994
180.65393219175573
180.7463489670657
180.8342412708531
180.8342412708531
180.8342412708531
180.8342412708531
181.13804425172657
181.4825001987293
181.4825001987293
181.55308049370376
181.55308049370376
181.55308049370376
181.55308049370376
181.57382640847683
181.64811553178416
181.94542953596323
181.94542953596323
182.02717538381114
182.02717538381114
182.02717538381114
182.2327345875442
182.27248838659386
182.33690790005127
182.48647080601057
182.5273169081488
182.5273169081488
182.803797183081
182.94289921083194
183.10845606257612
183.10845606257612
183.10845606257612
183.23107612601368
183.33429712366984
183.4208013395705
183.57677003010082
183.93272377514845
183.99120302878472
184.02182990634276
184.02182990634276
184.02182990634276
184.36158745041917
184.43441457701132
184.78911916651688
184.78911916651688
184.86853004758697
185.06112585641856
185.1704142728289
185.39958173727112
185.42732331741837
185.4907900918255
185.54384129392196
185.8317941447702
185.8317941447702
185.8317941447702
185.8317941447702
185.8317941447702
186.139812927117
186.29119961942266
186.29119961942266
186.29119961942266
186.29119961942266
186.4794737065731
186.48938925692607
186.48938925692607
186.48938925692607
186.6174193490427
186.72549003889173
186.82235956287656
186.91429972518293
187.11137883417285
187.11137883417285
187.24430117348348
187.26150434948883
187.26150434948883
187.50713816781064
187.50713816781064
187.50713816781064
187.73963980164092
187.79397493378096
188.02727709222464
188.15895454526267
188.3711937785122
188.4340995228703
188.4492286937973
188.67779878085886
188.67779878085886
188.76698723990648
188.76698723990648
188.8228349621024
188.8228349621024
188.85099037710702
188.89999243852523
188.98290399120506
189.13139665531457
189.13139665531457
189.13139665531457
189.13139665531457
189.14995259537477
189.39953364019146
189.425011617275
189.49576630893452
189.88405362133753
189.88405362133753
190.1793100617449
190.34083200708952
190.5103443351668
190.5103443351668
190.74279792410272
190.78298342311237
190.78298342311237
190.9353374745525
191.0520836200783
191.0857065214745
191.0857065214745
191.26969384388778
191.26969384388778
191.73577532629832
191.95225726683682
192.23235004160298
192.23235004160298
192.23235004160298
192.23235004160298
192.23235004160298
192.23235004160298
192.29648567501553
192.31032958786216
192.31032958786216
192.3910052793769
192.3910052793769
192.3910052793769
192.3910052793769
192.43495267449893
192.48819284443735
192.69943789354144
192.69943789354144
192.8208662247171
192.8208662247171
192.8208662247171
192.8208662247171
192.88408002422725
192.88408002422725
192.88408002422725
193.06503594716222
193.06503594716222
193.06503594716222
193.06503594716222
193.11261037871512
193.21661332278663
193.41188938298043
193.44789000648058
193.50376375621366
193.55699979645556
193.5945291255287
193.5945291255287
193.5945291255287
193.67177431182577
193.84227012021717
193.93795248856492
194.15071707599128
194.1836965587657
194.1836965587657
194.6723472883375
194.86632333392245
195.072168039211
195.25437392208485
195.51536030150672
195.51536030150672
195.68817933359446
195.79199195992322
196.18908958070026
196.26460948845897
196.37757683058152
196.51101244365202
196.5135409083292
196.5135409083292
196.5135409083292
196.57791668708103
196.6358270194133
196.73031973251963
196.73031973251963
196.78407623601314
196.9643621036071
196.9643621036071
196.9643621036071
196.9643621036071
196.9643621036071
196.98276297213366
196.98276297213366
196.98276297213366
196.98276297213366
196.98276297213366
197.15697493920143
197.15697493920143
197.21025269275617
197.21025269275617
197.30566870282763
197.43461501891076
197.45209440012707
197.49469313857637
197.49469313857637
197.49469313857637
197.56379862747116
197.7119248463505
197.7119248463505
197.8119438411789
197.87393731104044
197.87393731104044
197.92374643343538
197.92374643343538
198.0418499932602
198.14491668175273
198.14491668175273
198.16231301771668
198.16231301771668
198.2179916292015
198.25774429375844
198.58069056866202
198.58069056866202
198.64590142501456
198.82859855484222
198.82859855484222
198.82859855484222
198.82859855484222
198.82859855484222
198.82859855484222
198.8689093231404
198.94766545110534
198.94766545110534
199.05502543710762
199.19947025264827
199.25880532399137
199.5212373139245
199.6575758169468
199.70801336653898
199.70801336653898
