0.22523567875467948
0.6151515941262353
1.1515523772440406
1.7712292793320805
2.20714205553651
2.242720427579165
2.251235139752136
2.3275905149943528
2.664241153038632
2.820118819153842
2.859508232594554
2.9388922860608186
3.0568610471646007
3.3012268431798404
3.5757867917702337
4.015542853403057
4.304689491338234
4.304689491338234
4.354103999700912
4.4670795824517215
4.4670795824517215
4.773450368270652
5.1325950533532785
5.187056657688873
5.306866887139789
5.703832201473841
6.105008009968578
6.471221820874281
6.471221820874281
6.695176540161937
6.724969943362693
6.724969943362693
7.200140904226641
7.293292848776688
7.293292848776688
7.5710190585244685
7.5710190585244685
7.923200861566124
7.971846354534995
8.580906384437672
9.058733982951999
9.173659241854489
9.695081784874468
10.071998172788732
10.516576885872915
11.027086858363864
11.167833880829177
11.550286969343853
11.885920486343387
12.420244146449157
12.838655273271026
13.459079978826905
13.84475981688116
14.231528639825472
14.707292871073548
15.120363865887557
15.433238406837546
16.057219897734942
16.64871613555365
16.97545270230933
17.376603959761653
17.77999860644669
17.82032029369207
17.97137407916676
18.27359925908494
18.517545117519138
18.719864081347353
19.09160681103766
19.756851359035807
20.321083854486307
20.442856991181056
20.635026187041635
20.635026187041635
20.942978772888313
21.034322147526435
21.360691734458307
21.4367152083285
21.67710378811724
21.916031570906803
22.382688598797184
22.761559008769215
22.89292680166867
23.276727128071773
23.744405005966414
24.01064903543539
24.094207014643615
24.12132759078046
24.43462271163307
24.793060037544414
25.125717692188655
25.848627682097856
26.201987494010528
26.686567765080447
26.93766053183959
27.381420634777967
27.452503926563757
27.641430692501533
28.078465191697816
28.553409659973997
28.595586932491802
29.247573141903175
29.497296809109315
29.86555918714445
29.9680522220681
30.12708671414188
30.262548173209534
30.633488308470433
30.795618612429454
30.990955529494663
31.313068736681785
31.59979113650026
31.74606197176355
32.105395799668706
32.251644139536246
32.64190707398787
33.08915869067449
33.14214788644421
33.18381679289466
33.58258575754368
33.67290500350395
33.96709735077946
34.12610073709278
34.23217631427789
34.358202668805056
34.76285473451142
34.95891822136873
35.13435324141742
35.24100216629889
35.63778137616668
36.224645244526
36.70517077287467
36.710713720022625
37.01752362834435
37.16821544003962
37.34532100017661
37.45968765008859
37.672848303282535
37.68143495324906
37.899950838429916
37.99683089093879
38.26531225132402
38.88371924913332
39.354448780496895
39.38831837903593
39.447017763517394
39.62368341350236
39.62368341350236
39.68356834577203
39.86568540239823
39.86568540239823
40.24614183790214
40.40206700912217
40.40206700912217
40.662105687596906
40.881090355337655
41.157586045616306
41.157586045616306
41.26407366898698
41.26407366898698
41.43055635909486
41.916574546772324
42.25006288428037
42.56262719517354
42.752797878779845
43.03119676810507
43.44063902792683
43.60097306620002
43.863107615094535
44.07585955222574
44.25706593531215
44.69841742286672
44.787262758975544
45.21810939242001
45.611956820045044
45.87267146623482
45.95422494213076
46.1668531233052
46.46246264947595
46.589473235887475
46.62413695454082
47.087922004992905
47.46819923033239
47.8778699274745
48.26028449910477
48.311343877856245
48.46361738826227
48.86252554593902
49.17152116353878
49.24291285153978
49.24744012215064
49.556951980647845
49.991379011832315
49.991379011832315
50.480585472324485
50.96900998096388
51.03174153559817
51.12383659454548
51.27520699170013
51.552227294841224
51.67577895914105
51.792639368431594
52.23310373529447
52.53331426355039
53.11549838020714
53.22292713045716
53.250116413358725
53.855963029912665
54.62784628581644
54.97981609903156
55.14603566019247
55.502148759951744
55.6291647965029
55.70221427250075
56.17350915228439
56.17350915228439
56.54948914591276
56.90448493604562
56.90448493604562
57.144461808561935
57.439891847895076
57.54055738203888
57.96954495997318
57.989227561748976
58.26800376542264
58.474444451140485
58.95305870056634
59.445864508502495
59.84616738119956
60.106383191469455
60.34262582449112
60.77440634991109
61.05797162164436
61.606754012028475
61.77171916793062
62.2439453920907
62.650962159936924
62.94392800791584
63.053454646415155
63.456490606333986
63.590656672663826
63.64593630145936
63.64593630145936
64.10529210894681
64.27863513706511
64.27863513706511
64.42484289610357
64.5468304142571
64.82489157983757
64.82489157983757
64.82489157983757
64.82489157983757
64.92508180479652
65.17521113790019
65.18004799823072
65.82793412960113
65.82793412960113
66.13798195630883
66.42951648075626
66.44138320721603
66.44138320721603
66.49220136113935
66.49220136113935
66.62873578942767
66.98277487948694
67.05204062081565
67.49134688508258
67.9098413214403
68.18206473777596
68.32132042519713
68.59622800135365
68.80740001235358
69.10478849608816
69.68499165765857
70.04330916789358
70.15823647973565
70.23800726849267
70.44142298507563
70.70945272006004
70.70945272006004
71.01366593972037
71.45881697108845
71.58238962600242
71.58238962600242
71.77842663390749
71.96346409480985
71.96346409480985
71.96346409480985
71.96346409480985
72.1679458472408
72.39558423282236
72.39558423282236
72.39558423282236
72.87800332981338
72.95525643137331
72.99973172825356
73.22257363361489
73.37335054774933
73.6111448756056
73.74774363540241
73.92900303287009
74.39109940517237
74.66719222123122
74.66719222123122
74.81519118051108
74.98531139582822
75.22100708436784
75.31735656423815
75.31735656423815
75.49134684398577
75.52004191867144
75.65420921608448
76.21334623937207
76.22526824374239
76.22526824374239
76.4017708197154
76.6475714667701
76.6475714667701
76.6475714667701
77.10710727923528
77.28185711188233
77.44351748258869
77.59866354051123
77.64869831349627
77.64869831349627
77.6901504186833
77.82455369610915
77.82455369610915
78.03757632257448
78.03757632257448
78.258675013619
78.46785269175317
78.71903815229592
78.88765939686431
78.9422458897877
79.11831093309415
79.1675434009334
79.1675434009334
79.29147578279611
79.46412212495237
79.46412212495237
79.5492844279646
80.00109990443612
80.03945940744471
80.26760177011111
80.34202689164158
80.39686279451706
80.39686279451706
80.39686279451706
80.65812096356193
80.80818180285691
80.80818180285691
81.07970851343359
81.32466965815324
81.32466965815324
81.73373534002202
81.80751173351551
81.80751173351551
81.80751173351551
81.87912958440906
81.87912958440906
81.91780067335498
82.0203172345161
82.384710426648
82.73387375114785
82.97271983954765
82.97271983954765
82.97271983954765
83.00647247434328
83.10448405222607
83.18951770047435
83.22718029611828
83.2912962661153
83.46373842561887
83.73749077672859
84.20752046205376
84.45827803875481
84.45827803875481
84.67954050448043
84.7062637191584
84.9660785938935
84.9660785938935
85.18815143247207
85.26236076056381
85.39918770950439
85.39918770950439
85.39918770950439
85.39918770950439
85.57052282931957
85.59234106609378
85.61688186972039
85.9030359959254
86.05875852896595
86.20473701319635
86.48478123043198
86.48478123043198
86.6744102514785
86.96767185985385
86.96767185985385
87.04503038105507
87.29360378552339
87.40982943872905
87.43502356399445
87.71735311395074
87.82427135013569
87.83106673799284
88.03222589287307
88.03222589287307
88.38123326270274
88.38123326270274
88.64449672944997
88.90240353940989
89.04786258216566
89.10719044726372
89.10719044726372
89.24990624645244
89.26246014986069
89.33356752287193
89.44014593234562
89.44014593234562
89.44014593234562
89.44014593234562
89.44014593234562
89.44014593234562
89.44014593234562
89.49963795090231
89.7644460265198
89.97163398064491
90.06595875260041
90.24388013292436
90.41583072029466
90.6448253625395
90.8226838562614
91.32139484723122
91.53794049541906
91.53794049541906
91.71893821452366
91.94396655526037
91.94396655526037
91.94396655526037
92.01794488755327
92.11007084315597
92.15446906117667
92.29842766241296
92.306602485095
92.306602485095
92.5523295786462
92.66566853795466
92.684806293905
92.684806293905
92.96670927453948
93.13120705333715
93.13120705333715
93.30741994877273
93.30741994877273
93.30741994877273
93.70718942028873
93.81235302118249
94.03311177913683
94.03311177913683
94.20908586639327
94.20908586639327
94.38992024804493
94.54307883724921
94.67155164842379
94.67155164842379
95.02616853792357
95.34531281395756
95.39843962316296
95.43797360777711
95.43797360777711
95.43797360777711
95.65803791238183
95.7926881443932
95.7926881443932
95.94650247837185
96.10285483057059
96.21878252045543
96.27516494856445
96.27742606550346
96.33286633512077
96.33286633512077
96.47300127774996
96.73113963137415
96.73113963137415
96.7932345075344
96.85606828166426
96.85606828166426
97.0158443785289
97.11873243952687
97.22506087040905
97.22506087040905
97.40604007050337
97.61809454945293
97.61809454945293
97.61809454945293
97.78046165522194
97.80774501249259
97.9926130736868
97.9926130736868
98.35182115026375
98.44038965659959
98.55913136597464
98.67523325883616
98.8362724453097
99.07579487077876
99.33395471417843
99.33894681931721
99.33894681931721
99.33894681931721
99.42368068283635
99.68190988049255
99.68190988049255
99.68190988049255
99.69684942314048
100.01776843415234
100.34088870751556
100.53327314777948
100.55567839578514
100.55567839578514
100.7199113677387
100.85865670909347
100.98345141770803
101.01641869265764
101.40190512368655
101.43873884385384
101.52959921280687
101.7234276179305
101.7234276179305
101.96002158576634
102.06261503526672
102.06261503526672
102.13449922692664
102.13449922692664
102.34776081159846
102.49276690523239
102.49276690523239
102.63799281068206
102.63799281068206
102.63799281068206
103.00606374129849
103.09225033830077
103.32276444114008
103.51641956110913
103.85191810344851
104.20182025397997
104.32794959351575
104.32794959351575
104.43408346758363
104.63323072615302
104.63323072615302
104.81704956806925
104.81704956806925
104.98694101376365
105.01119516609394
105.01119516609394
105.163915336943
105.163915336943
105.25910301653086
105.50017760900722
105.75220254464483
105.75220254464483
105.75220254464483
106.18249889034608
106.36222723797138
106.64063908258277
106.64063908258277
106.64620251770893
106.74168310901281
106.74168310901281
106.74168310901281
107.1492962789793
107.31967659084474
107.36609719144595
107.63965798046918
107.71139236381384
108.0126604471482
108.18285152301955
108.18285152301955
108.34317069125098
108.34317069125098
108.34317069125098
108.56170009582817
108.56170009582817
108.56170009582817
108.81289223134003
108.81289223134003
108.88861829303409
108.98394340559875
108.98879225313011
108.9983635540318
109.36392184838695
109.52082488123271
109.7019906854337
109.97744285981219
110.08322663593133
110.12075173142534
110.23514133668951
110.58213583531867
110.77947332808196
111.0249756675453
111.0249756675453
111.0249756675453
111.32259318650429
111.38141658883177
111.72718322277015
111.82018443476903
112.10299114668439
112.26579931836004
112.57113950321978
112.57113950321978
112.6227129379087
112.82684207054594
112.90090459793655
113.0738186146753
113.13271911168532
113.13291195544706
113.3839001816811
113.47630532739612
113.69380010680429
113.75351409926576
113.75351409926576
113.93218259907444
113.93218259907444
113.93218259907444
114.37017237564267
114.49225778666487
114.69457596162314
114.69457596162314
115.05450797643178
115.16115078138493
115.17441086340239
115.37440326338752
115.37440326338752
115.38713396583839
115.48298825388069
115.6962708070522
115.6962708070522
115.6962708070522
115.82410282153444
116.16706757121517
116.36205351394216
116.41195430812829
116.49649479026557
116.53422081079401
116.53422081079401
116.86476259841474
117.16175886941795
117.19731282580031
117.26149920698012
117.502943031442
117.70501652614496
117.90558096068713
117.90558096068713
118.09687285327335
118.1818583182094
118.1818583182094
118.29260102457606
118.41368009901605
118.56169889602744
118.56169889602744
118.56169889602744
118.64542960020874
118.827992795475
118.92718965998137
119.07707919630941
119.08673187803775
119.38843612918636
119.42904331184161
119.43008498890057
119.43008498890057
119.43008498890057
119.56389607235545
119.62932629424094
119.69378795963789
119.81678895918292
119.8190589288596
119.88941630672657
120.04138506141004
120.13576289541638
120.30349226709153
120.42934199702283
120.42934199702283
120.49064186022878
120.56713963359921
120.6519678304414
120.88449392924129
120.88449392924129
121.00892621727145
121.2236171630889
121.2236171630889
121.40277175925705
121.41069641779546
121.54712407018742
121.54712407018742
121.78441631111762
121.82869536928432
121.95651836401206
122.0058616414024
122.10359924563774
122.14609201351988
122.30439219843323
122.49902735346532
122.49902735346532
122.58147552539586
122.58147552539586
122.78604298611326
122.90034262763321
122.90034262763321
122.90034262763321
122.90034262763321
122.90034262763321
123.04244981486612
123.04244981486612
123.04244981486612
123.17609837605109
123.44198055585291
123.57162850322197
123.58526031029366
123.58526031029366
123.63217715030903
123.63217715030903
123.78689266520011
123.78689266520011
124.00338991567155
124.00338991567155
124.11825426589033
124.27457491324607
124.31258440131434
124.58103987926283
124.58103987926283
124.63378637227125
124.90568471256996
125.09403449783053
125.23227681705572
125.23227681705572
125.23227681705572
125.49394327468268
125.49394327468268
125.49394327468268
125.54398541969896
125.54398541969896
125.54398541969896
125.54398541969896
125.57122843299648
125.57122843299648
125.75540311060405
125.84689909794253
125.90477645012032
126.01449321398934
126.02040416129664
126.36795977077192
126.58885008592453
126.77188029682986
126.89416701431178
126.9239543995717
126.9239543995717
126.9239543995717
127.10034795222174
127.10034795222174
127.10034795222174
127.30684585816692
127.30684585816692
127.61149882188599
127.61149882188599
127.65492121733573
127.65492121733573
127.91368554228139
128.0976871628771
128.11471138259463
128.11471138259463
128.17888341540416
128.17989387387496
128.41091448992523
128.41091448992523
128.41091448992523
128.41091448992523
128.41091448992523
128.57834625930647
128.87196909084864
128.97206135316526
128.97578361695986
128.97578361695986
129.15053646432162
129.15053646432162
129.15053646432162
129.15053646432162
129.26783806682414
129.26783806682414
129.3902877700876
129.40726579993222
129.40726579993222
129.58029652079162
129.78097784920075
129.85345417171507
129.99577346020823
130.06180426268952
130.08392471447127
130.10915820903222
130.23969988625964
130.23969988625964
130.64966764110875
130.87774047063797
130.94699948110326
131.4439278240962
131.51791793733446
131.51791793733446
131.51791793733446
131.51791793733446
131.59879746613936
131.60348372551576
131.60348372551576
131.6428536059452
131.67438496927585
131.7157237674545
131.93265109015076
131.93265109015076
132.08072932954957
132.10603252563973
132.1061128502891
132.26718543600222
132.26718543600222
132.26718543600222
132.26718543600222
132.32287142455297
132.39361399673436
132.39361399673436
132.39361399673436
132.39361399673436
132.39361399673436
132.65390237517852
132.67404510851443
132.67404510851443
132.67404510851443
132.79887303490344
132.9288851549219
132.9288851549219
133.25369664875262
133.3196658378161
133.5305471307479
133.5305471307479
133.5305471307479
133.5841189479451
133.5841189479451
133.5841189479451
133.6948146053238
133.99201129265296
133.99201129265296
134.15811714705765
134.42625881173777
134.51304427079023
134.56286350061796
134.56286350061796
134.5729142379039
134.73779142173632
134.85472052778755
134.85472052778755
134.85472052778755
134.9265038686212
135.40026318086277
135.40026318086277
135.5117056445563
135.5117056445563
135.574385680219
135.65508257704687
135.74882357796733
135.89836020329136
135.9571803058171
135.9571803058171
136.176416310898
136.32651010462288
136.32651010462288
136.58737389095074
136.65629260906402
136.80616584741065
136.80616584741065
136.80616584741065
136.8708168155088
136.8708168155088
136.8708168155088
136.9874001939683
136.9874001939683
137.20516362528045
137.36333565331392
137.65315371443364
137.6603735333363
137.90261759826356
137.99510631880662
137.99510631880662
137.99510631880662
137.99510631880662
138.08302441095088
138.1230445371415
138.1230445371415
138.1230445371415
138.48529102043318
138.61155429740631
138.61155429740631
138.75758552592652
138.76340192422907
138.8969998133206
139.04928765694734
139.27103301986202
139.27103301986202
139.52513388671608
139.68902373294512
139.7050247522142
139.79511412532352
139.79511412532352
139.8161515705089
139.9266694012788
140.0026814239816
140.174973939819
140.174973939819
140.2067432288909
140.2067432288909
140.23341821730563
140.33498042073793
140.53727802201917
140.53727802201917
140.53727802201917
140.54601131344396
140.66835966121977
140.66835966121977
140.66835966121977
140.66835966121977
140.69658986769522
140.69658986769522
141.15433869440034
141.19623419034252
141.19623419034252
141.28248482233982
141.41537774526262
141.48946284912032
141.48946284912032
141.54306476797493
141.6037020177224
141.6037020177224
141.6037020177224
141.75947018191061
141.87526164830146
141.87526164830146
141.87526164830146
141.88121769904066
141.88121769904066
142.071869049134
142.071869049134
142.26748424534648
142.26748424534648
142.37260168954373
142.6326496660581
142.78449638897848
142.9650187769372
142.9650187769372
143.18536698172866
143.31154168310115
143.31154168310115
143.31154168310115
143.31154168310115
143.31154168310115
143.33938619293986
143.45527437246992
143.5546520291273
143.76177831512385
144.04495801372929
144.12324782386216
144.12324782386216
144.2009868947181
144.25166929509467
144.57306022870333
144.6268521188819
144.6268521188819
144.6268521188819
144.6268521188819
144.7002287713065
144.77982934305652
144.88240738992414
144.96381597170776
145.1828417630286
145.37295595016994
145.54307339118952
145.55920044469522
145.59073450723548
145.66028730215626
145.74405010998225
145.83319642403413
146.04944417328016
146.19669570241416
146.19669570241416
146.19769857849852
146.19769857849852
146.19769857849852
146.5267366006897
146.8049831823251
147.02858027791387
147.09505172642955
147.1817468881446
147.27679061234986
147.45726579543128
147.45726579543128
147.53715443932677
