0.3049349509233332
0.7818054116465655
1.4023288349151222
1.7756416620448268
2.1841375879388054
2.482874416681416
3.3943201692908698
3.7492038131779957
4.459359687949879
5.167201314477154
5.645912450370474
6.017520622074447
6.753071041329352
7.685272399370364
8.166590950971294
8.407615670540014
9.086770824360197
9.841118681465137
10.57377292357818
11.2808789573974
12.109597157387899
12.7917320160796
13.633014644004378
14.519691718420255
15.254952384127138
15.882309484420713
16.287269417955102
16.689672956037214
17.52994184074034
18.1409169475808
18.6476354530448
19.127324521259197
19.939743683740843
20.42147016823265
21.062553194404224
21.613977909653862
22.31034614966693
22.993854793603905
23.593494533438438
24.130348705910283
24.870199168026534
25.56557457337363
26.134174079146756
26.670441424818453
27.398281843781174
27.91081572431007
28.632201859013943
29.088072237569197
29.582790611592223
30.215365297236612
30.688361131706607
31.32076839501259
31.462222592669818
32.01425284644539
32.4247678204559
32.98616617685917
33.54445083138754
34.27546898065475
35.15312274248966
35.70726603047683
36.38463088637146
37.18369246074167
37.69121777529357
37.99843659049729
37.99843659049729
38.35427199149535
38.91368084973404
39.56721436811158
40.23656137615375
40.568936926796866
40.82388894310262
41.016859362071145
41.42856666184446
42.16803625598508
42.61249456165818
43.495867147021464
43.68128702140345
44.11403432866906
44.25936628812351
44.584277889395416
45.04052932348382
45.27385449173567
45.532231828772574
46.62911417350375
47.091753434211235
47.37121478155924
47.880591958402114
48.761979875483235
49.01585530402488
49.500782948739065
50.2625410251243
50.55450187716914
51.22818749863651
51.72628623919569
52.129273772302724
52.79612895764866
53.584946759248396
54.34609177871869
55.14167766203542
55.232940385726614
55.99289335412097
56.37319616255452
56.82235680782958
57.165845835109266
57.558004872372145
57.65056593667995
57.97467705606894
57.97467705606894
58.20134379577372
58.74461016679654
59.0884097990082
59.0884097990082
59.371871600345585
59.93970794764214
60.701625877517
61.561492381895235
61.86758773743721
61.950493013794635
62.38306274759886
63.127235017952465
63.72469354610594
64.12232919667744
64.41882466812939
64.96828349446885
65.27695042614066
65.72205663206789
66.3259094076446
66.59939134687646
67.16885511311867
67.68525001829775
68.28529870879656
68.63385218570254
69.17158158836692
69.51435574950975
69.92139744577723
70.43438040722793
70.841215529686
71.54849094346491
71.743352810975
72.14274011598178
72.87203319542218
72.87203319542218
73.26773629879335
74.17806023647057
74.84526543519894
74.99197450574339
75.28548346956717
75.47996066011827
75.96930803342899
76.52504132442617
77.1419411441157
77.73429669603263
78.35796513719208
78.849100510647
79.62529058979895
80.16049678190096
80.19234165170451
80.5775868162754
81.35012267892155
82.14347227474164
82.6029401630172
83.37790761073299
83.37790761073299
83.66502470398892
84.45776889682043
84.697985538189
85.06739208365208
85.2366540532749
85.88948877246527
86.2909532690374
86.4876047774589
86.4876047774589
87.1206400577997
87.44842185993255
88.01048772755709
88.62223185888577
89.03253890712071
89.62599191278309
90.22869976742241
90.58692106788658
91.4459469265038
91.86172119673739
91.98608503597578
92.33472801216274
92.68455054097298
92.8988065671794
93.09289400868605
93.52742995131392
94.29379549562334
94.69721806157528
95.48582611875338
96.03516510211462
96.53252424299856
97.37667647453209
97.89634431184646
98.28124041996166
98.79444420835462
99.02767657736823
99.25341283921509
100.02783625723814
100.87942861365812
101.43088226934107
101.71226125249073
102.20310933804366
102.67541003598909
102.85425235373708
103.28674035715916
103.69016914155327
104.22748552888906
104.74669972731914
105.17149595114259
106.09195806054028
106.59196964589094
106.71362363967522
107.10637724528777
107.49802332523787
107.89418203480385
107.96426723695762
108.38728518669603
108.63385350592476
108.63385350592476
109.09805430078559
109.301723381101
109.7525347070249
110.22088664037786
110.76600824642617
111.23708805234804
111.64997930613181
111.97267154429295
112.22767380917054
112.88129214384081
113.13712075828565
113.60271927362336
113.8718009850121
114.32483247210952
115.17654736090401
115.62902071831284
116.00152711892721
116.32227969035007
116.54712866295382
116.63433506417783
116.84987177307929
117.55232501578898
118.16797056509989
118.34256863912546
118.55828073036244
119.57141116102211
119.80365918319382
119.95918560507235
119.97291136220849
120.31575734286064
120.75048448984366
121.13254134112682
121.43586136515286
121.88457737918245
122.06884198350646
122.55468824749782
123.06247569691082
123.53716726709979
123.83911237416058
124.31301217757051
124.50010616106312
125.09981135657907
125.90709680433847
126.65355878884854
126.88594928946443
127.47413726799371
128.17179622533797
128.73550809781852
129.36052769507015
130.11677123878852
130.4548453485355
130.83676277406303
131.38875388289057
131.38875388289057
131.94777296934345
132.68167854672575
133.10457832554516
133.618902255168
134.1657757231376
134.6117541698763
135.09191491665115
135.62048805979674
136.1992029228719
137.0553912783846
137.6097037717903
138.11209565519886
138.52984413332595
139.23145726593233
140.03187271965268
140.55462406217956
141.28127828791986
142.2721736977327
142.59850408791496
142.83108793893243
143.46629059399353
144.04137342139623
144.8044546305934
145.04278362559134
145.3046945352215
145.76525074594548
146.5042467930896
146.89395467593667
147.5396447963022
148.07179703439738
148.41374869687198
148.72339301918785
149.01345065040027
149.95239953921063
150.5254045314793
151.2107127986721
151.70038757170425
151.85437714684747
152.35784827114088
152.6224263012383
153.30254481682204
153.90237118659945
154.15869838574173
154.9609939755109
155.25117597040176
155.99238003402093
156.40929412608023
157.23256519915245
157.6530823415017
158.2262007214231
158.7710767945312
159.42215642937964
159.61446435094933
159.87998863078764
160.40752810687272
161.0660308398658
161.50355461352882
161.84522123726697
161.9745949724174
162.38164196117782
162.65357554374137
162.96689412982286
163.29210399398679
163.80473565776623
164.2667135589426
164.2667135589426
164.2667135589426
164.90662244352134
165.42199869832027
165.95690333736613
166.00409362072367
166.34395350388976
166.6223113376888
166.87196291564214
167.0363905868149
167.5813712617264
167.84841882864862
168.28640312633476
168.77048421393505
168.8834834292429
168.9231880622749
168.9231880622749
169.2253273828677
169.2253273828677
169.25223969370057
169.62194285192484
169.99344493490824
170.31650854838585
170.59562245963656
171.2147968680758
171.33269695003705
171.42815295341094
171.94586821806524
171.94586821806524
171.94586821806524
172.05826614812455
172.05826614812455
172.22191863006398
172.51642252852142
172.51642252852142
172.69881408435185
172.69881408435185
172.98754650340175
173.53721758598917
173.64889264025044
173.9131825641806
174.422015940914
174.7092653406852
174.9849657430238
175.30094783489974
175.64752611310408
176.02844790720906
176.69875553054976
177.19193561953398
177.19193561953398
177.19193561953398
177.24585506410247
177.5962473961733
177.88882051718952
177.88882051718952
178.3075409235621
178.3075409235621
178.66096077759502
178.8001287101521
179.4136705895782
179.90074653723082
180.12732035544948
180.3576810508289
180.44177177210307
180.65147429791426
180.90060828961768
181.42394376822818
181.99797523387937
182.08122878176013
182.230273980559
182.52097418637143
182.68692535191204
182.68692535191204
182.9869495888773
183.2109281041592
183.38581670224744
183.7390107692671
184.0084136243409
184.06752104297726
184.23696892721526
184.23696892721526
184.50966473038366
184.8261041670357
184.907920512662
184.907920512662
185.02237766064167
185.26305198005147
185.26305198005147
185.38781170835028
185.5483540471083
185.5483540471083
185.67269571662447
186.07399160556798
186.41856514630422
186.74112929508226
187.02991931455682
187.07630482582198
187.5506745864605
187.55902182515317
187.69004776530633
188.1121041039667
188.4343431889249
188.4343431889249
188.4343431889249
188.62670541951408
188.62670541951408
188.6539984029487
188.72252734015623
188.72252734015623
188.8553141757644
189.1112294961309
189.1112294961309
189.1112294961309
189.678278069467
189.95060007574415
190.4139846811505
190.4139846811505
190.66868888224522
190.7120950501745
191.11331092099326
191.46800864431233
191.7876910158087
191.7876910158087
191.8215748778718
191.8215748778718
192.25934519225245
192.25934519225245
192.25934519225245
192.27453143545858
192.56802477081925
192.68110531010046
192.7431526883126
193.34625654671868
193.60584524334007
193.60584524334007
193.93633597444418
194.1952855110639
194.3421090981182
194.50367456181274
194.75132437006036
194.83489635153842
194.8788661383203
195.04031820797707
195.0441127090037
195.58549554755646
195.58549554755646
195.58549554755646
195.71214466199098
195.71214466199098
195.8703793727932
196.10477488250356
196.11224057464102
196.205274369871
196.62252197938173
196.69317848000355
197.21724936218047
197.21724936218047
197.28153250259066
197.28153250259066
197.72647561279683
197.93493410328884
197.93493410328884
198.06084579133673
198.06084579133673
198.2751801381089
198.2751801381089
198.2751801381089
198.2751801381089
198.32230951521913
198.45778677744264
198.76311817423152
198.79799392446947
198.8227975993101
198.86176958501
199.0598317952383
199.20236900926048
199.3270053877159
199.40462321187562
199.47244230963892
199.47244230963892
199.51080886345864
199.91604148913927
199.91604148913927
199.93060272245756
200.55909175954093
200.7863817483583
201.08611529668528
201.35912963724738
201.39381016926768
201.39381016926768
201.8636798792038
201.8636798792038
202.43208676431067
202.43208676431067
202.668463231702
202.92801991343572
202.9925566920172
202.9925566920172
203.1031346986196
203.4234005904465
203.4234005904465
203.4234005904465
203.54274627391598
203.74236797203386
203.85841210182224
204.12350468349837
204.2237976135184
204.23430666400145
204.51419925741902
204.51419925741902
204.75769120923138
204.9352486966034
205.47600449682142
205.88135420059348
205.95837516760318
205.97420694330938
205.97420694330938
205.99510863737927
206.26385666563394
206.58541476191377
206.653168609197
206.94096382519413
207.22245987006048
207.22245987006048
207.3609096878575
208.13210783105905
208.3788156874364
208.3788156874364
208.3901574956839
208.57922738928207
208.57922738928207
208.69872215841087
209.0639672227416
209.17998295628067
209.17998295628067
209.63211235847558
209.63211235847558
209.93460712649085
210.34334331897955
210.51511181473825
210.652542726786
210.79823555901964
210.79823555901964
210.83711002880295
210.89324016408935
210.89324016408935
210.96434092610474
210.96434092610474
211.52054288578591
211.52054288578591
211.52054288578591
211.74712897782968
211.75023852786975
211.85905964740755
211.86875398750973
211.93963989054308
211.93963989054308
212.09440641039222
212.401480451098
212.87204390536246
212.87204390536246
213.08394060486413
213.08394060486413
213.08394060486413
213.27397808283018
213.27397808283018
213.7171634530025
213.86262398890625
214.18974347872694
214.44434622138024
214.8902989320794
214.8902989320794
215.1178736502308
215.1178736502308
215.1178736502308
215.38874591010497
215.74173134616618
215.94220049479003
215.94220049479003
215.94220049479003
215.97199443663723
216.23949481003095
216.23949481003095
216.23949481003095
216.33973857041428
216.5730688108642
216.95004521055
216.9851833790551
217.3777738099487
217.69511757201204
218.11263033323704
218.11263033323704
218.14384145071574
218.27985191260552
218.4925427836843
218.4925427836843
218.4925427836843
218.4925427836843
218.51267445950424
218.51595097196213
218.90913750119861
219.50093237272785
219.50093237272785
219.79201691900928
219.9946370401845
219.9946370401845
220.15239405999392
220.15239405999392
220.4396511587421
220.5405523858363
220.61720670354566
220.86501854391463
220.9518901550621
220.9518901550621
220.98061875466527
221.17127989469128
221.4183117291341
221.7459621665089
222.02757634908824
222.44845458038097
222.44845458038097
222.62392743426915
222.88921840111368
223.16405628099378
223.45732704878432
224.09422187273216
224.4080030287806
224.67149141455008
224.75558272804733
224.75558272804733
225.07005537503306
225.07005537503306
225.29997148885812
225.66083926361156
225.66083926361156
226.16382693918288
226.16382693918288
226.16382693918288
226.20808006599017
226.59001849045464
226.59001849045464
226.59001849045464
226.59001849045464
226.59001849045464
226.91155005626385
227.17418148638848
227.17418148638848
227.30938282404423
227.30938282404423
227.46186632786672
227.5365927590468
227.5365927590468
227.58702800960566
227.81659253541986
227.81659253541986
228.02105855642893
228.02105855642893
228.2932081645917
228.71300067986184
228.91458754198874
228.91458754198874
229.19756534785768
229.45520206837602
229.9680779566171
229.9680779566171
229.9680779566171
230.12440800496742
230.60122479297186
230.95302258389916
231.18786138094856
231.18786138094856
231.18786138094856
231.48853922233695
231.77420577517694
231.9950085038148
232.22074756800936
232.22074756800936
232.2984113925327
232.32337186647018
232.5146377898272
232.5146377898272
232.54490218058785
232.54490218058785
232.54490218058785
232.59380557530557
232.59380557530557
232.7335671298595
233.0562924202377
233.362139535172
233.362139535172
233.46501646112725
233.919609112385
233.919609112385
234.1265852748566
234.4449999138094
234.54311812956146
234.6400246979668
234.9607012558234
234.9607012558234
235.09841020252344
235.09841020252344
235.6889856577768
235.83896296181356
235.83896296181356
235.83896296181356
236.21169230327297
236.46289347168
236.56719577247677
236.7597119072906
237.16106897374294
237.16106897374294
237.6334313765788
237.6369602974886
238.11025296907619
238.14344846951528
238.14344846951528
238.5368259426466
238.56085901061275
238.5850387707009
238.65110192970508
238.65110192970508
239.106733310117
239.17975453394942
239.2921763917246
239.44686261199766
239.48947950164825
239.59768918019304
239.76641578304694
239.8673527252723
240.26719078606675
240.439668846386
240.76735945582004
240.77157885712163
240.79838340933983
240.94805633171492
241.22950212168047
241.22950212168047
241.24274876469642
241.30586645714789
241.30586645714789
241.66713406965928
241.66713406965928
241.81011595403945
241.81011595403945
242.2801423688243
242.5417409376277
242.5417409376277
242.66702010758695
242.66702010758695
242.94322323295253
242.98386208325644
242.98386208325644
243.28280272090265
243.37594967420478
243.66724331380482
243.66724331380482
243.66724331380482
243.90170260163012
244.3771734582034
244.81896973808463
244.8884445755069
244.8884445755069
244.8884445755069
245.44969136025742
245.66800229559874
246.24867615841936
246.31837092522272
246.31837092522272
246.58119216379728
246.58119216379728
246.887623082296
246.887623082296
247.59151310770153
247.96780950393168
248.2739414749644
248.2739414749644
248.605609175723
248.69030877937942
248.69030877937942
249.26563055115227
249.80181649995956
250.15089291759844
250.15089291759844
250.43485290478202
250.5206800795193
250.89478605945553
251.08365143136982
251.56042201618743
251.99121728375692
252.00993872552976
252.13526399885436
252.7924270095816
253.24778367399827
253.75548039455848
253.96533617401815
254.2276342247436
254.36851663978044
254.90239960557602
254.96574061951938
255.24806322929263
255.62107151570865
255.62107151570865
256.00069600571067
256.0656112800946
256.0656112800946
256.0995731692939
256.63312550638443
256.8348511196424
257.13757487784164
257.4887540245334
257.7310881317465
257.857350097286
258.0535120456765
258.0535120456765
258.0535120456765
258.06242915478384
258.6311991288647
258.97042218309895
259.46126665196175
259.6163887098727
260.0101022298374
260.0101022298374
260.0101022298374
260.1117591126226
260.1117591126226
260.3452198766206
260.6820338308334
261.1715699191041
261.98400441684186
262.1830618266291
262.68268365745513
263.5785274905491
263.85825450838104
264.2246389142844
264.5999681248538
264.9100164494538
264.9100164494538
265.01279444345306
265.68677319578654
265.89398157777384
266.3659432984558
266.3659432984558
266.83722379676135
267.4150032384528
267.4150032384528
267.4151293967337
267.65934054659704
267.8052377695121
268.16942765529126
268.16942765529126
268.2957297027299
268.2957297027299
268.5064358257572
268.5064358257572
268.7543263373184
268.7543263373184
268.8300020382412
268.9735255869756
268.9735255869756
269.2368930878042
269.2809446374987
269.2809446374987
269.6062413582881
269.9835420793296
270.35829655503574
270.8726258294989
271.0463325664149
271.0528480180123
271.0528480180123
271.5959235420178
271.61467553648816
271.79071528932326
272.47874412886307
272.68896164917874
273.06776657679336
273.1720722340272
273.45097192706396
273.74524602087587
273.92364774891627
274.1362142048812
274.20105911625825
274.20105911625825
274.3941335318984
274.9165587948976
275.1685585567574
275.5333112207486
275.6789158267123
276.0129939602743
276.08548822441463
276.299618230975
276.3869491239608
276.7500585019356
276.7500585019356
276.7500585019356
276.7500585019356
276.7500585019356
277.17892768640286
277.5861518889463
277.60507326373755
277.64186796029395
278.04034266680384
278.2825879314197
278.2825879314197
278.39211207174003
278.4551750503927
278.4551750503927
278.4551750503927
279.3168208794694
279.66457775112536
279.6744585206845
280.3584356564517
280.606684064286
281.3405854836171
281.4490244898738
281.502192928923
281.502192928923
281.8932932561518
281.8932932561518
281.9685010999541
282.3287578304996
282.3287578304996
282.98028715178634
282.98028715178634
282.98028715178634
283.3878834066319
283.3878834066319
283.8557994996227
284.064444460669
284.55041055362335
284.76739681225405
285.35108544488025
285.35108544488025
285.62628086159515
285.764490274228
285.99017519575835
285.9959589425508
286.5056994458759
286.668087895016
287.19376289961536
287.6889252665886
288.1465308692199
288.4361602739212
288.4361602739212
288.99502960430857
289.6159484337961
289.6159484337961
289.8282524398588
290.25243792814285
290.77555348684905
291.22336806322505
291.6017407539333
291.76463764110923
292.0816427066781
292.4285653268361
292.43612363886103
292.7157757967644
292.86725511936015
293.0884512503124
293.0949753016866
293.3873739663884
