0.5231968407377336
1.1611590313809155
1.31939509160902
1.8739458680594447
1.9706961173114355
1.9706961173114355
2.006663969815005
2.2078596784520013
2.519993659113806
2.8102879839771564
3.1493957904712317
3.1493957904712317
3.2187350030912802
3.4430567638633014
3.4430567638633014
3.541771445193161
4.130049056148379
4.653456717285201
4.862225216698677
5.168163644983459
5.608661054070953
5.608661054070953
5.969276149431744
6.103693797237017
6.321491365796812
6.33590005886031
6.750124825129036
7.127706839610106
7.506214463068129
7.88352788467804
7.88352788467804
8.15187894888894
8.52967268177966
8.52967268177966
8.773554888985027
9.0095951253347
9.0095951253347
9.367709663439005
9.427811895487118
9.696199713498995
9.788199509189985
10.227128022072137
10.463029362520805
10.745820426775698
11.119500100940693
11.48391702233709
11.48391702233709
12.010165731249185
12.425097093605125
12.76434900300229
12.959264610983553
13.403871509044643
14.05045699818013
14.133605435460892
14.514516454226333
14.855157199316583
14.992693837604168
15.171940007557453
15.772679592221033
16.370884420029572
16.644445417079133
16.889686733049775
17.218004239695947
17.218004239695947
17.678198785647933
17.996446704082587
18.322110059675694
18.87538268485473
19.2161151418484
19.43296500665458
19.69690919877381
20.035519943503264
20.492319357468737
20.765959291315827
21.228734694150997
21.629685335482996
21.683561067178278
22.042379766929823
22.303753603535707
22.66478573343544
22.743563546398555
23.14171928588659
23.626135768945932
23.868640904230325
24.208049598118972
24.44779238416245
25.32827389944031
25.621480928961823
25.904325975713743
26.032171017024954
26.167269027970544
26.646348614748923
27.00638916847649
27.549431807224614
28.077530018613878
28.17282228020375
28.57331534769747
28.77357304216779
29.375688271521902
29.515482970274807
30.06720581289572
30.523871991212022
31.12529101670672
31.50385625164668
31.793493162934837
32.31926618971459
32.31926618971459
32.51114124386362
32.55567124524741
32.850587344791585
33.07691180978059
33.07691180978059
33.29890146536827
33.602653837749294
33.624301322534976
33.624301322534976
34.02944539256343
34.222692963747775
34.44822554237555
34.70665669400289
34.87291283195231
34.96809884316082
35.26547212066967
35.49398554565504
35.67345593227894
35.67345593227894
35.94311130712141
36.2984323754972
36.41133534888086
36.41133534888086
36.54473494387179
36.54473494387179
36.56295900490207
36.56295900490207
37.112268146990964
37.40671596812947
37.47496980169798
37.63939121565383
37.68602288136542
37.87987793201648
38.18310731396701
38.42429023565808
38.54387175316949
38.85016327939648
39.13071821191719
39.13071821191719
39.26488960013952
39.70243638518816
39.892344801585196
39.97211240967677
39.97211240967677
40.228699602173485
40.50259908314902
40.50259908314902
40.57416335612291
40.739349248934964
40.81359612216742
40.9720976081147
41.202872858328945
41.202872858328945
41.29834461376108
41.39384475435327
41.56715307133294
41.56715307133294
41.8461357166953
42.130850884999404
42.130850884999404
42.130850884999404
42.138134203690115
42.544872562223716
42.544872562223716
42.61980973477036
42.77060651925233
42.83634497208468
43.10607145361565
43.13349804545026
43.34418457120805
43.41608611618498
43.41608611618498
43.486130921406655
43.65851141056152
43.76812896268923
44.02385490987205
44.02385490987205
44.1950455986885
44.1950455986885
44.37107303350238
44.37637049494615
44.37637049494615
44.37637049494615
44.53071024714147
44.811852387476286
44.811852387476286
44.98770006161993
45.40587647078549
45.52244299110399
45.67450922597222
45.806876676820586
46.08216835272349
46.43749906416753
46.63054646223104
47.0690381108702
47.223583807578834
47.63044803538368
47.63044803538368
47.73702800577208
48.00207333658693
48.188678826332215
48.188678826332215
48.470114646115896
48.566145547039035
48.566145547039035
48.66050680099862
49.292809672663964
49.572325926825066
49.736041839824196
49.87310257228594
50.316761409297754
50.51122768253674
51.06000956281221
51.2262706799631
51.2262706799631
51.23169657138922
51.42168512157331
51.42168512157331
51.61292918736396
51.680635491459036
51.89526737059521
52.39081669626395
52.55831693964849
52.656473157884975
53.21430126137191
53.21430126137191
53.21430126137191
53.65392844338865
53.65392844338865
53.95074232447764
53.95074232447764
53.95074232447764
53.971656356812325
54.063854986106165
54.063854986106165
54.34738343769091
54.500260219560374
54.65453621509203
54.77453448629539
55.14824450857031
55.615643245226536
55.956334718864355
56.19607303544807
56.26874449179066
56.26874449179066
56.26874449179066
56.27801745890168
56.27801745890168
56.38953408470004
56.38953408470004
56.38953408470004
56.752887320878884
56.76476613236188
57.0524910418568
57.0524910418568
57.29141424709467
57.64049128988667
57.900788450273886
58.14568136303768
58.27136102137161
58.63098136908414
58.7377681621822
58.99825230319501
59.23217268204632
59.46174484259897
59.4852068928711
59.723894977827605
60.20158576281889
60.3203323394548
60.3203323394548
60.360774900677974
60.58670883143037
60.96639895185262
61.24860806577491
61.24860806577491
61.55519124008091
61.7453429636692
61.96502734181664
61.96502734181664
61.96502734181664
61.96502734181664
62.11834347823197
62.2064873020103
62.23281040401604
62.546033322919705
63.04823247843592
63.20108035753615
63.48824484917983
63.93052954154511
64.06781009256821
64.4301138119874
64.4301138119874
64.52261988726224
64.91566542958023
65.32505474244402
65.64003899834279
65.64003899834279
65.97819929838238
65.97819929838238
66.40897981804487
66.45116402238384
67.11344059045649
67.11344059045649
67.62182761669663
67.8602026695503
68.27190777448327
68.27190777448327
68.82362721820968
69.1452849739084
69.1452849739084
69.1452849739084
69.286088064685
69.55497276854062
69.76329018942852
70.23936484075732
70.23936484075732
70.4303523840609
70.86151719002736
71.06849880789736
71.35581021114359
71.51292710909554
71.84495198333488
72.08827793225376
72.65874984487812
72.78658947472837
72.79589045505054
73.1236514494183
73.1782492584611
73.28962063543061
73.56435718845194
74.02749812379552
74.34676690178695
74.55884383754582
74.79446294312534
75.05941049652549
75.33266065949586
75.74332479793121
75.78078652001679
76.00956065663821
76.00956065663821
76.27687839828408
76.83397854712553
76.84205862115327
77.14552188222177
77.14552188222177
77.30629785946762
77.34900566566537
77.78250855631848
77.84128045759344
77.84128045759344
78.26783306735724
78.57691871868126
78.79761987161599
78.79761987161599
78.79761987161599
78.79761987161599
78.996556603049
79.23068979613505
79.35060822960932
79.35060822960932
79.50089442971928
79.50089442971928
79.58469668537876
79.62305075705851
79.67532904545217
79.76104639181979
79.76104639181979
79.76104639181979
79.76104639181979
79.76104639181979
79.907805922402
80.10418745517978
80.46175282162186
80.46175282162186
80.46175282162186
80.4760802885766
80.67152144010973
80.99526061534218
80.99526061534218
81.06792218242164
81.17541574253438
81.17541574253438
81.21380306813381
81.7244832431875
81.98736868095433
81.99092832440454
82.18922439540306
82.18922439540306
82.18922439540306
82.37682855515557
82.37682855515557
82.37682855515557
82.43943593711127
82.64409771031065
82.8525003049891
82.95993078161477
83.37561443337016
83.4403270961699
83.51521866588172
83.63062211564848
83.63062211564848
83.63062211564848
83.63062211564848
83.63062211564848
83.6917846096068
83.6917846096068
83.6917846096068
83.6917846096068
83.88006129400473
83.88006129400473
84.16290344370512
84.33514445239852
84.33514445239852
84.55654008707224
84.55654008707224
84.93320257590295
85.28564035356213
85.28564035356213
85.44130393026019
85.44130393026019
85.5211302079894
85.82810980785003
85.9800118942379
85.98187929287951
85.98187929287951
85.98187929287951
86.2197853934158
86.2197853934158
86.2197853934158
86.41769900920396
86.41769900920396
86.41769900920396
86.41769900920396
86.82957199644243
86.92195633172832
86.92195633172832
87.08860573856093
87.12055820416475
87.21205628507704
87.21205628507704
87.34411306851422
87.51941504798887
87.51941504798887
87.64791490322143
87.86859684837982
87.89490603958079
87.89490603958079
87.89490603958079
88.18691033332361
88.18691033332361
88.62694947463059
88.83138528887332
88.96750287423595
89.12912305229061
89.16259224362423
89.34458735377632
89.4919189686724
89.65442826550081
90.0578210250906
90.27045921248764
90.46781134395415
90.54947543971424
90.61517602345688
90.66235339727201
90.94200939751721
91.324960635194
91.73063465300835
91.83605295287873
92.01822648599976
92.2170392414468
92.2170392414468
92.33321374394043
92.45730086886641
92.45730086886641
92.57331534442419
92.70708985466163
93.11781640516888
93.25107630631615
93.25107630631615
93.25107630631615
93.43506752159296
93.46100231138038
93.51927357799381
93.51927357799381
93.58964005792785
93.58964005792785
93.93834467977112
94.04213942118162
94.13986705683566
94.13986705683566
94.38297335011052
94.83778274363415
95.17475248539604
95.17475248539604
95.2528946983029
95.44047874295404
95.48202756439346
95.5712689758825
95.5712689758825
95.81564860509275
95.81564860509275
95.81564860509275
95.81564860509275
95.81564860509275
96.00845178535742
96.09336548797425
96.27560648925366
96.3168739642829
96.3168739642829
96.3168739642829
96.3168739642829
96.55522759494696
96.55522759494696
96.55522759494696
96.55522759494696
96.55522759494696
96.55522759494696
96.6244778934189
96.64092491175646
96.75222172680331
96.84140609799462
96.84140609799462
96.95262491520297
96.95262491520297
96.95262491520297
97.31522910480118
97.35043866194329
97.35043866194329
97.35043866194329
97.35043866194329
97.5251969421974
97.77372785999155
97.77372785999155
97.77372785999155
97.78515060874692
98.03606934390793
98.03606934390793
98.19803456225252
98.20394137545244
98.20394137545244
98.33830884848936
98.47161383894012
98.47900631836842
98.52596952933888
98.60495916530019
98.63716236615394
98.70948645309421
98.95807793713989
99.09585044848328
99.28207735622853
99.28207735622853
99.28207735622853
99.32502745564938
99.35711962666515
99.46560495061178
99.64376389512215
99.64376389512215
99.79808310707415
99.79808310707415
99.88914107869421
99.88914107869421
100.18739126269708
100.18739126269708
100.18739126269708
100.34326777886342
100.36109702190839
100.36109702190839
100.36109702190839
100.36109702190839
100.36109702190839
100.36109702190839
100.36109702190839
100.5545014055247
100.55914153727078
100.55914153727078
100.55914153727078
100.60682033019587
101.03668005619264
101.32241392217679
101.6025347131739
101.6025347131739
101.6025347131739
101.8518253182308
102.14198085098431
102.14198085098431
102.40736895585144
102.43107210255374
102.61427726764039
102.78073123795778
103.15144224310151
103.34521117291372
103.34521117291372
103.53747308626525
104.04525867203085
104.36386690259864
104.50919344442853
104.8897292140415
104.96712834622973
105.3798328506036
105.77567860701303
106.0878336899753
106.2042844119253
106.2042844119253
106.2061992819899
106.26623202710743
106.49267871032396
106.75757061236371
106.75757061236371
106.75757061236371
106.75757061236371
106.75757061236371
106.93813301177529
106.93813301177529
107.03706825449625
107.21516253385487
107.2534203501526
107.2534203501526
107.28596526552253
107.41535533660961
107.6366498104325
107.93413893976111
108.02042331471375
108.26514509326863
108.37755362930727
108.75274554191647
109.01173571703906
109.0962734646086
109.0962734646086
109.29920826357795
109.91270247585764
109.97301895231554
109.97301895231554
110.16826173669894
110.16826173669894
110.24441612262811
110.42891644882653
110.75510253115947
111.21983793391186
111.51555605366192
111.80629506158766
111.9083592661053
112.1381145021032
112.1510201478517
112.1510201478517
112.21542037714039
112.66890609229436
112.66890609229436
112.80619149528397
112.83568150549178
112.83568150549178
113.1375928505785
113.38755307000093
113.38755307000093
113.4561862920893
113.77728489899604
113.87013726481604
113.97233962460669
114.11747384910537
114.14627056424966
114.14627056424966
114.14627056424966
114.14627056424966
114.14627056424966
114.30124582238908
114.57733998328584
114.74220066101812
114.86971739366514
114.88146772588333
114.88146772588333
115.18034386882286
115.18034386882286
115.4779827736212
115.56998835480651
115.78198056842913
115.78198056842913
115.97611258785278
116.4420563257876
116.54334307064666
116.69557933063373
116.95419546445514
117.07759571645266
117.07759571645266
117.07759571645266
117.07759571645266
117.15916189242527
117.20982277630898
117.20982277630898
117.2579828508144
117.2579828508144
117.27084262698183
117.57197152598737
117.87815843399213
117.99477275747209
117.99477275747209
118.07877516930985
118.07877516930985
118.20005009222194
118.29124408423156
118.39531222909298
118.51251777402935
118.51251777402935
118.5501147075866
118.88108298155632
118.92882416224616
118.92882416224616
119.16983612700677
119.28725439677247
119.4226276201963
119.4226276201963
119.62027324050915
119.62027324050915
119.84340508085234
119.93486789808864
120.06434059366414
120.17861715088493
120.24676177335591
120.29424993601899
120.29424993601899
120.29424993601899
120.54669359785889
120.54669359785889
120.60257667092557
120.60257667092557
120.69962656324593
120.8157972663621
120.9500031213928
121.18677944943867
121.23544576457104
121.23544576457104
121.23544576457104
121.23544576457104
121.23544576457104
121.24726579294837
121.28603204535395
121.28603204535395
121.43949708922887
121.43949708922887
121.43949708922887
121.72004187569475
121.78271925474503
121.86024379195102
121.98827182589842
122.19422186434542
122.30843573357907
122.30843573357907
122.3433842760987
122.3433842760987
122.47403692606296
122.5767461684521
122.66313423545331
122.7498620722412
122.76799997367974
122.76799997367974
122.76799997367974
122.81011786374866
123.11266097802647
123.11266097802647
123.23441401843527
123.35022545262106
123.52096990845881
123.64592127011396
123.64592127011396
123.64592127011396
123.64592127011396
123.68214453485906
123.68214453485906
123.68214453485906
123.68214453485906
123.77723280757982
123.77723280757982
123.85805510952108
123.97686574934339
123.97686574934339
124.52106814633315
124.58419006651168
124.58419006651168
124.85229304457653
124.85229304457653
124.93593387547918
125.03910640345977
125.16778341963328
125.16778341963328
125.16778341963328
125.16778341963328
125.30232789215634
125.31320924429745
125.31320924429745
125.57690809063071
125.57690809063071
125.68932841058867
125.88471574884393
125.88471574884393
125.88471574884393
125.90620097258905
125.90620097258905
126.10340949619483
126.10340949619483
126.28463125183566
126.28463125183566
126.28463125183566
126.29906019673815
126.29906019673815
126.33155604518969
126.33155604518969
126.33155604518969
126.33155604518969
126.39167137619441
126.54358870768573
126.66381467247108
126.66381467247108
126.66381467247108
126.9332190246536
126.9332190246536
126.9332190246536
126.9332190246536
126.9332190246536
126.93394818768896
126.93394818768896
126.96335151407959
126.96335151407959
126.96335151407959
126.96335151407959
127.12445374807538
127.41961448164389
127.53209610247741
127.53209610247741
127.53209610247741
127.53209610247741
127.59358791325212
127.59358791325212
127.59358791325212
127.59358791325212
127.59358791325212
127.59358791325212
127.59358791325212
127.75397374613217
127.9531843549161
127.99037371177867
127.99037371177867
128.1461835930949
128.32663200097585
128.32663200097585
128.58084395007543
128.58084395007543
128.58084395007543
128.6641702917657
128.67982306025985
128.71226380057783
128.79481911790228
128.82739027737694
128.91692241170682
129.02576739051693
129.29533542580586
129.33692538058747
129.34015781244958
129.34015781244958
129.34015781244958
129.45112472055106
129.53894496984162
129.53894496984162
129.5470404393439
129.65999977963006
129.78698117062814
129.78698117062814
129.85924893757274
129.85924893757274
130.02216057789164
130.04017133436182
130.0918580825747
130.31641309535263
130.31641309535263
130.31641309535263
130.41100982662664
130.58044869003464
130.73024962732322
130.76393769426596
130.78886683490822
130.84394951670205
130.84394951670205
130.84394951670205
131.1897846446413
131.1897846446413
131.1897846446413
131.30044545720398
131.33147531092513
131.33147531092513
131.35194757117208
131.35194757117208
131.35194757117208
131.4562929973695
131.4562929973695
131.55393392394268
131.57158071749325
131.57158071749325
131.76557322955514
131.76557322955514
131.87229555972826
131.87229555972826
131.97709211999657
132.03999454989102
132.08252938372908
132.08252938372908
132.08252938372908
132.08252938372908
132.15988711111072
132.15988711111072
132.15988711111072
132.19557493818425
132.20787550505574
132.20787550505574
132.20787550505574
132.20787550505574
132.4775894897593
132.4775894897593
132.4775894897593
132.69924368499397
132.76473919848937
132.76473919848937
132.94384856471714
132.94384856471714
132.9892899204602
133.04137931429943
133.08080926735647
133.19365997229167
133.19365997229167
133.19365997229167
133.25631337253975
133.25631337253975
133.31489066117877
133.31489066117877
133.31489066117877
133.31489066117877
133.31489066117877
133.36183277224032
133.36183277224032
133.36183277224032
133.36183277224032
133.38809699498216
133.43940195562462
133.44238213831082
133.44238213831082
133.44238213831082
133.44238213831082
133.44238213831082
133.4537338260608
133.4537338260608
133.4537338260608
133.4537338260608
133.4537338260608
133.4537338260608
133.4537338260608
133.48420213690488
133.48420213690488
133.48420213690488
133.54511308307116
133.55917957871395
133.55917957871395
133.59227707676496
133.59227707676496
133.59227707676496
133.59227707676496
133.64669739468337
133.6865670206688
133.7251602679382
133.75073458850326
133.82122865377437
133.82122865377437
133.87141179907795
133.87141179907795
133.88847589957015
133.88847589957015
133.98238867978895
134.07001158318386
134.07001158318386
134.07001158318386
134.22509744789627
134.22509744789627
134.22509744789627
134.22509744789627
134.2306076110876
134.30073417506344
134.40246555285756
134.40246555285756
134.40246555285756
134.40246555285756
134.40246555285756
134.40246555285756
134.40246555285756
134.40246555285756
134.53337777253012
134.53337777253012
134.57809583449517
134.65269713060445
