0.08585002340454229
0.4856974938447559
0.6596638604566684
1.0218741133443678
1.2259456483211928
1.4808019497301546
1.6777448114419689
1.8248210238721299
1.9764231870293363
2.2950961724627836
2.981557592248821
2.981557592248821
2.9972968926450094
2.9972968926450094
3.3781653684387987
3.3781653684387987
3.3781653684387987
3.955178368013257
3.955178368013257
4.518238375188746
5.005091833741091
5.461720757724518
6.058575181695248
6.211342383379919
7.100263251554141
7.435786247648727
7.617255580729726
7.693209055226442
8.05269853705946
8.407631626724607
8.684496751053313
9.083845342466498
9.486285080995165
9.641429074433026
10.039333625497747
10.493345383543156
10.734339781680884
11.217405044670866
11.268396531642832
11.90436559769746
12.383023752160973
13.035092380375277
13.337938671014674
13.54791778534824
13.893522869479796
14.543104194733825
15.049944118798823
15.721584080234754
16.154373241998524
16.532268632999436
16.935576645183616
17.29993859677785
17.62334294322161
17.848582279180444
18.577364601481484
19.359881859506118
19.947195487748363
20.857085303710075
21.27288612669843
21.599085530993076
22.076241261337167
22.408536768543627
23.06732863635767
23.728189640544468
24.370100435132546
25.087157755803748
25.601786997852088
25.92713571243022
26.60190799622286
27.193387612906495
27.798646657002767
28.13167398926082
28.730974617755955
29.165025396499406
29.848039226229734
30.446250931004464
30.951455121442788
31.672862411772524
32.335490727427306
32.67432069105764
32.800543995708935
32.998881977785025
33.37839851339869
34.03326795691677
34.5265409335972
34.862030934262386
34.8970622174773
35.4690561106605
35.8038051640346
36.60659191627648
37.18011234521046
37.72122750191153
37.98141239546876
38.02739603770705
38.93083391822917
39.31473029040699
39.768684088991684
40.29955664203823
41.057146595524905
41.334013188026724
41.74301543621347
42.07622831223741
42.78371563539074
43.16554541069039
43.89082748507739
44.35605051280269
44.78441487218805
45.26528713609663
46.04147962578632
46.61493826068587
46.960430906298974
46.960430906298974
47.2693502723863
47.47605959293759
47.68103281993622
48.05770212929974
48.05770212929974
48.12525100446756
48.71020391809699
49.42148116027918
49.84861574938203
49.84861574938203
49.84861574938203
50.108210033006145
50.34510425653716
50.8972622635166
50.8972622635166
50.98997400261809
51.219820707448264
51.415053797994624
51.54844614636908
52.069891398185106
52.37925566721807
52.81067832193209
53.12112222000229
53.366308125819806
53.75795944297897
54.20087290636355
54.41418850161505
54.97421505604649
54.98442728195691
55.58613743881109
56.08633138280292
56.61657553356571
57.22626792340854
57.65544571658014
58.276675792428726
58.276675792428726
58.81521374785117
59.111320422105344
59.111320422105344
59.64081887610727
59.64081887610727
60.127747722697556
60.36200768517605
60.61879454979879
61.041407417971605
61.34128838770353
61.34128838770353
61.566836052470016
61.656168421718355
62.42836685278303
62.674014770849496
63.09924998238553
63.53551786501878
63.72715990206638
64.3893836809615
64.66192763523934
65.15238052168961
65.54351401509264
66.04101601461518
66.75585623335495
67.16298929525014
67.57445795408958
68.20383604193405
68.91020413559481
69.26232916531089
69.63877988441165
70.00442006726811
70.69516703586261
70.90260221183718
71.48040996601611
72.14109842030132
72.96768749962106
73.5286996611905
73.86265532752111
74.39452511335071
75.16817608233958
75.23027925065028
75.32944151779927
75.99363810973374
76.84740808717831
77.45229007336408
77.99726445106958
78.2794283817461
78.8471159153142
79.07392791675912
79.31700929555569
80.13279897303914
80.5346194002092
81.19457793774919
81.41416572255643
81.53834605821574
81.87623523159061
82.39917554713323
82.71702836303245
82.9296133033563
83.47696986551811
84.2675423103906
84.94544578165966
85.06223717099203
85.32368609230426
85.53791986670825
85.53791986670825
85.74469566778981
87.0269296029204
87.54585502086566
88.199831946701
88.199831946701
88.58391959606685
89.13027512357868
89.66417112833535
89.66417112833535
90.01578074238023
90.67985307349325
91.13487093912977
91.24224570372975
91.43428914505407
92.21963472645973
92.63296665905263
93.29160239372904
93.82836650246774
94.26094211124096
94.98264842400577
95.5988994306716
96.0175612602617
96.39150119051386
96.57149539246645
97.09622679792363
97.67769435174367
98.10670278887824
98.32935056747804
98.73196940975481
99.42089313663504
99.9731079781955
99.97675222100243
100.27637908315889
100.58405998330568
100.58405998330568
101.29074664006347
101.55430749854379
101.70325852432988
102.16583722472782
102.45469642529898
102.75404227545167
103.21704934479432
103.62269747365606
103.90771070743408
104.21452908273821
104.21452908273821
104.31331132964957
104.88235978041324
105.4605841778538
106.09408456319858
106.5882343546313
106.876438076583
107.35312316365581
107.54208150519845
108.01678131693652
108.37706452411153
108.68304187811317
108.68304187811317
108.89362254323203
109.34129351883051
109.54565050923297
109.74690705617633
110.55352980341088
110.73547047437275
110.89626933646147
111.24005635621705
111.58427127210994
112.07783387561015
112.42391677185927
112.79569042220076
113.16381817689161
113.37131235642849
113.53517079517768
114.01851759693437
114.49829663966023
114.72853372190146
115.07669268996588
115.51355491357661
115.51355491357661
115.71434249661078
116.17321461830304
116.35740200619686
116.50361231627969
116.67279235125135
116.80507043202007
117.1240384811778
117.38758937445978
117.58735841804307
118.33432803171915
118.52600699006915
118.52600699006915
118.52600699006915
118.52600699006915
119.02286261224548
119.33498314562775
119.70869646995774
120.26361809557854
120.56856959735907
120.84170134758008
121.50930390565685
122.12326796095225
122.63647293507836
122.63647293507836
123.02101459527701
123.20436223363657
123.78832767807793
124.30339250605053
124.96733353569442
124.96733353569442
125.49354548257001
125.88186292984332
126.11444312523533
126.11444312523533
126.53209604344856
126.72305773392951
126.97820780268526
127.30271030059943
127.68890903622305
127.81912987082511
127.82586709285287
127.89148812332118
128.48820195015978
128.51475371411493
129.44306768048625
130.11633231496626
130.35833375177035
130.35833375177035
130.38190348262128
130.75103214783567
130.75103214783567
131.31965871574403
131.6224983454409
131.86506898002412
132.23401927567798
132.9071332906452
132.90834976051966
133.66169475331483
134.0794469045987
134.22975399360402
134.3429219719267
134.6031157175695
134.79972751811076
134.79972751811076
134.91898448284442
135.133004620804
135.2695266352637
135.87722337628605
136.03157795289167
136.53423846505356
137.1409989908633
137.21375385408984
137.32112637295256
137.5164475078326
137.8911242916761
138.02738734980798
138.06310216958613
138.46732442589845
138.5573662489404
138.9046708147475
139.1945522313083
139.4658761020579
139.6454979475777
139.8816430893817
140.22997807389444
140.58603677711767
140.98842331152997
141.13325451438428
141.29937177524744
141.69026605931737
142.04446346435012
142.04446346435012
142.4043494241465
142.80126991841612
143.1895846816005
143.8141501153217
143.84251921032327
143.8796609084975
144.35915350306226
144.67260830161615
144.67260830161615
144.96423413066617
145.17353709278098
145.17353709278098
145.4146612473825
145.61796521920485
146.03829401453154
146.3631566673367
146.49934603736955
146.67307160130304
146.7707964552076
147.15696965371265
147.33745843332844
147.52024549710268
147.64008754739876
148.02838282860884
148.09529412369452
148.38506220108346
149.12139959199035
149.12139959199035
149.65163194310398
150.22253067885248
150.35538644997632
151.11009608050375
151.4325136816246
151.8876199016638
152.0621180168937
152.61420583060732
152.91175648113858
153.42715034378128
153.4850135260546
153.67226497277332
153.67226497277332
154.0067139685994
154.5084577068523
154.58578848770352
154.73054247254578
154.96312608993924
155.17397430370272
155.7646594684511
155.87537996413892
156.22034415220466
156.22034415220466
156.44797548980978
156.80886747474645
157.2447425653604
157.71437908341807
157.71437908341807
157.78862538659484
157.78862538659484
157.81036908634545
158.28587677599347
158.28587677599347
158.47802219837104
158.6259327612038
158.74391986219715
158.99137539683431
158.99137539683431
159.32776616602737
159.52814721019948
159.52814721019948
159.6514874692108
160.03016400387517
160.3002860596968
160.98184745111007
161.19848965414565
161.60700791936026
161.60700791936026
162.0785835025585
162.4850047843905
162.72819848768933
162.95916855587063
163.43306633507586
163.43306633507586
163.90028614640138
163.90028614640138
164.28071778497667
164.90588342505933
165.48338198963296
165.56541312042117
166.3880538282392
166.72953418989107
166.99128776715304
167.52832296789148
167.78725614250936
168.0650033655408
168.574991753194
169.1938695145718
169.2250985993674
169.33068003883204
169.8562804707512
170.32175556237567
170.62980427877773
170.96215736295864
171.0749487206541
171.2462570469297
171.7076129458006
172.0622942979484
172.63426855908037
172.7503538098628
172.9263614962667
173.02227193007292
173.32045457074426
173.77375694430708
174.24588920074697
174.85212743009237
175.0294825953764
175.0294825953764
175.50869448361675
176.00522474945973
176.44826594993296
177.01773461429963
177.66909560560129
178.30875492313103
178.35865452077346
178.41810867543845
178.6850353753423
178.9670829806625
179.14689463745086
179.33546362025078
179.71721750679276
180.12894702228596
180.42814101257602
180.9723078250268
181.488312601432
181.66277546295635
181.7299671977134
182.0043408815133
182.0043408815133
182.64232152818255
182.7759135001111
183.04699490903516
183.29313358095882
183.29313358095882
183.7111212687794
184.31480424141884
184.50949176018588
185.05099110915347
185.81378763496048
186.20879427242855
186.20879427242855
186.55740228229098
186.7453106083532
187.34796538843057
187.54667703568887
188.0109416239882
188.54223903599814
189.06960368286735
189.54453151586875
189.70346004961644
190.25473263626887
190.40093813404263
190.40093813404263
190.40093813404263
190.76075379978462
190.76277918446075
191.38634618142729
191.59817815516132
191.83013972372348
192.10314709315168
192.71013482914302
192.83351858187177
193.55225372745886
193.6164542634949
194.13488933528114
194.27181289750195
194.46083746423466
195.10256661582324
195.37600253371386
195.61894995283737
195.62461172461374
195.95361205726545
196.4982687712948
196.712349131043
197.22718347528738
197.80204659624357
198.15440458720587
198.92021416824122
199.0934385959157
199.59458072156445
200.01192233888406
200.66847647653424
201.1081682097027
201.37717768035606
201.94246817160527
202.47167897277885
202.47167897277885
202.47167897277885
202.49910912248168
203.25450171502666
204.13461414428727
204.24695379802128
204.3421086678211
204.80377955352085
205.0967589625783
205.50648524911674
205.76377667242645
205.8569125655002
206.31366818898164
206.5933774348265
207.0714956252609
207.20681085281916
207.20681085281916
207.20681085281916
207.39682722542898
207.4653327180867
207.61804717551044
207.70347787436435
208.3432799299771
208.42840199726376
208.42840199726376
208.71457251028465
209.16894938074782
209.91213566359232
210.37838431180592
210.99113845833938
210.99113845833938
211.38524330205115
211.80555184785158
211.90576850048427
212.36242149687925
212.43240995223044
212.70064003565628
212.99336458919416
213.1313640425797
213.42316980203057
213.77452375783923
213.77452375783923
214.03588929785897
214.28611971997344
214.52955697470796
215.11680709165847
215.13681656730878
215.47908626462606
215.48191009038248
215.75965276420598
215.75965276420598
216.00950345488633
216.24307281013924
216.27425580322313
216.5625323126227
216.91401849710599
217.02542976784468
217.36534499038933
217.67908181782175
218.05079462656207
218.37991277197824
218.72048344251147
219.2556023617171
219.2556023617171
219.9561759931585
220.04180059166472
220.04180059166472
220.04180059166472
220.39899592556537
220.54758939957935
220.54758939957935
220.88973654541937
221.190938746731
221.28337046164282
221.28337046164282
221.6956373525313
221.7934082686583
221.87750191478202
221.9445276755976
222.3368838063814
222.60519379480212
223.11357053401116
223.30219434065268
223.82780705350083
224.16081518005896
224.16081518005896
224.19702655360706
224.3682615825979
224.39275100965568
224.73002069604289
225.28142361365695
225.66219974002342
226.0320627899051
226.35671489663338
226.35671489663338
226.848644187794
227.19699024991888
227.34539843605302
227.34539843605302
227.34539843605302
227.69215639834337
228.02402000161166
228.0546910457973
228.0546910457973
228.30858394376756
228.35648875592233
228.35648875592233
228.55002616414137
228.73136729355124
228.92529502974705
228.92529502974705
228.92529502974705
228.92529502974705
228.92529502974705
228.99874631314592
228.99874631314592
228.99874631314592
229.15508770095923
229.15508770095923
229.55549758404
229.55549758404
229.63531432634895
229.63531432634895
229.63531432634895
229.66538462445877
229.9967044549169
230.01893294756186
230.13810401446236
230.4774412794166
230.70746245769266
231.1428648886526
231.1428648886526
231.48812870681374
231.9137820256576
231.9137820256576
232.38177750736315
232.4109513221315
232.52291614836588
232.65168246552497
232.70636067984367
232.70636067984367
232.8448711961904
232.8448711961904
233.17935306663747
233.58337963008336
233.58337963008336
233.65752191797003
233.69587993081848
233.78262059281738
233.834633501883
233.852602689594
234.1449783611323
234.6146221223425
234.7197973891587
234.7197973891587
234.7197973891587
234.9526404185561
235.1045488419906
235.28753993459608
235.28753993459608
235.72326035445397
236.10947166704867
236.53080669327113
236.53080669327113
236.80686332194892
237.18784600346893
237.41101840953206
237.77593973282103
237.80777034056334
237.80777034056334
237.81117352235768
238.23247284060224
238.23247284060224
238.3749375627008
238.3749375627008
238.77190639824337
239.1662637133808
239.61965244330042
239.76250216793454
239.99925686872953
240.02487682415776
240.06918091005207
240.12272115249715
240.12272115249715
240.3118875312749
240.3118875312749
240.31633474525128
240.31633474525128
240.31633474525128
240.39645902889035
240.59073204525322
240.59073204525322
241.1408962686793
241.4678020960767
241.4678020960767
241.4678020960767
241.83351470331434
241.83351470331434
242.11728988575965
242.28156755590544
242.28156755590544
242.28156755590544
242.28156755590544
242.5691089187604
242.5691089187604
242.67987301341464
242.71583209195887
242.71583209195887
242.71583209195887
242.94588355663666
242.9607670910848
243.22433037406932
243.22433037406932
243.22433037406932
243.22433037406932
243.5901483692059
243.6917728540483
243.6917728540483
243.88452427111193
244.0624256837135
244.20543192489905
244.20543192489905
244.2763018763717
244.5497768920478
244.5497768920478
244.8684727350914
244.8684727350914
244.8684727350914
244.9643253293368
244.9643253293368
244.9643253293368
245.29736497920902
245.5040551351181
245.50594515509462
245.50594515509462
245.5467119105082
245.5467119105082
245.79309504412134
245.79309504412134
245.8798042738985
246.34382906250246
246.46903375367833
246.66962270697826
246.66962270697826
246.98089747077992
247.01510077605732
247.01510077605732
247.34726952914679
247.4254490588172
247.599147836775
247.6292380649089
247.66529438537043
247.74186597926214
247.74186597926214
248.03059040658155
248.13450358013765
248.13450358013765
248.328806831792
248.328806831792
248.328806831792
248.328806831792
248.328806831792
248.37910567172904
248.37910567172904
248.37910567172904
248.56823445524694
248.56823445524694
248.56823445524694
248.74014196314337
249.18505272406017
249.2202396517288
249.2202396517288
249.3567875962468
249.7424407600985
249.7424407600985
249.80123471315446
250.16597188883782
250.16597188883782
250.3811401201237
250.3811401201237
250.3811401201237
250.41003208303567
250.41003208303567
250.41003208303567
250.41003208303567
250.56226610894726
250.56226610894726
250.56226610894726
250.56226610894726
250.84339150233225
250.84339150233225
250.84339150233225
250.9897261043944
250.9897261043944
250.9897261043944
250.9897261043944
250.9897261043944
250.9897261043944
251.00881669191187
251.00881669191187
251.06973353333785
251.3022367080427
251.3066602723301
251.52996531783717
251.52996531783717
251.52996531783717
251.5426330360142
251.5426330360142
251.5426330360142
251.60507645353476
251.68205153609534
251.6997161305904
251.72444702283207
251.7936779945183
251.8261005675881
251.98843906082791
252.0450682483148
252.0450682483148
252.0639895655063
252.1269815539511
252.19741065236914
252.19741065236914
252.19741065236914
252.3116848384095
252.3116848384095
252.36799681011234
252.36799681011234
252.3716048097404
252.51981101354997
252.61919600789835
252.88036369106084
252.88036369106084
252.97844927492682
252.97844927492682
252.97844927492682
253.53262170844025
253.53262170844025
253.65204076769865
253.65204076769865
253.72509492308023
253.72509492308023
253.72509492308023
253.72558799385786
253.9379155488337
254.22204148266243
254.2955291448269
254.62349634786952
254.75806429201836
254.75806429201836
255.01335729591418
255.13195591112165
255.13195591112165
255.2045409682676
255.2832259690654
255.2832259690654
255.2832259690654
255.2832259690654
255.2832259690654
255.2832259690654
255.56572095087748
255.56572095087748
255.6762298247483
255.68264610222516
255.68264610222516
255.8712643436998
256.1426279823861
256.4371579797774
256.4371579797774
256.4371579797774
256.4371579797774
256.52677428155374
256.56007190134943
256.56007190134943
256.56007190134943
256.56007190134943
256.68125207645414
256.68125207645414
256.7648245551348
256.90791664212844
257.2006278154671
257.2381508469272
257.3560527662044
257.3560527662044
257.3560527662044
257.6259203998202
257.6259203998202
257.6259203998202
257.7986227376247
257.83445707299904
257.84942987973017
257.84942987973017
257.84942987973017
257.96783478780003
258.2102109581746
258.2702451835051
258.6513724649819
258.6513724649819
258.89541838514515
258.89541838514515
259.1664358527841
259.3264145524311
259.5039874165216
259.5039874165216
259.5039874165216
259.5039874165216
259.6151037484082
259.6673408322321
259.6893385114392
259.6893385114392
259.6893385114392
259.8345082973959
259.8345082973959
260.05989856663973
260.05989856663973
260.05989856663973
260.05989856663973
260.05989856663973
260.1748760681101
260.1748760681101
260.23242494214713
260.23242494214713
