0.6262424088361594
1.0681177119798018
1.8405269274074039
2.4085877565686555
3.050508920474564
3.4883855930044074
4.456265278585693
4.864321037156092
5.372109156345582
5.883558031062172
6.5941660953824
6.69942815223718
7.195569709814681
7.463776064003693
7.89369526467879
8.608949982176682
9.318386423514834
9.92679172589805
10.346878590970514
10.459526691392039
10.663642971961401
11.350578870152127
11.982044083527244
12.45602385884956
12.98224175742387
13.61596842180874
14.249824286732391
14.996124314831949
15.483165454657794
16.245247597632776
16.893801045864723
17.546637731926324
18.263058676801286
18.83845172719267
19.447482550206054
20.1492666143351
20.693859653566015
21.258505613990717
21.688653646176217
22.28763442126813
22.88608127932534
23.541018068129283
24.158444816562717
24.73371948246749
25.427334033310913
25.9691562802403
26.56735967489911
27.14611608686292
27.87289464619344
28.644450506303777
29.36607195704864
29.95110169893107
30.707889244948323
31.27788387471767
31.98199882224477
32.75732221859235
33.39508244321532
33.98370383984275
34.40595811459012
34.91653097809795
35.34367326143149
35.59091087628068
35.994691714136145
36.56826479521965
37.40463355927239
37.78468497635108
38.37105833608158
38.97501877481691
39.52655219880938
40.144809023981026
40.32923257045553
40.89567224289076
41.394110579469555
41.682616337609886
42.286792200991314
42.78216712819391
43.21819573238734
43.66553526199388
44.21587082695141
44.64613154638594
45.046382729445504
45.64839842865705
46.23508249424378
46.696082402846464
47.250635674963455
47.76126007579833
48.167742846809865
48.83670093825854
49.380822141084955
49.77024075429443
50.50089994395522
51.12604183661751
51.8808728711369
52.303925728027224
52.83029523247309
53.444781460280005
53.444781460280005
53.71994644175021
54.42379557104453
55.003665862798364
55.60977630081378
55.830777580691056
56.400145873775216
57.129505771372116
57.408391168738426
57.778050776292346
57.83692961786217
58.61444884285173
58.75101476824259
59.01963235272173
59.611472353652054
59.90007531325084
60.35576461262515
60.70051346365908
61.126751329472064
61.75510569406887
62.108515663843775
62.30004310928461
62.877942499385206
63.62874546644745
63.62874546644745
64.01691890869647
64.37211707731929
64.77955360275264
65.22665781886819
65.54159878866149
66.00439002790985
66.27325023917669
67.25177929480456
67.49736026824618
68.06933034341299
68.34326682276732
68.63035331060281
68.99126846503364
68.99126846503364
69.36864480265515
69.7811445841225
70.3191078216305
71.00817450034938
71.4526512605358
71.80727412140865
71.82899435679923
72.25866658928086
72.42505392762293
73.05188367317841
73.36244039528019
73.43439400009729
73.80549157220986
74.05952564415894
74.54011405383102
74.97274577651743
75.3031914417095
75.3191277659647
75.67662478843025
76.28677642266706
76.70128301695665
77.07008940281763
77.82396573121099
78.37214006980496
78.71491486512492
79.17078005593632
79.46951589001858
80.01397753865804
80.56957957083081
81.00580152262361
81.37131970494929
81.74532292726275
81.98864321581608
82.28435480162644
83.03007003935438
83.22070066574139
83.85987995554284
84.64145680801609
84.84564064515035
85.03617403237592
85.48245976376396
85.81899900708939
86.07628618801718
86.72934428999206
87.38387998915404
87.64446634430175
87.92591188516361
88.38628037148908
88.7255135789692
89.43723916073026
89.61808529769941
89.93738702522536
90.39488371028506
90.39488371028506
90.83639762759265
91.25929324225251
91.44942768872554
92.09297651341325
92.77471813358382
92.96647714975357
93.90933896552708
94.75479842710384
95.29875501600827
95.76517678858335
96.12694364417861
96.74805929213706
97.18561635859595
97.47152644311902
97.83138138217167
98.49269302193109
98.79625176660136
99.25901894177736
99.95117900289888
99.95117900289888
100.41901981020399
101.01440286860729
101.60929808783177
102.00515212187176
102.43989666968574
102.79681384036802
103.09859512934159
103.8287230683869
104.38944107598385
104.67308818866064
105.1013239660426
105.57340446608349
106.10187943741417
106.37946556686349
106.63200289811667
107.11792551868696
107.63533152439769
108.29431650263652
108.64119843289431
109.04338714147978
109.66817829438578
109.7978654160567
110.16608069114653
110.81911014798264
111.1914842227322
111.53536039899892
111.84473042823583
112.10601188493953
112.45082453421745
112.76557592159605
113.47914688739681
113.84063403846181
114.76830778881154
114.84907720451466
115.08441321399908
115.3754118763609
115.78926449166516
116.40290196311403
116.72416013622203
117.46106799715373
118.128989346307
118.80976991337462
118.80976991337462
119.40054871468355
119.7172440894016
120.24395873536889
120.47198334737782
121.13532951172624
121.8776859170179
122.4040172573467
123.25219614835778
123.92720401657236
124.5383299863928
124.77334543783626
125.17716222895635
125.52434903657817
126.05240762095913
126.74417420138464
127.32650873984602
127.80497574567708
128.01560908531985
128.44464483582095
128.8393079955624
129.16738530079925
129.89918493257537
130.71254717183857
131.45827702560484
131.70134644506095
132.31601457108292
132.91447663142904
133.5407839269394
134.21597671145062
134.82796675803422
135.29032038854402
135.59135501761065
136.16938758564905
136.82324271040403
137.60470547988345
138.36670703437008
139.55220078510766
139.689292550876
140.23973902552467
140.68426404561612
141.02320168100007
141.14321487874258
141.31837004178016
142.1023097246152
143.06872844817988
143.54836185626465
143.78204249432588
144.32828416545155
145.21004860128025
145.53759610455012
146.19672057314267
146.82034285588927
147.35298758267987
147.8621825908756
148.42701394770089
148.68215114553917
148.68215114553917
149.09231172274465
149.44123199939287
149.72622802514712
149.92321830201314
150.5646755708571
150.94408676249125
151.53316005271967
151.87627538671842
152.55968255481318
152.79573488490988
153.4380751226629
153.8024022740827
154.3666411566962
155.00419050690323
155.23828316921245
155.23828316921245
155.73351865578945
156.38262579529396
156.81644862442434
157.328566206479
157.6912456627378
157.71898229979863
158.00448657023597
158.36085846055877
158.64112614252235
159.0293395727452
159.4695648303061
159.6318332013197
160.22341072418152
160.38418192787177
160.38418192787177
160.38418192787177
160.51361151607117
161.0192924812699
161.2915739500998
161.2915739500998
161.5970291968602
162.12642203573412
162.14402521177755
162.64090200647087
162.64090200647087
162.81566813847064
163.1036728293924
163.6209991245209
163.8721211680397
164.07663804060292
164.19027364329008
164.77538695988872
165.11754760939178
165.63460586738938
165.72516074599747
166.56966554627846
166.89763381613895
167.35002637121593
167.65933038772735
168.05943836427974
168.05943836427974
168.60830677766552
169.07609911280466
169.45507896012919
169.85390875896786
169.93626603595652
170.04720437326074
170.16800360794133
171.02714709431675
171.36498912185473
171.80296238009817
171.80296238009817
172.3184789136194
172.46328001236003
172.70660624802025
172.8647938570908
173.04133495301338
173.21219742963947
173.7969768242783
173.89969600915683
174.0452668694304
174.4027274200966
174.5563862171892
174.56303734128394
175.07274655003152
175.07274655003152
175.10828923139178
175.15016007265857
175.52538469044407
175.67265654651885
175.96904880191548
176.22642022515834
176.6950746096204
176.73936080217797
177.5600948292432
177.7354967938238
178.16381688620066
178.6243440019124
178.6243440019124
179.2997833804203
180.02185397434346
180.2526010776312
180.93838264261805
181.13976858139347
181.5541387912725
181.75619415117734
181.83301793909104
182.25279634183178
182.55762352825633
182.96848275286055
183.417356000383
183.70918914033956
184.06847753198048
184.44677689431964
184.7761131745315
185.05896756844643
185.4803829251713
185.69371204307706
186.11744988894247
186.77681347231055
187.3492077910186
187.62230085139495
187.90924915322782
188.2129091723623
188.3588781073016
188.74578039003524
189.34683378357215
189.59888436531656
190.27166493106387
190.75213522127717
191.0422391827592
191.2072920622722
191.758652525842
191.758652525842
192.14340991418698
192.14340991418698
192.14340991418698
192.5087747853399
192.5087747853399
192.77359971868958
192.83828278952052
192.88639839846581
192.88639839846581
193.10225405369889
193.10225405369889
193.10225405369889
193.10225405369889
193.1030148061215
193.1030148061215
193.53510232082476
193.74473294886948
193.75116976590954
193.75116976590954
193.85018921113652
194.40580332690365
194.68347285737997
194.68347285737997
194.68347285737997
194.68347285737997
194.9760267236213
195.35585943708998
195.8060603437246
196.27613469393617
196.84325129998905
197.21305024138738
197.35780146212983
197.43289900700134
197.43289900700134
197.4500697691821
197.4500697691821
197.7628505752748
198.3959057803262
198.61508185903205
198.71718553590216
198.8339553429666
199.0160164787176
199.23979501246282
199.7122701868375
199.9527077020315
199.9527077020315
200.0856716094513
200.36668887818269
200.36668887818269
200.95828450393367
201.02990759523448
201.0462147815999
201.0462147815999
201.14397897931713
201.14397897931713
201.3651396275967
201.3651396275967
201.3651396275967
201.58286690338392
201.6245506844267
201.963871288233
202.36634134310088
202.48984771002225
202.5545526167899
202.804149895475
202.9790480912496
203.6043279539894
203.9390152248865
204.200119920603
204.56704077406437
205.2078979417122
205.2078979417122
205.31051987157133
205.38643533233744
205.9290058390016
205.9290058390016
205.9290058390016
205.9290058390016
205.9290058390016
205.9290058390016
206.07509825331618
206.60157250094917
206.60157250094917
206.77910912461445
207.01766834028425
207.6149510262617
207.6391707194558
207.6571399483622
207.76208908999735
207.76208908999735
207.9948749689162
208.04847138373572
208.198335954501
208.50476415190585
208.76882870416546
209.68560724920908
209.88445558709546
210.17491590754892
210.30789081461688
210.48149755287022
210.5456006868248
210.86799702529865
210.86799702529865
211.02925767414547
211.30911329844682
211.82506094704686
212.1479129849525
212.26600406796294
212.88205953917745
213.0572365016784
213.40423287174573
213.7002256712607
213.71081819410716
214.04972569556497
214.57806081450806
214.74525385348292
215.16449735124596
215.2941797914008
215.76562418221897
215.76562418221897
216.3534842572468
216.3534842572468
216.57270465169378
216.57270465169378
216.57270465169378
216.9960969569781
217.10507408681855
217.24296395738014
217.24296395738014
217.46549788314755
217.9433556232773
218.74444054891563
219.16583894878423
219.3440534263633
219.3440534263633
219.87924830898683
220.25565022822235
220.4944547159955
220.4944547159955
220.68513537013348
220.68513537013348
220.68513537013348
220.8821218238098
220.89712107693376
221.18790688628587
221.5978577924522
221.64085611177683
221.64085611177683
221.72232629417672
221.96553309681076
222.13810034889414
222.57126845876562
222.72899471223823
223.3527191782528
223.70156426280843
223.70156426280843
224.01562399671687
224.2429600837315
224.56544979893363
224.5893736306655
224.82388257215672
225.30843045482067
225.61922739231622
225.77814458491792
225.84461779977053
226.18235377535862
226.4755411927836
226.4755411927836
226.51323843549224
226.6711173733554
226.6711173733554
226.83277393754668
226.87193253332458
226.93419133862963
226.93419133862963
227.28371437090132
227.50976640305254
227.99684094707212
228.15345191939505
228.42254243644317
228.91800132590308
229.3290341512763
229.4941334498243
229.4941334498243
229.5565258923326
230.06342844515146
230.66273761448517
230.78025900905575
230.8432448424227
230.8432448424227
231.2721397094867
231.63083120118546
231.825196970082
231.91771852979815
232.6261970086793
232.6261970086793
233.05001836136492
233.47384364838203
233.5785193031997
233.5785193031997
233.58886870620773
233.58886870620773
233.76057606035113
233.76057606035113
234.45935050807972
234.58701118918157
234.58701118918157
235.30401123452168
235.30401123452168
235.63305061856013
235.92993059958272
236.1491074692361
236.51469405957397
236.69116469522604
236.98784801773647
237.1784927916724
237.3528702465631
237.6512309859234
238.09284956214057
238.1379801366087
238.1379801366087
238.43451139077231
238.51726475130607
238.80372649641515
239.2413157889887
239.2413157889887
239.41712110249682
239.59887076349136
239.9754335558578
240.3019388374929
240.3019388374929
240.3019388374929
240.3019388374929
240.3019388374929
240.3019388374929
240.6494043585211
240.6494043585211
240.97974426761147
241.10446920331793
241.10446920331793
241.3726895360952
241.3726895360952
241.43519449837544
241.43519449837544
241.43519449837544
241.43519449837544
241.8209212343315
241.8209212343315
241.83142860808968
241.90634741639224
242.2032643152769
242.2032643152769
242.32761065163868
242.32761065163868
242.32761065163868
242.71525772393895
242.88451475725952
242.92268137830285
243.10783277923272
243.14689919919869
243.31022276886006
243.31022276886006
243.6158479142223
244.14408239775995
244.33420319864462
244.33420319864462
244.33420319864462
244.33420319864462
244.33420319864462
244.66774945315538
245.09304780486744
245.09304780486744
245.09304780486744
245.1229314769554
245.1229314769554
245.35256358971262
245.37210740093244
245.56463311439205
245.56463311439205
246.04101524962033
246.26381954962105
246.26381954962105
246.26381954962105
246.3971474794344
246.3971474794344
246.3971474794344
246.46255750599576
246.72055605435835
246.72055605435835
246.93251995179503
246.93251995179503
246.93251995179503
247.06348794662603
247.0772854230507
247.41731973923712
247.41731973923712
247.41731973923712
247.786649142363
247.82189847316224
247.82189847316224
247.8478614928955
247.8478614928955
248.05081056891422
248.31969116453277
248.62234023516132
248.67263119213334
248.67263119213334
248.81665339086848
248.81665339086848
248.81665339086848
249.14809063269482
249.43596484775262
249.43596484775262
249.43596484775262
249.43639193325419
249.43639193325419
249.46672773126167
249.46672773126167
249.76526978140814
249.76526978140814
249.76526978140814
250.1723789643949
250.38066626424197
250.38066626424197
250.55064696259248
251.15166947132442
251.15166947132442
251.21545038980435
251.21545038980435
251.5503307829805
251.66647222127952
251.8714371464461
251.95986492716472
251.95986492716472
252.24388425262734
252.24388425262734
252.46275630832568
252.7222350752934
253.17753498080518
253.17753498080518
253.17753498080518
253.54443351994735
253.72891894589674
253.94148387468454
253.96918819081893
254.02313136077746
254.02313136077746
254.41991548112298
254.73554693678216
254.94347232697456
255.06022211369284
255.47026168320642
255.78250579137688
255.78250579137688
255.97495856811233
256.12324921350796
256.4808474613387
256.64924615508465
256.74568759767624
257.16465232175364
257.27263504360593
257.27263504360593
257.5854630059782
257.7760661243806
257.9041496747209
257.9041496747209
257.9326399962954
258.1348954237988
258.47841899201535
258.47841899201535
258.65248409031847
258.91978342372886
258.9340509427059
258.9340509427059
259.0763733465875
259.0763733465875
259.1023329875439
259.1023329875439
259.1023329875439
259.6335163057589
260.0568553969284
260.0727932448326
260.45499607632627
260.9956892125154
260.9956892125154
261.40489081724263
261.64720468854443
261.64720468854443
261.73849867248657
262.0495170636139
262.1884172684164
262.1884172684164
262.3668319110853
262.84658704191025
263.2237826895535
263.2237826895535
263.4565513692704
263.88189486517234
264.2222182638923
264.3207090138282
264.3207090138282
264.78972515489477
265.08212386613326
265.08212386613326
265.2839495639793
265.54460710800396
265.54460710800396
265.6516129517368
265.72041312477336
265.7270538053741
266.3130010228723
266.478407420829
266.6394280301041
266.9530877832101
267.17396040103137
267.22205380714405
267.22205380714405
267.70047568114074
267.70047568114074
267.93905192773366
268.03717689917215
268.1096241304357
268.55852307649513
269.0186987526704
269.27481488948615
269.57776948871856
269.59826950151756
269.59826950151756
269.6909657506291
269.90362123092467
269.90362123092467
270.1315427905847
270.52961031028855
270.74008991364275
270.8470137193455
271.1126473074443
271.3784074349319
271.628492097799
271.6319220323826
272.05972141063484
272.17668484094105
272.17668484094105
272.32742542768466
272.8161730387715
273.35441334846394
273.65026079467714
273.9630999047638
274.28580726695947
274.36140272191267
274.7208020041516
274.95713398455933
275.1571075682322
275.4230911324184
276.0821817442396
276.0821817442396
276.2588064472438
276.54752779202414
277.12704036817473
277.5545233446692
278.00501757897234
278.00501757897234
278.31856917841566
278.5597929410624
278.9478203093724
279.19758627619524
279.26053975173096
279.35421666788636
280.03248349226595
280.2092057530023
280.2092057530023
280.39797067417425
280.6795113437271
280.7134113631579
281.09447715614385
281.6310601119164
282.1312368348071
282.3930625782427
282.7268416073555
282.7268416073555
282.8088697732524
283.5096517306443
283.5096517306443
283.98094899857705
284.2189147149848
284.2589881938801
284.6386690778406
285.14423788823774
285.6147116594501
285.67751493627355
286.04273921982843
286.04273921982843
286.1308321626609
286.31308546808833
286.31308546808833
286.31308546808833
286.5166877686557
286.69705792523104
286.7302388338391
286.9078573439662
287.1861286675531
287.6851763297536
287.95194461436023
288.3037683152692
288.55915087653926
288.8196692675214
288.84071758502444
289.15642405464064
289.516565490954
289.6326033611276
289.95087773700607
290.0495299376555
290.066675339961
290.4403547836422
290.83286684201215
290.9390935852874
291.18204387828047
291.418210444103
291.6292372793572
292.2234684275159
292.46871943326386
292.8710974855767
293.3012837447534
293.4374406083578
293.6059490814226
293.9021640232188
294.00047513798677
294.00047513798677
294.00047513798677
294.1861040152781
294.34044536366775
294.45984127179474
294.55291510358563
295.1145407769969
295.1145407769969
295.43478258834125
295.43478258834125
295.44362682704593
295.7486661404106
295.9996300301123
296.4882830140886
296.73784882161385
297.2466194494839
297.6142734802422
297.78180739723854
297.8938305786129
297.8938305786129
298.16454658433037
298.6462168845343
298.9120172497628
298.96056453949024
299.2468368686733
299.4062588579476
299.6973289607082
299.6973289607082
300.18902175755284
300.2900865572362
300.4939872495127
300.8356695403297
300.8356695403297
301.3660403129381
301.8550789446212
